0.9964908	0.0035092065
0.9952192	0.004780864
0.06120254	0.9387975
0.9970797	0.0029203168
0.9975491	0.0024508573
0.9958674	0.004132598
0.9889318	0.011068245
0.8938552	0.10614474
0.8655009	0.13449913
0.001784918	0.9982151
0.9981194	0.0018805696
0.00678781	0.9932122
0.006405675	0.99359435
0.99519557	0.0048043802
0.99070436	0.00929562
0.99565816	0.0043418524
0.175066	0.824934
0.9962985	0.0037015334
0.05958126	0.9404188
0.9985135	0.0014865277
0.0019715736	0.99802846
0.011684536	0.98831546
0.002031108	0.99796885
0.9974099	0.0025900698
0.9729138	0.027086161
0.1426754	0.85732466
0.0042776177	0.9957224
0.0061379788	0.99386203
0.99795	0.0020499688
0.0026703023	0.9973297
0.9963521	0.0036479414
0.011129232	0.9888708
0.03250286	0.96749717
0.997182	0.0028179956
0.99706155	0.0029384268
0.9974896	0.002510422
0.0056298086	0.99437016
0.9850686	0.01493141
0.017162804	0.9828372
0.9973943	0.0026056375
0.028960884	0.9710391
0.99835604	0.0016439016
0.9980836	0.0019164134
0.0023308408	0.99766916
0.9979899	0.0020101673
0.004551123	0.9954489
0.8187682	0.18123178
0.9819405	0.018059451
0.0029321231	0.99706787
0.9945058	0.00549422
0.11295705	0.88704294
0.9976821	0.0023178337
0.99250925	0.007490709
0.026949571	0.97305036
0.03674912	0.9632509
0.002426803	0.9975732
0.0019338147	0.99806625
0.99656504	0.0034349568
0.0020458214	0.99795413
0.0033738087	0.99662626
0.008513295	0.99148667
0.025396695	0.97460324
0.997398	0.002601997
0.99671376	0.0032863112
0.93514323	0.06485673
0.9974553	0.0025447323
0.9967624	0.0032376312
0.9972869	0.0027131126
0.026733153	0.9732668
0.0027956471	0.99720436
0.9172455	0.08275447
0.9980299	0.0019700748
0.0029897687	0.99701023
0.09449184	0.9055082
0.9956892	0.0043107956
0.006049314	0.9939507
0.99749005	0.0025099684
0.95947176	0.04052821
0.9695841	0.03041586
0.0022602496	0.9977398
0.99785334	0.0021466848
0.07082954	0.9291705
0.9972761	0.0027239216
0.76593554	0.23406443
0.9970132	0.0029867725
0.009898138	0.9901018
0.0023090788	0.9976909
0.19463265	0.80536735
0.9968887	0.0031112717
0.16100974	0.8389903
0.9848259	0.01517415
0.0020045463	0.9979955
0.06256823	0.93743175
0.0020637058	0.99793637
0.99656713	0.0034328552
0.0125170695	0.9874829
0.0019151333	0.9980849
0.038872063	0.9611279
0.040599685	0.95940036
0.9940176	0.005982451
0.0018467553	0.99815327
0.62057513	0.37942487
0.880035	0.11996495
0.9974388	0.00256119
0.22740754	0.7725924
0.9963038	0.00369617
0.1279909	0.8720091
0.019536939	0.9804631
0.012635509	0.9873645
0.0109250005	0.989075
0.047867626	0.95213234
0.9938355	0.0061644064
0.024769993	0.97523004
0.06316023	0.9368398
0.003347619	0.9966524
0.072270356	0.9277296
0.0019544687	0.99804556
0.99755174	0.0024482685
0.006473213	0.9935268
0.023460198	0.97653985
0.0022523168	0.9977477
0.016782373	0.9832176
0.98595154	0.014048447
0.0077916984	0.9922083
0.0067544137	0.99324566
0.68716574	0.31283426
0.012532582	0.98746747
0.06088305	0.939117
0.31719407	0.6828059
0.99808323	0.0019167691
0.004225113	0.9957749
0.99829704	0.0017029787
0.9930401	0.0069598556
0.9725823	0.02741766
0.99737704	0.0026230272
0.8759141	0.124085896
0.001916999	0.998083
0.030225543	0.9697744
0.003913496	0.9960865
0.0018389279	0.99816114
0.014529639	0.9854704
0.0081860935	0.9918139
0.99596584	0.0040341476
0.99801564	0.001984348
0.0028095038	0.99719054
0.021125302	0.97887474
0.99343646	0.006563627
0.032450758	0.9675492
0.3663721	0.63362783
0.0030141454	0.99698585
0.9956728	0.004327148
0.0059422585	0.9940578
0.9456621	0.054337878
0.009497926	0.9905021
0.9715077	0.028492235
0.01063878	0.9893612
0.9952739	0.0047261096
0.0028228436	0.9971771
0.996509	0.0034909935
0.10662131	0.8933787
0.9921829	0.007817109
0.9967193	0.0032806653
0.9939314	0.0060685994
0.0077475705	0.9922524
0.9967243	0.0032757386
0.9980913	0.0019086783
0.002026329	0.9979736
0.98948485	0.010515155
0.9941017	0.005898289
0.026309187	0.9736908
0.018631766	0.98136824
0.0030350233	0.996965
0.97704303	0.022956926
0.03537968	0.9646203
0.005391705	0.9946083
0.0018744183	0.9981256
0.001961941	0.9980381
0.088620506	0.9113795
0.09042255	0.9095774
0.0018704819	0.99812955
0.0019916138	0.99800843
0.008591852	0.99140817
0.03518097	0.96481895
0.9983627	0.0016372247
0.974912	0.02508798
0.0024473302	0.9975527
0.37764582	0.62235415
0.9933867	0.00661328
0.99579704	0.004202952
0.0020351696	0.99796486
0.0019264485	0.9980736
0.9976169	0.002383186
0.90078616	0.09921388
0.0021360246	0.99786395
0.12174674	0.8782533
0.2439086	0.7560914
0.0022398033	0.9977602
0.010723982	0.98927605
0.99424887	0.005751179
0.9788426	0.021157341
0.0041431244	0.9958568
0.9919591	0.0080409
0.94844013	0.051559847
0.0019407895	0.9980592
0.0018996972	0.99810034
0.002058716	0.9979413
0.9867841	0.013215879
0.9857509	0.014249146
0.029219747	0.9707802
0.9980944	0.0019056012
0.004789629	0.99521035
0.9942312	0.005768759
0.013827664	0.9861724
0.9982749	0.0017251347
0.0047505805	0.9952494
0.9973252	0.002674795
0.997776	0.002223975
0.9323674	0.06763267
0.9980438	0.0019561788
0.057147313	0.94285274
0.0031380875	0.99686193
0.0024702651	0.9975298
0.43103012	0.5689699
0.994724	0.0052759806
0.054911077	0.94508886
0.044506803	0.95549315
0.9937356	0.0062643876
0.004345479	0.99565446
0.99711514	0.0028848834
0.01387054	0.98612946
0.005799779	0.9942002
0.05169799	0.948302
0.9942139	0.0057861716
0.014780776	0.98521924
0.9966537	0.003346318
0.9944371	0.0055629355
0.99669766	0.0033023546
0.018038005	0.981962
0.9969432	0.0030568298
0.98158145	0.0184185
0.8782762	0.12172377
0.98425496	0.015745014
0.95321864	0.04678139
0.9687271	0.03127285
0.0040078983	0.9959921
0.09623315	0.9037669
0.13705444	0.8629456
0.99768734	0.0023126868
0.021372965	0.978627
0.0039995653	0.99600035
0.0069236583	0.9930763
0.0043035867	0.9956964
0.38294825	0.6170517
0.01247329	0.9875267
0.9984351	0.0015649311
0.99669194	0.003308071
0.11407074	0.8859292
0.99763024	0.0023697896
0.99546695	0.004533054
0.9905346	0.009465399
0.9961655	0.0038345668
0.036359657	0.9636404
0.99721247	0.0027875751
0.35076025	0.6492398
0.99747723	0.002522734
0.993236	0.006764018
0.0063447626	0.9936552
0.0040613064	0.99593866
0.98845196	0.011548086
0.99109215	0.008907839
0.0050515523	0.9949484
0.011420055	0.9885799
0.002473001	0.99752706
0.026304416	0.97369564
0.9979213	0.0020787865
0.99761426	0.0023857972
0.0063152174	0.9936847
0.9892624	0.010737603
0.99783355	0.0021664372
0.99735	0.0026499776
0.044553142	0.9554468
0.003079229	0.9969208
0.9979322	0.0020678402
0.14886805	0.8511319
0.03990416	0.9600958
0.99696666	0.003033298
0.9828324	0.017167564
0.99687624	0.0031238033
0.20861088	0.79138917
0.0067425077	0.9932575
0.024855915	0.9751441
0.040156096	0.95984393
0.79782915	0.20217082
0.84143543	0.15856463
0.9975446	0.0024554387
0.002681646	0.9973183
0.9983789	0.001621106
0.998288	0.0017119623
0.038986966	0.9610131
0.0838861	0.9161139
0.9830882	0.016911812
0.022665529	0.97733444
0.026854401	0.97314554
0.9964133	0.0035867589
0.0019156458	0.9980844
0.026662542	0.9733375
0.99802125	0.0019787173
0.008145092	0.9918549
0.0018925626	0.99810743
0.9958106	0.004189445
0.9951066	0.0048933937
0.027129535	0.9728705
0.003267027	0.99673295
0.99764365	0.002356327
0.058600873	0.9413991
0.9972036	0.0027964104
0.98641694	0.013583089
0.029290883	0.9707091
0.9832312	0.016768863
0.0040011345	0.99599886
0.40288904	0.597111
0.9960074	0.0039927033
0.9887999	0.011200073
0.00410626	0.9958937
0.9694232	0.030576762
0.992531	0.0074689602
0.989319	0.010681028
0.027130201	0.9728698
0.0020157672	0.9979842
0.54317397	0.45682603
0.0031999226	0.99680007
0.97466904	0.025330907
0.055100195	0.9448998
0.01881803	0.9811819
0.12413182	0.87586814
0.024504684	0.9754953
0.030729711	0.9692703
0.0021704303	0.9978296
0.99584526	0.0041547697
0.87226677	0.12773323
0.9885959	0.011404057
0.9967691	0.0032309224
0.9859569	0.014043079
0.008178274	0.9918217
0.002307183	0.9976928
0.003791182	0.9962088
0.058197346	0.9418027
0.0019359529	0.9980641
0.99402267	0.005977292
0.9804898	0.01951014
0.15561675	0.84438324
0.002109973	0.99789006
0.0018723665	0.99812764
0.03395285	0.96604717
0.005784465	0.99421555
0.0019854656	0.99801457
0.9978186	0.0021814394
0.96148163	0.038518354
0.003242272	0.9967577
0.9981869	0.0018131128
0.9614834	0.038516592
0.0062348684	0.9937651
0.99279046	0.007209576
0.94980484	0.050195124
0.997717	0.002283005
0.9969988	0.0030012669
0.001863534	0.9981364
0.0030679682	0.996932
0.032315034	0.9676849
0.003025951	0.996974
0.9691246	0.030875336
0.99780816	0.0021918223
0.9973737	0.00262625
0.9961815	0.0038185876
0.9975304	0.0024696046
0.99661237	0.0033876738
0.04783205	0.9521679
0.31170794	0.6882921
0.022992512	0.9770075
0.0024206592	0.9975794
0.0070027434	0.9929972
0.005586785	0.9944132
0.016767541	0.98323244
0.9978119	0.0021880777
0.0017915793	0.9982084
0.9946896	0.005310483
0.997874	0.0021259836
0.008395431	0.9916046
0.0019318775	0.99806815
0.0018318528	0.9981681
0.012322722	0.9876773
0.009661443	0.9903385
0.99778324	0.0022168127
0.99402505	0.005975021
0.10583239	0.89416754
0.010108081	0.9898919
0.0077786585	0.9922213
0.9843918	0.015608245
0.8076289	0.19237109
0.024920605	0.9750794
0.99684817	0.0031518016
0.0018283641	0.99817157
0.019091954	0.98090804
0.99265224	0.0073477915
0.5984969	0.4015031
0.124055564	0.87594444
0.016688045	0.983312
0.029684613	0.97031534
0.14045094	0.85954905
0.031931046	0.96806896
0.99741286	0.0025871915
0.0026341684	0.9973659
0.0019047689	0.9980952
0.00850075	0.99149925
0.99640036	0.0035996726
0.97256404	0.027435986
0.02257638	0.9774236
0.126759	0.873241
0.9916046	0.008395438
0.019983817	0.9800162
0.05165334	0.9483467
0.99399066	0.0060093575
0.0045054858	0.9954945
0.0048203343	0.99517965
0.014056951	0.9859431
0.3862709	0.6137291
0.050419033	0.94958097
0.9857451	0.014254852
0.94178605	0.05821391
0.002916845	0.9970831
0.13623466	0.8637654
0.012036653	0.9879633
0.9736756	0.026324376
0.994125	0.0058750003
0.022623137	0.9773769
0.9982247	0.0017752791
0.9977817	0.0022183235
0.040303845	0.9596961
0.9958482	0.004151748
0.99720436	0.0027956525
0.015096246	0.9849037
0.9822124	0.01778751
0.019764714	0.98023534
0.0030145352	0.9969855
0.0344631	0.96553695
0.9405223	0.059477635
0.99644864	0.003551392
0.99816304	0.0018369998
0.99757	0.002429997
0.997299	0.0027010257
0.015245572	0.98475444
0.032674972	0.96732503
0.99631894	0.0036810753
0.03655782	0.96344215
0.9716518	0.028348256
0.0019666953	0.99803334
0.12241424	0.87758577
0.99739397	0.0026059723
0.9585286	0.04147145
0.9901023	0.0098977
0.99664414	0.0033558572
0.010276625	0.9897233
0.061243184	0.9387568
0.9977155	0.0022845892
0.0091141835	0.99088573
0.95050675	0.049493216
0.02818916	0.9718108
0.0029787235	0.99702126
0.016745478	0.9832545
0.99662566	0.0033743987
0.0020090002	0.99799097
0.00219785	0.9978021
0.99762064	0.002379389
0.9885473	0.0114527205
0.05220648	0.94779354
0.99696034	0.0030396555
0.0058754254	0.9941246
0.007082203	0.9929178
0.025758877	0.97424114
0.002686563	0.99731344
0.025168836	0.9748311
0.97866964	0.02133039
0.9971859	0.0028141353
0.004537682	0.99546236
0.0020699934	0.99793005
0.0073167393	0.99268323
0.006195276	0.9938047
0.005501523	0.99449855
0.9145431	0.08545686
0.9969836	0.0030164076
0.9697733	0.030226732
0.005217328	0.9947826
0.9983273	0.0016726594
0.0032960624	0.9967039
0.99412256	0.005877428
0.0023729377	0.9976271
0.004433336	0.99556667
0.99753845	0.0024615407
0.025379635	0.97462034
0.004007013	0.995993
0.058867056	0.94113296
0.006394207	0.99360573
0.05525429	0.9447457
0.024431324	0.9755687
0.9937649	0.0062351404
0.9605422	0.03945777
0.9981833	0.0018167003
0.0038786281	0.99612135
0.98003584	0.01996416
0.9975841	0.002415837
0.9327574	0.067242615
0.9979481	0.002051915
0.98657274	0.013427244
0.020817965	0.979182
0.006269204	0.9937308
0.9945931	0.0054069567
0.005551965	0.99444807
0.93966275	0.06033726
0.9974015	0.0025985788
0.99837756	0.0016223744
0.9979547	0.0020452274
0.01888348	0.98111653
0.001828063	0.9981719
0.01875795	0.98124206
0.9919409	0.008059094
0.94734144	0.052658606
0.008498412	0.99150157
0.0017622329	0.9982377
0.9966174	0.003382635
0.995732	0.00426805
0.0056137354	0.9943863
0.9901128	0.009887163
0.9959313	0.004068659
0.03400871	0.96599126
0.98171186	0.018288188
0.037776127	0.9622239
0.9966407	0.0033592733
0.99703985	0.002960089
0.058472835	0.9415272
0.0017790197	0.998221
0.9688279	0.031172117
0.0030800104	0.99692
0.0028520704	0.997148
0.03578095	0.96421903
0.99764544	0.0023545746
0.99705565	0.0029443072
0.9931767	0.006823282
0.10912441	0.8908756
0.99503833	0.004961671
0.07468021	0.9253198
0.002795142	0.99720484
0.020710686	0.9792893
0.0020778014	0.99792224
0.9371465	0.06285358
0.054945532	0.9450545
0.99726295	0.002737101
0.99050224	0.009497795
0.99763286	0.0023671754
0.99461126	0.0053887498
0.033397965	0.96660197
0.9872705	0.01272955
0.9973847	0.002615323
0.9677242	0.03227581
0.9844444	0.015555596
0.9856668	0.014333156
0.997431	0.002569064
0.99704033	0.00295963
0.009636455	0.99036354
0.002423303	0.99757665
0.124723755	0.8752762
0.99831283	0.0016872286
0.052177228	0.9478228
0.99713093	0.0028690405
0.99706984	0.0029301108
0.0020005498	0.9979995
0.23641214	0.76358783
0.9983852	0.0016148145
0.99461836	0.005381654
0.99172133	0.00827867
0.009106361	0.9908936
0.0092789745	0.990721
0.022453977	0.97754604
0.08734233	0.9126577
0.004163246	0.99583673
0.99578273	0.004217234
0.07284097	0.9271591
0.99738926	0.0026107284
0.99478453	0.0052155224
0.024710806	0.9752892
0.015910095	0.9840899
0.07365186	0.92634815
0.0024195795	0.9975804
0.95070183	0.049298152
0.0018299207	0.99817
0.005176895	0.9948231
0.010744479	0.98925555
0.99731666	0.0026833068
0.9971789	0.0028210832
0.0018037878	0.9981962
0.997045	0.0029550213
0.0020250431	0.99797493
0.9905021	0.009497898
0.0020089308	0.9979911
0.8943048	0.105695136
0.9978003	0.0021997248
0.01854679	0.9814532
0.003686399	0.99631363
0.0034149315	0.996585
0.0049029947	0.995097
0.92844033	0.07155963
0.9919843	0.008015754
0.06437842	0.93562156
0.9931977	0.0068023787
0.0057067946	0.9942932
0.99707544	0.002924538
0.99725753	0.002742471
0.9982414	0.0017586296
0.035245713	0.9647543
0.026847944	0.9731521
0.988891	0.01110902
0.0066741705	0.9933258
0.99323297	0.006767039
0.8546341	0.14536594
0.0019136983	0.99808633
0.014322522	0.9856775
0.009260966	0.990739
0.008259942	0.99174
0.062783174	0.9372168
0.0065604965	0.9934395
0.0029695919	0.9970304
0.994941	0.005058973
0.12797093	0.8720291
0.049877133	0.95012283
0.9980884	0.0019115873
0.997519	0.0024810242
0.9954833	0.0045167767
0.9946291	0.0053709913
0.09776241	0.9022376
0.997806	0.002194046
0.99821657	0.0017834523
0.9248224	0.075177625
0.78388083	0.21611921
0.0019762309	0.99802375
0.98920864	0.010791397
0.0043438543	0.99565613
0.0039911633	0.9960089
0.0028394784	0.99716055
0.30996045	0.6900396
0.99256295	0.0074370727
0.99484986	0.0051501305
0.23595375	0.76404625
0.085103996	0.91489595
0.9941695	0.0058306
0.010690035	0.9893099
0.9358307	0.06416924
0.9962502	0.0037497482
0.99751735	0.002482657
0.0021306511	0.9978694
0.99798214	0.0020178284
0.0019327888	0.9980672
0.0021100855	0.99788994
0.8928683	0.10713175
0.0100020915	0.9899979
0.995672	0.004328003
0.9933114	0.0066885976
0.99467456	0.0053254548
0.025333336	0.97466666
0.9943926	0.00560751
0.9870363	0.012963758
0.050045207	0.9499548
0.0033773459	0.9966227
0.0032905042	0.99670947
0.99627656	0.003723417
0.0042657466	0.9957343
0.008560835	0.9914391
0.99627125	0.0037287448
0.6901391	0.30986083
0.0020452705	0.9979547
0.0020543917	0.9979456
0.58737993	0.4126201
0.17542723	0.82457274
0.99781704	0.0021829347
0.9944431	0.005556832
0.0020353012	0.99796474
0.99594903	0.004050999
0.9938736	0.006126447
0.9965282	0.003471764
0.9977192	0.0022806893
0.9875165	0.01248352
0.028612385	0.9713876
0.0024828906	0.9975171
0.9921295	0.00787044
0.97975016	0.020249806
0.99505854	0.0049414323
0.01124587	0.98875415
0.0057518412	0.99424815
0.10882916	0.89117086
0.99732757	0.0026724162
0.997081	0.0029189524
0.010131224	0.98986876
0.99678075	0.003219245
0.99730885	0.0026911278
0.48485395	0.515146
0.99750924	0.0024907188
0.9918411	0.008158887
0.2602176	0.7397824
0.071547	0.92845297
0.99688786	0.0031121785
0.0020907887	0.9979091
0.9912651	0.008734846
0.013298923	0.9867011
0.05837335	0.9416266
0.9955161	0.004483896
0.0231121	0.97688794
0.99848145	0.0015185709
0.0030146067	0.9969854
0.99825925	0.0017407517
0.9445954	0.055404607
0.0046075466	0.99539244
0.9961002	0.0038997594
0.001880549	0.9981194
0.008129283	0.99187076
0.012285762	0.9877143
0.986503	0.013497019
0.99831843	0.0016815362
0.009936302	0.9900637
0.05342462	0.9465754
0.9781688	0.021831194
0.0044521233	0.9955479
0.012953926	0.987046
0.8681567	0.13184333
0.0016781465	0.99832183
0.9971945	0.0028054053
0.012814813	0.9871852
0.95578223	0.04421777
0.99615544	0.0038446218
0.0056860526	0.99431396
0.9969338	0.0030661647
0.019811245	0.9801887
0.99714214	0.0028578667
0.0050707282	0.9949293
0.9681227	0.031877246
0.00196959	0.99803036
0.99319965	0.0068003456
0.9898136	0.0101863565
0.9982497	0.0017502516
0.9977919	0.002208104
0.9955571	0.0044428715
0.0038592129	0.9961408
0.014528	0.985472
0.9721852	0.027814817
0.9970336	0.0029663974
0.0020854305	0.9979146
0.9922247	0.0077752364
0.009281464	0.99071854
0.009346627	0.99065334
0.102248065	0.897752
0.9983376	0.0016624049
0.0040343474	0.9959656
0.99421823	0.0057817833
0.0052908817	0.99470913
0.99621105	0.0037889222
0.09699676	0.9030033
0.024949025	0.9750509
0.98702514	0.012974855
0.9953923	0.00460772
0.0018582792	0.99814177
0.9908414	0.009158586
0.007179784	0.9928202
0.99837023	0.0016297913
0.57816327	0.42183676
0.2134149	0.78658515
0.004011031	0.995989
0.001886119	0.9981139
0.9978452	0.0021548306
0.9979838	0.0020161371
0.003022616	0.99697745
0.9145031	0.08549686
0.9979075	0.0020925
0.9950375	0.0049624806
0.011608212	0.9883918
0.0025958957	0.99740404
0.0075734807	0.9924265
0.20651402	0.79348594
0.07063938	0.9293606
0.994311	0.005689035
0.9983005	0.001699583
0.5342802	0.4657198
0.047681324	0.9523187
0.0021708203	0.99782914
0.07302246	0.9269775
0.0022027576	0.99779725
0.98743546	0.01256457
0.0020910327	0.99790895
0.023013724	0.9769862
0.9972314	0.0027686013
0.029435538	0.9705645
0.0611846	0.9388155
0.11411861	0.88588136
0.009765304	0.99023473
0.0375259	0.96247417
0.0024187968	0.9975811
0.033450704	0.96654934
0.08143596	0.9185641
0.002123564	0.9978764
0.0062970477	0.99370295
0.91805124	0.08194876
0.0055237086	0.99447626
0.0022271539	0.9977729
0.023044413	0.97695565
0.0019483893	0.99805164
0.9977615	0.0022385337
0.06840571	0.9315943
0.9955924	0.0044075074
0.05773633	0.94226366
0.98482543	0.015174576
0.0040345695	0.99596536
0.004959844	0.9950401
0.9972493	0.0027506733
0.00346076	0.99653924
0.99150765	0.008492298
0.0047452403	0.99525476
0.19364277	0.80635726
0.03278679	0.96721315
0.00622574	0.9937743
0.9923436	0.007656333
0.9979557	0.002044338
0.0030257055	0.99697435
0.994997	0.005002944
0.012676582	0.98732346
0.9972161	0.0027838699
0.7972648	0.20273517
0.99723697	0.002763009
0.9961331	0.0038668956
0.9810425	0.018957533
0.9963148	0.003685173
0.028342072	0.971658
0.008955679	0.9910443
0.0089834	0.9910166
0.9326687	0.06733129
0.002395454	0.99760455
0.014348692	0.98565125
0.11166254	0.8883375
0.9950676	0.0049323863
0.002955392	0.9970446
0.0031818585	0.99681807
0.9978842	0.0021157316
0.0101964865	0.98980355
0.0024709585	0.9975291
0.0056239176	0.99437606
0.9977024	0.0022975432
0.99830663	0.0016933
0.9983133	0.0016866566
0.9979487	0.002051292
0.0077134883	0.99228656
0.0024324015	0.99756765
0.9840008	0.015999136
0.9984091	0.0015909639
0.9966762	0.0033237638
0.2144549	0.78554505
0.9409764	0.05902363
0.0025995143	0.9974005
0.9974987	0.0025013494
0.012167122	0.9878329
0.02912624	0.97087383
0.98989165	0.010108402
0.0032505607	0.9967494
0.9979582	0.0020418337
0.8400788	0.15992127
0.008450869	0.99154913
0.99123126	0.008768758
0.04118229	0.9588177
0.7727046	0.22729538
0.99644536	0.003554633
0.99835086	0.0016492083
0.98517555	0.014824453
0.27147004	0.72853
0.99539596	0.004604045
0.9971942	0.0028058526
0.9980586	0.0019414161
0.002497464	0.9975025
0.023903724	0.97609633
0.016305875	0.98369414
0.011329195	0.9886708
0.9979382	0.0020617347
0.9962644	0.0037356315
0.9984011	0.0015989048
0.055120774	0.9448792
0.016080655	0.9839193
0.97432023	0.025679717
0.99103326	0.008966783
0.9969649	0.0030351086
0.98627234	0.013727723
0.9969253	0.0030746446
0.9916903	0.008309725
0.0032203959	0.9967796
0.03776738	0.9622326
0.99740726	0.0025927098
0.98089486	0.019105108
0.97594494	0.024055041
0.8998312	0.10016883
0.025962977	0.9740371
0.00172159	0.9982784
0.0020610972	0.99793893
0.9913896	0.008610483
0.98764384	0.012356207
0.9966372	0.0033626994
0.0023480083	0.997652
0.9976374	0.0023625582
0.0022337884	0.99776626
0.030603053	0.969397
0.0019142804	0.99808574
0.99478984	0.0052101216
0.010952911	0.9890471
0.0023072616	0.9976928
0.99231553	0.007684432
0.9967698	0.0032302593
0.006485565	0.9935144
0.06796019	0.9320398
0.99395293	0.0060471157
0.34218442	0.6578156
0.9873756	0.012624373
0.020182244	0.97981775
0.8205341	0.17946595
0.054432366	0.9455676
0.99041665	0.009583393
0.0021936293	0.9978064
0.012985173	0.9870148
0.010048336	0.98995167
0.06063323	0.93936676
0.9957141	0.0042858063
0.008193279	0.99180675
0.029774113	0.9702259
0.01644365	0.9835564
0.0019480333	0.998052
0.9976	0.0024000085
0.9956293	0.004370664
0.0018366309	0.9981634
0.0031397615	0.99686027
0.011660499	0.98833954
0.99642545	0.0035745848
0.0018784758	0.99812156
0.060102277	0.9398977
0.019822842	0.98017716
0.0019292939	0.9980708
0.0022848307	0.99771523
0.059989937	0.94001
0.9826989	0.017301053
0.008521498	0.9914785
0.18721652	0.8127835
0.9780578	0.021942237
0.989456	0.0105440505
0.005905639	0.99409443
0.024232347	0.9757676
0.99703455	0.0029654568
0.01845082	0.9815492
0.9914727	0.008527269
0.9981153	0.0018847586
0.007931609	0.9920684
0.008280565	0.9917195
0.045874305	0.95412564
0.005765915	0.994234
0.99427646	0.005723578
0.94244057	0.057559434
0.99801266	0.0019873034
0.99744844	0.0025516283
0.002295814	0.9977042
0.018013205	0.98198676
0.0030832584	0.9969168
0.0022106636	0.9977894
0.92300516	0.07699485
0.07916801	0.920832
0.02143227	0.97856766
0.0021840048	0.99781597
0.9834911	0.016508857
0.9955571	0.004442933
0.034450423	0.9655496
0.99825937	0.001740594
0.0029536781	0.9970463
0.066867486	0.9331326
0.9974899	0.0025100398
0.003866466	0.99613357
0.9974842	0.0025157076
0.004338248	0.9956618
0.995693	0.004306943
0.037952095	0.9620479
0.99737275	0.0026272046
0.0042556175	0.9957444
0.0071265213	0.99287343
0.0029444667	0.99705553
0.14225613	0.85774386
0.006311134	0.9936888
0.02152244	0.9784775
0.0029056254	0.9970944
0.0018038548	0.9981962
0.0041337167	0.9958663
0.12096174	0.8790383
0.002575428	0.9974246
0.99798703	0.0020129161
0.002160438	0.99783957
0.054626655	0.94537336
0.99729246	0.0027074723
0.039793707	0.9602063
0.9984224	0.0015776769
0.99823016	0.0017698826
0.0034576436	0.9965424
0.13357134	0.8664287
0.9982703	0.0017297625
0.9969862	0.0030138516
0.04791449	0.9520855
0.6120088	0.38799113
0.9966936	0.0033063416
0.9944149	0.005585098
0.9530604	0.04693965
0.043468345	0.9565317
0.011036681	0.98896325
0.9977362	0.0022638072
0.9980903	0.0019096751
0.9386819	0.06131813
0.01691201	0.98308796
0.0021062314	0.99789375
0.92312807	0.07687191
0.7435122	0.25648782
0.99426705	0.005733002
0.0025538318	0.9974462
0.9923603	0.007639693
0.0102593545	0.9897406
0.0028356803	0.9971643
0.008312916	0.9916871
0.95631915	0.04368088
0.007015634	0.9929844
0.9885217	0.011478315
0.9980469	0.0019530907
0.0018680096	0.99813205
0.98299813	0.017001903
0.9949503	0.0050497656
0.0043088906	0.9956911
0.0023373498	0.99766266
0.09554159	0.90445834
0.0034644208	0.99653554
0.0022538453	0.99774617
0.9916992	0.00830083
0.0114766015	0.9885234
0.027499175	0.9725008
0.99612373	0.003876282
0.0020636634	0.99793637
0.9945728	0.005427242
0.0051066573	0.9948933
0.036141567	0.96385837
0.0028420852	0.99715793
0.95146495	0.048534982
0.08114868	0.9188513
0.015649898	0.9843501
0.0029480527	0.99705195
0.9979417	0.002058297
0.07984095	0.92015904
0.004486187	0.99551386
0.995093	0.0049070637
0.045668166	0.9543318
0.0017464093	0.9982535
0.8004008	0.1995992
0.028589446	0.9714106
0.0047192383	0.9952807
0.96140385	0.0385962
0.9984059	0.0015941504
0.0028415567	0.9971584
0.9941163	0.0058836895
0.002779238	0.99722075
0.058043435	0.9419565
0.002360459	0.99763954
0.00203994	0.9979601
0.002075738	0.9979242
0.03641875	0.96358126
0.0063060233	0.993694
0.0049786684	0.99502134
0.9672938	0.032706235
0.99393386	0.0060661696
0.0055413856	0.99445856
0.99711144	0.0028885012
0.18400225	0.8159978
0.9707526	0.029247407
0.997726	0.0022739763
0.99518883	0.0048112073
0.84235656	0.15764338
0.9938778	0.0061221747
0.9663166	0.033683393
0.0026461263	0.9973539
0.0019795443	0.9980204
0.0029670321	0.997033
0.001976737	0.9980233
0.007939948	0.99206007
0.0022843427	0.9977157
0.014222646	0.9857773
0.99694425	0.0030557227
0.15131213	0.8486878
0.99598664	0.004013384
0.0025865566	0.99741346
0.9972921	0.0027078188
0.0024985762	0.99750143
0.99572974	0.004270243
0.022866959	0.97713304
0.006108148	0.99389184
0.9880788	0.011921233
0.9894571	0.010542976
0.5034193	0.49658072
0.15224965	0.8477503
0.025888627	0.9741114
0.9925478	0.0074521736
0.0021687802	0.99783117
0.918204	0.08179595
0.0018719495	0.998128
0.16872582	0.83127415
0.031883474	0.9681166
0.9970394	0.0029606435
0.011395244	0.9886048
0.0112274075	0.9887726
0.9936254	0.006374564
0.008317753	0.9916822
0.0020118896	0.9979881
0.015681716	0.98431826
0.99692386	0.0030760877
0.9888421	0.011157846
0.07289998	0.92710006
0.030407928	0.96959203
0.99396086	0.006039202
0.0024260515	0.9975739
0.8849976	0.115002416
0.04883649	0.95116353
0.99712	0.0028799782
0.0033917848	0.99660826
0.001865125	0.99813485
0.0046515237	0.9953485
0.011055282	0.9889447
0.9973187	0.002681345
0.0023765978	0.9976234
0.99653023	0.0034697338
0.003604704	0.9963953
0.99844104	0.001558936
0.0020538764	0.9979461
0.99806625	0.001933705
0.0044771237	0.99552286
0.010384638	0.9896153
0.64681196	0.35318798
0.002146982	0.99785304
0.13669212	0.8633079
0.0020475648	0.99795246
0.9958402	0.004159887
0.9211614	0.07883861
0.9978199	0.002180151
0.99839705	0.0016029915
0.26121008	0.7387899
0.99634844	0.0036515307
0.8154422	0.18455783
0.003323887	0.9966761
0.0127926925	0.98720723
0.99614197	0.003858005
0.0050086756	0.99499136
0.014091171	0.9859088
0.9980161	0.0019838864
0.9983121	0.0016878519
0.0035143944	0.9964856
0.002181944	0.9978181
0.9753219	0.02467812
0.9955629	0.0044370918
0.9984003	0.0015997636
0.9977204	0.0022795517
0.98169935	0.018300718
0.9950087	0.0049912655
0.8799533	0.12004669
0.99830604	0.0016939177
0.0025174047	0.9974826
0.9881319	0.011868159
0.9959629	0.004037065
0.62652004	0.37348
0.016791377	0.9832086
0.31122226	0.6887778
0.030947056	0.969053
0.70640635	0.29359365
0.9965313	0.003468705
0.995139	0.004860996
0.010188857	0.9898112
0.9963425	0.0036575051
0.99727684	0.0027231674
0.99761933	0.0023806454
0.00875011	0.9912499
0.99813086	0.0018691826
0.9976451	0.0023549015
0.9984127	0.0015872902
0.0019236031	0.99807644
0.0025749502	0.9974251
0.9974802	0.00251979
0.116261244	0.88373876
0.0041238433	0.99587613
0.99402654	0.0059734117
0.065906584	0.9340934
0.010223838	0.98977613
0.0054416955	0.99455833
0.032718875	0.9672811
0.15125893	0.84874105
0.9968778	0.0031222147
0.979552	0.020448038
0.9954953	0.0045046923
0.008392937	0.99160707
0.9976802	0.002319741
0.9928302	0.007169784
0.9939242	0.006075759
0.019656116	0.98034394
0.0022008165	0.9977991
0.11782943	0.8821706
0.0028447662	0.9971552
0.997156	0.0028439658
0.010885787	0.98911417
0.99536973	0.0046302215
0.0115944985	0.98840547
0.9926112	0.0073887594
0.97468376	0.025316186
0.98012275	0.019877268
0.9729652	0.027034827
0.99561054	0.004389537
0.012159729	0.98784024
0.0019198769	0.99808013
0.99658966	0.0034102965
0.002390623	0.9976094
0.9937989	0.006201137
0.08633197	0.91366804
0.9966537	0.0033462925
0.006371623	0.9936283
0.0024670826	0.99753284
0.029750496	0.9702495
0.99782854	0.0021713844
0.0035352428	0.9964647
0.0038038003	0.99619627
0.012077468	0.9879225
0.99655163	0.0034483348
0.31281647	0.6871835
0.99823785	0.0017621642
0.9956138	0.004386154
0.014024104	0.9859759
0.001819213	0.99818087
0.22379963	0.7762004
0.0037549566	0.99624497
0.07087813	0.92912185
0.9982729	0.0017271051
0.9081924	0.09180766
0.076440886	0.9235591
0.1492408	0.85075915
0.06315656	0.93684345
0.0025220588	0.99747795
0.9962238	0.0037762371
0.99388415	0.0061157946
0.07689321	0.92310673
0.006011705	0.9939883
0.98724616	0.0127538545
0.9984611	0.0015388296
0.0042025214	0.9957975
0.9897921	0.01020783
0.009608608	0.9903914
0.01010531	0.9898947
0.9961643	0.003835647
0.14580648	0.85419357
0.0022885425	0.9977114
0.03471572	0.9652843
0.03083634	0.9691637
0.0044866847	0.99551326
0.05036369	0.94963634
0.03335567	0.9666443
0.9982091	0.0017908444
0.91793877	0.082061246
0.005504422	0.9944956
0.04337492	0.9566251
0.9890435	0.010956513
0.9959358	0.0040641967
0.99828124	0.0017187985
0.0030787194	0.9969213
0.92807704	0.07192295
0.99842143	0.001578586
0.03191003	0.96809
0.5906475	0.40935248
0.0032560225	0.9967439
0.9829959	0.017004127
0.99359083	0.0064092427
0.001940217	0.9980598
0.017904293	0.9820957
0.9984316	0.0015683726
0.90657985	0.093420155
0.9982828	0.0017172407
0.93364	0.06635995
0.005418488	0.9945815
0.9588726	0.041127324
0.9962059	0.0037940699
0.9965348	0.0034651486
0.9866399	0.013360088
0.05851515	0.9414848
0.0019247568	0.99807525
0.95469236	0.045307618
0.0025437786	0.99745625
0.004676777	0.99532324
0.99803096	0.0019690262
0.0019530907	0.9980469
0.91511303	0.08488692
0.9977933	0.0022067125
0.002283619	0.9977164
0.9889103	0.011089606
0.012412311	0.98758763
0.99771535	0.0022846838
0.9930206	0.0069793733
0.9976624	0.002337579
0.0035702833	0.99642974
0.0017975679	0.99820244
0.04951473	0.9504852
0.0019736164	0.9980263
0.13599145	0.86400855
0.0018555094	0.9981445
0.003777489	0.9962225
0.9977023	0.0022977677
0.9978555	0.002144512
0.0030162723	0.9969837
0.99739695	0.0026030738
0.97623175	0.02376823
0.09092836	0.9090717
0.0024328053	0.9975672
0.9886531	0.011346881
0.0033517708	0.99664825
0.99647033	0.0035296802
0.019073918	0.98092604
0.97187346	0.028126568
0.0055791363	0.9944208
0.0034008536	0.99659914
0.0041521266	0.9958478
0.98819715	0.011802787
0.0047304584	0.9952695
0.98902845	0.010971523
0.96492195	0.03507803
0.002029168	0.99797076
0.005518577	0.99448144
0.11252888	0.88747114
0.030657861	0.9693421
0.0737687	0.92623127
0.009664433	0.9903356
0.9643437	0.03565633
0.003734297	0.9962657
0.99773467	0.0022652668
0.99839884	0.0016011159
0.97540194	0.024598062
0.0021253543	0.9978746
0.9983236	0.0016763285
0.003506926	0.99649304
0.004221385	0.99577856
0.08279513	0.91720486
0.03364062	0.9663594
0.0019495051	0.99805045
0.0020827984	0.99791723
0.034925155	0.96507484
0.979966	0.020033978
0.99533397	0.0046660868
0.96126163	0.038738444
0.99834406	0.0016559535
0.9973853	0.00261462
0.0020820908	0.99791795
0.015878513	0.98412144
0.9979327	0.002067371
0.017392477	0.98260754
0.9624693	0.0375307
0.004588762	0.9954112
0.087416515	0.9125835
0.07015864	0.9298413
0.98312795	0.016872069
0.99391043	0.0060895653
0.023117485	0.97688246
0.99544996	0.004550088
0.00623034	0.9937696
0.99614894	0.0038510605
0.9980565	0.0019434901
0.97082156	0.02917842
0.0041041975	0.99589586
0.99561936	0.0043805954
0.002497925	0.997502
0.968111	0.031888988
0.02822828	0.9717718
0.0142598525	0.9857401
0.99756575	0.0024342684
0.0037875168	0.9962125
0.9505605	0.04943952
0.0021979064	0.9978021
0.024113689	0.9758863
0.004567174	0.99543285
0.9981079	0.0018920961
0.027147418	0.9728526
0.9982394	0.0017605828
0.0078087854	0.99219126
0.9963521	0.0036478944
0.074488886	0.9255111
0.99595696	0.0040429686
0.0020123771	0.9979876
0.99681795	0.0031820645
0.0026640503	0.997336
0.99656725	0.003432718
0.013359642	0.9866404
0.9976661	0.002333901
0.008433002	0.99156696
0.019983206	0.9800168
0.049168825	0.9508312
0.9850492	0.014950863
0.9978974	0.0021025822
0.99814045	0.0018594876
0.007358588	0.9926414
0.035905465	0.9640946
0.9527756	0.047224347
0.99787724	0.0021228096
0.0021202313	0.99787974
0.938233	0.061767023
0.0022831191	0.9977169
0.9873023	0.012697733
0.0035449448	0.9964551
0.9973061	0.0026938436
0.9939089	0.006091086
0.016851816	0.9831482
0.005873574	0.99412644
0.0044043697	0.99559563
0.9580668	0.041933205
0.9880518	0.011948178
0.9977336	0.0022663674
0.995231	0.004768945
0.9808286	0.019171461
0.04384929	0.95615077
0.9930265	0.00697351
0.986284	0.013715926
0.03735969	0.9626403
0.20561421	0.7943858
0.005833837	0.99416614
0.009951186	0.99004877
0.994921	0.005078989
0.0019868095	0.99801314
0.0045470186	0.995453
0.009935452	0.99006456
0.14404875	0.85595125
0.004104408	0.9958956
0.0019193816	0.9980806
0.0022108825	0.99778914
0.9913594	0.008640509
0.0053444067	0.9946556
0.99846846	0.0015315762
0.0018713562	0.9981286
0.99644995	0.0035500457
0.9463963	0.053603742
0.9785917	0.021408362
0.012510707	0.9874893
0.9974004	0.0025996517
0.97673064	0.023269406
0.9978725	0.0021275452
0.9980477	0.0019523194
0.0037974168	0.99620265
0.061463594	0.93853635
0.99221885	0.007781207
0.21938175	0.78061825
0.0025120548	0.9974879
0.8602451	0.13975486
0.092100024	0.9079
0.006444581	0.99355537
0.9947583	0.00524171
0.9888208	0.011179239
0.9834561	0.016543888
0.9122523	0.08774773
0.99804616	0.0019538081
0.008763156	0.9912368
0.99728334	0.0027166097
0.0050997282	0.9949003
0.9974637	0.0025363027
0.9969351	0.003064815
0.056737263	0.9432627
0.0054931124	0.9945069
0.0024842066	0.9975158
0.03621092	0.96378905
0.9972324	0.0027676271
0.99571973	0.0042802542
0.9611124	0.03888767
0.9974362	0.0025638053
0.99607265	0.0039274027
0.0052239704	0.994776
0.021884201	0.97811586
0.0074507385	0.9925492
0.9963936	0.003606338
0.004880234	0.9951198
0.85741675	0.14258322
0.9469001	0.053099908
0.99644643	0.0035536166
0.99810165	0.0018983579
0.002349461	0.99765056
0.7655344	0.23446566
0.0034815294	0.9965185
0.011980674	0.9880193
0.08460351	0.91539645
0.16148204	0.8385179
0.9641369	0.035863116
0.9975177	0.0024823297
0.9970246	0.0029754257
0.007144291	0.99285567
0.0043843673	0.9956156
0.08959651	0.9104035
0.002125133	0.99787486
0.025083713	0.97491634
0.99266267	0.007337368
0.9949686	0.005031356
0.998304	0.0016959509
0.0022193475	0.9977806
0.751213	0.24878699
0.009733681	0.99026626
0.0019248539	0.9980751
0.9973448	0.002655228
0.99819	0.0018099576
0.9201229	0.07987708
0.9864607	0.013539363
0.99338984	0.006610193
0.07081999	0.92917997
0.9826163	0.017383693
0.99823123	0.001768781
0.011453028	0.98854697
0.97879344	0.021206563
0.002128586	0.9978714
0.0024029524	0.99759704
0.99736977	0.0026301774
0.9975228	0.0024771881
0.0082181925	0.99178183
0.055246055	0.94475394
0.99771225	0.0022877457
0.012794747	0.98720527
0.99564254	0.0043574083
0.005115818	0.9948842
0.019961117	0.98003894
0.9982002	0.0017997561
0.009022361	0.99097764
0.0018653505	0.9981346
0.99836034	0.001639613
0.996258	0.0037419936
0.9946131	0.00538689
0.06466099	0.93533903
0.9956449	0.004355154
0.014313141	0.98568684
0.9896702	0.01032975
0.997666	0.002334014
0.0033437612	0.9966562
0.9124968	0.08750319
0.9982595	0.0017405113
0.005966889	0.99403316
0.99652267	0.0034773136
0.004898986	0.99510103
0.8678067	0.13219331
0.99835974	0.0016402346
0.2707525	0.7292475
0.0021891294	0.9978109
0.99807477	0.0019252425
0.044279862	0.9557201
0.049782313	0.95021766
0.9973456	0.00265444
0.99742305	0.0025769472
0.9982697	0.0017303226
0.997851	0.0021489493
0.0020316723	0.99796826
0.0033711866	0.9966288
0.040570572	0.95942944
0.99171305	0.00828702
0.9291239	0.07087613
0.036154993	0.963845
0.06749857	0.9325015
0.0029170394	0.997083
0.9983468	0.0016532141
0.9874621	0.01253794
0.0054973946	0.99450266
0.0030491261	0.99695086
0.004006387	0.9959936
0.006520043	0.99347997
0.0033018384	0.99669814
0.0020715955	0.9979284
0.9946936	0.005306479
0.002109969	0.99789006
0.7491011	0.2508989
0.98998356	0.010016407
0.99611986	0.0038802058
0.9815979	0.018402107
0.021753674	0.97824633
0.91366196	0.086338006
0.03729637	0.96270365
0.9983027	0.0016973101
0.030805374	0.9691946
0.9967386	0.003261333
0.04041177	0.9595882
0.9952632	0.004736719
0.0020375028	0.9979625
0.9626509	0.03734912
0.030037964	0.96996206
0.004798618	0.99520135
0.9896095	0.010390451
0.9955805	0.0044195047
0.013763678	0.9862364
0.99761117	0.0023888636
0.029581226	0.9704187
0.9117826	0.08821735
0.0032579342	0.99674207
0.9979219	0.0020781336
0.0048238356	0.9951762
0.015232003	0.984768
0.9849439	0.015056087
0.9851135	0.014886533
0.009031719	0.9909683
0.04946559	0.9505344
0.99789304	0.0021069832
0.0035115066	0.9964886
0.99349123	0.006508782
0.9979195	0.0020804666
0.988311	0.011688999
0.98776054	0.012239442
0.996232	0.0037680406
0.9980755	0.0019245353
0.99841344	0.0015865315
0.0050939787	0.99490607
0.0021518758	0.99784815
0.98032093	0.01967907
0.010440406	0.98955965
0.99668556	0.0033144632
0.9958146	0.004185371
0.6266709	0.37332904
0.013182229	0.9868177
0.025571933	0.9744281
0.0034304676	0.9965695
0.018492611	0.9815074
0.99502087	0.0049791173
0.9979518	0.0020482545
0.99807703	0.0019229595
0.995698	0.0043020626
0.99195194	0.008048115
0.9787636	0.021236427
0.06443356	0.9355665
0.9885035	0.011496438
0.9983493	0.0016507447
0.004296764	0.9957033
0.02825684	0.97174317
0.99700004	0.00299993
0.99591607	0.0040839775
0.06313884	0.93686116
0.99831605	0.0016839498
0.9984256	0.0015743596
0.0020700456	0.99792993
0.0098528	0.9901472
0.0066649267	0.993335
0.63664174	0.36335826
0.0026400827	0.99735993
0.013169681	0.9868303
0.97136366	0.02863639
0.9967487	0.0032513198
0.5139514	0.48604858
0.019370113	0.98062986
0.99089617	0.009103777
0.9876226	0.012377401
0.002294709	0.9977053
0.02739624	0.97260374
0.997472	0.0025280144
0.99734914	0.002650817
0.99608374	0.003916226
0.0019267751	0.9980732
0.0032593203	0.99674064
0.0026312384	0.9973687
0.9984133	0.0015867159
0.0019006659	0.9980994
0.98348147	0.016518539
0.9960439	0.003956125
0.98748255	0.012517436
0.99838734	0.0016126573
0.0021760447	0.99782395
0.9942781	0.005721918
0.7234801	0.2765199
0.9934202	0.006579812
0.99699366	0.003006346
0.99803346	0.0019665943
0.03333859	0.96666133
0.84717876	0.15282126
0.9977957	0.0022043074
0.99711406	0.0028859645
0.9981357	0.0018642711
0.87025154	0.12974845
0.0033490066	0.996651
0.991627	0.008373007
0.99766695	0.0023330306
0.034435764	0.96556425
0.99801886	0.0019810926
0.024474699	0.97552526
0.9977053	0.002294748
0.040663775	0.9593363
0.004813339	0.9951866
0.9953654	0.0046345675
0.020668056	0.979332
0.0020320378	0.9979679
0.99849343	0.0015065214
0.002797751	0.9972023
0.99179196	0.008208032
0.0019345925	0.9980654
0.006122837	0.99387723
0.0036824115	0.9963176
0.9967063	0.0032937133
0.9981061	0.0018938034
0.90651435	0.093485646
0.019369887	0.9806301
0.0026947085	0.9973053
0.998009	0.0019909362
0.9984535	0.0015465375
0.9828457	0.017154263
0.9945129	0.005487044
0.9970521	0.002947921
0.90098757	0.09901239
0.0048818975	0.99511814
0.022615757	0.9773842
0.99836665	0.00163333
0.0747868	0.92521316
0.0276124	0.9723876
0.00964342	0.9903565
0.0020280986	0.99797195
0.43232945	0.5676706
0.017901711	0.9820983
0.99712735	0.0028726743
0.99807966	0.0019203449
0.9984274	0.0015726757
0.99705327	0.0029466737
0.9963278	0.0036721427
0.9972051	0.0027949188
0.005817935	0.99418205
0.0024060658	0.99759394
0.9967871	0.0032129134
0.98237777	0.017622286
0.0021257217	0.99787426
0.016559254	0.98344076
0.065871075	0.934129
0.00853586	0.9914642
0.015309803	0.9846902
0.006408754	0.9935913
0.99141157	0.008588465
0.16644168	0.83355826
0.9977835	0.0022165268
0.99746263	0.0025373646
0.08766818	0.9123318
0.9858716	0.01412841
0.9946977	0.005302315
0.9925943	0.007405692
0.9516976	0.048302438
0.08214487	0.9178551
0.0021611904	0.9978388
0.05062924	0.9493708
0.99698263	0.003017308
0.98138016	0.018619895
0.93435276	0.065647215
0.9982723	0.0017276905
0.01629824	0.9837017
0.99036217	0.009637824
0.011142165	0.98885787
0.98529446	0.014705576
0.99212486	0.0078751035
0.0021505922	0.99784946
0.9967899	0.0032100498
0.0019227518	0.9980773
0.04783535	0.9521647
0.06210115	0.9378989
0.0035517293	0.9964483
0.07801228	0.92198765
0.0024043461	0.9975956
0.0021690445	0.9978309
0.005908301	0.9940917
0.99628395	0.0037160497
0.03923499	0.96076494
0.0081630945	0.99183685
0.9932949	0.006705102
0.99705505	0.0029449752
0.9880419	0.011958072
0.09014394	0.909856
0.93220115	0.06779886
0.9726872	0.027312784
0.99053407	0.009465904
0.027504914	0.972495
0.9525048	0.0474952
0.0018305768	0.9981694
0.9950041	0.004995871
0.20660761	0.7933924
0.0022149214	0.9977851
0.9913697	0.008630214
0.9912964	0.00870358
0.02279214	0.97720784
0.0058128233	0.9941871
0.001960912	0.99803907
0.9927953	0.0072047417
0.0020769502	0.9979231
0.99773264	0.002267282
0.9971553	0.0028446605
0.05743456	0.94256544
0.98687965	0.013120376
0.9914034	0.00859659
0.006269204	0.9937308
0.0021061422	0.99789387
0.054408144	0.9455918
0.9927046	0.0072954535
0.0017016691	0.99829835
0.009745708	0.9902542
0.011365631	0.98863435
0.98153716	0.018462848
0.010823276	0.9891767
0.06826696	0.9317331
0.99358267	0.006417337
0.0308347	0.96916527
0.99602985	0.003970227
0.9819048	0.018095221
0.9905037	0.009496252
0.916997	0.083003
0.98327416	0.016725833
0.9929997	0.0070003504
0.9883619	0.011638121
0.003253428	0.99674654
0.011285796	0.98871416
0.052276026	0.947724
0.99822253	0.0017774293
0.99075997	0.0092400685
0.0754812	0.92451876
0.9952879	0.004712146
0.002796413	0.9972036
0.91342634	0.08657359
0.99628484	0.0037151019
0.115780324	0.8842197
0.009013074	0.9909869
0.99343663	0.0065633003
0.0027185238	0.99728143
0.9984498	0.0015501317
0.9922708	0.0077291685
0.995276	0.004724038
0.019249558	0.9807505
0.96652126	0.03347875
0.002442959	0.99755704
0.0348432	0.9651568
0.9973896	0.0026103545
0.28035584	0.7196441
0.0078207785	0.99217916
0.0021693357	0.9978307
0.0043465565	0.9956534
0.9899907	0.0100092795
0.03594766	0.9640523
0.77559316	0.22440682
0.0017684458	0.9982316
0.99634117	0.003658798
0.0020188561	0.99798113
0.02466494	0.97533506
0.995352	0.0046479614
0.026353959	0.97364604
0.99782085	0.0021791258
0.0023066762	0.99769324
0.98941374	0.0105861835
0.9953289	0.0046710935
0.014487939	0.9855121
0.062759526	0.9372405
0.004528761	0.99547124
0.15133376	0.8486663
0.0028232583	0.99717677
0.99822444	0.0017755444
0.0066050533	0.9933949
0.99297214	0.0070278924
0.0026492642	0.9973507
0.9978381	0.002161933
0.0038187178	0.99618125
0.99454194	0.0054580863
0.007890144	0.99210984
0.012866533	0.9871335
0.0020060625	0.99799395
0.9977071	0.002292893
0.9970976	0.0029024552
0.9975942	0.0024058083
0.9630586	0.036941454
0.9912691	0.008730892
0.99146676	0.008533274
0.0033908547	0.9966092
0.0019104742	0.9980895
0.9983917	0.0016083294
0.26511332	0.7348867
0.004338164	0.9956618
0.0035372302	0.99646276
0.013687695	0.9863123
0.0019549688	0.99804497
0.0050092028	0.99499077
0.011200211	0.9887998
0.99836713	0.001632939
0.99799144	0.0020085243
0.9972977	0.0027022655
0.99112356	0.008876438
0.9366074	0.06339264
0.009489289	0.99051064
0.98624504	0.013754929
0.030585287	0.9694147
0.009611812	0.9903882
0.002743564	0.99725646
0.99646497	0.003535006
0.9973296	0.0026704266
0.99806935	0.0019306687
0.4552982	0.5447018
0.99689865	0.0031013254
0.9952924	0.0047076014
0.002148162	0.99785185
0.97182244	0.028177619
0.9973459	0.0026540565
0.002346561	0.9976534
0.003733449	0.99626654
0.9963419	0.0036580907
0.99576473	0.0042352704
0.023748502	0.9762515
0.82403064	0.17596932
0.982544	0.01745603
0.9968635	0.0031364916
0.033621624	0.9663784
0.9863051	0.0136949
0.75567484	0.24432515
0.0042285267	0.99577147
0.6145214	0.3854786
0.99346477	0.0065351985
0.04700274	0.95299727
0.69935817	0.30064183
0.016731644	0.9832683
0.99047536	0.009524708
0.32323897	0.67676103
0.9979948	0.0020052446
0.99531734	0.0046826624
0.9977094	0.0022906032
0.99488527	0.0051147095
0.9956815	0.0043184385
0.0029307115	0.9970693
0.9906064	0.009393567
0.018889463	0.9811106
0.0050766733	0.9949233
0.99704856	0.0029515084
0.06858759	0.93141246
0.07511516	0.9248848
0.99576306	0.00423696
0.99740726	0.0025927222
0.044437952	0.95556206
0.009814357	0.9901856
0.007713451	0.99228656
0.99817145	0.0018285165
0.9975001	0.0024999173
0.64181364	0.35818636
0.9920581	0.007941976
0.9984341	0.0015658874
0.002551762	0.9974483
0.9839552	0.016044738
0.0769087	0.9230913
0.004897387	0.99510264
0.007964278	0.9920357
0.9955421	0.0044578966
0.9972765	0.00272352
0.99679047	0.0032095434
0.010696917	0.9893031
0.066503026	0.93349695
0.98389673	0.016103314
0.99063957	0.009360492
0.11859994	0.88140005
0.99431926	0.0056807194
0.010457632	0.98954237
0.020795546	0.9792045
0.0037424786	0.99625754
0.9983058	0.0016942347
0.008191303	0.9918087
0.0031287756	0.9968713
0.0022066832	0.9977933
0.0036148229	0.9963852
0.72924405	0.27075595
0.9933761	0.006623965
0.9968246	0.0031753802
0.13431984	0.86568016
0.97259766	0.027402325
0.104916155	0.8950839
0.019900024	0.9801
0.054850183	0.9451498
0.010266766	0.9897333
0.02992839	0.9700716
0.9980451	0.0019549571
0.018449696	0.98155034
0.062248323	0.9377517
0.99752754	0.002472441
0.9954723	0.0045277295
0.013769089	0.9862309
0.9952968	0.004703189
0.08188798	0.91811204
0.038278233	0.96172184
0.0022633572	0.9977367
0.008157957	0.99184203
0.0027464256	0.9972536
0.10286315	0.8971368
0.997886	0.0021140059
0.33709034	0.6629096
0.99654514	0.0034548168
0.9981851	0.0018148765
0.097092755	0.90290725
0.07045857	0.92954147
0.9932695	0.006730457
0.0027759585	0.9972241
0.9969566	0.0030434465
0.99192363	0.008076358
0.9651379	0.034862094
0.037589084	0.96241087
0.9690119	0.030988142
0.02330227	0.97669774
0.013872863	0.98612714
0.017574921	0.98242503
0.062976204	0.93702376
0.010088591	0.9899114
0.9972089	0.0027910834
0.9806284	0.01937164
0.0034599097	0.99654007
0.9979448	0.0020552746
0.14120081	0.8587992
0.0024125758	0.99758744
0.019208431	0.9807915
0.02503256	0.9749674
0.822714	0.17728603
0.9981786	0.001821405
0.9973557	0.0026443186
0.9891431	0.01085692
0.99762493	0.0023750213
0.009511307	0.99048865
0.0025191444	0.9974809
0.99807906	0.0019209188
0.92949295	0.07050708
0.005325351	0.9946747
0.024825903	0.9751741
0.015051471	0.9849486
0.87137717	0.12862284
0.99827576	0.0017242118
0.13563833	0.8643617
0.034148235	0.9658518
0.99650747	0.0034924983
0.00291727	0.99708277
0.9892102	0.010789879
0.99627703	0.0037229962
0.99473405	0.0052659498
0.98008716	0.019912906
0.91533005	0.084669925
0.0038030487	0.996197
0.96710634	0.032893647
0.9766664	0.023333626
0.06652053	0.9334795
0.9951382	0.0048618214
0.075074464	0.9249255
0.0031785604	0.9968214
0.95266914	0.047330897
0.9964426	0.003557333
0.989416	0.010584082
0.042053215	0.95794684
0.9697658	0.030234208
0.0030721233	0.9969279
0.95251423	0.047485817
0.99766195	0.0023380348
0.001977268	0.9980228
0.012673156	0.9873268
0.99772865	0.0022713947
0.09821112	0.9017889
0.9927921	0.0072078183
0.42633826	0.5736618
0.17831483	0.82168514
0.99781007	0.002189923
0.07005035	0.92994964
0.9761288	0.023871206
0.0030123978	0.99698764
0.9984218	0.0015781741
0.0019467839	0.9980532
0.97089595	0.029104102
0.054012828	0.9459871
0.024870127	0.97512984
0.98560566	0.014394379
0.005430233	0.9945697
0.058520008	0.9414799
0.25012648	0.7498735
0.9981406	0.001859439
0.0024502932	0.9975497
0.99039876	0.0096012335
0.006492925	0.993507
0.008449885	0.9915501
0.004940446	0.9950596
0.989631	0.010369008
0.07939066	0.92060935
0.011518047	0.988482
0.9845791	0.015420874
0.99835485	0.001645134
0.9915326	0.0084674265
0.32480145	0.6751986
0.052046385	0.9479536
0.9984231	0.0015769664
0.9971052	0.0028948146
0.24425991	0.7557401
0.9976809	0.0023190128
0.020099558	0.9799004
0.022276318	0.97772366
0.96387	0.03612996
0.0019916953	0.9980083
0.99552983	0.0044701835
0.99595547	0.0040445724
0.003276288	0.9967237
0.9984888	0.0015111817
0.9840937	0.015906287
0.0033598882	0.9966401
0.0018483846	0.9981516
0.9969361	0.003063871
0.07722221	0.9227778
0.99810374	0.0018962594
0.99638796	0.003612076
0.0019940038	0.99800605
0.021514129	0.9784858
0.41931465	0.5806853
0.03607482	0.9639252
0.99611264	0.003887419
0.003969034	0.996031
0.0018451771	0.9981548
0.002022601	0.99797744
0.003952348	0.9960477
0.088352814	0.91164714
0.99544394	0.0045560333
0.052342366	0.9476576
0.02801775	0.97198224
0.017218685	0.98278135
0.014474234	0.9855258
0.0036173174	0.9963827
0.9944127	0.005587301
0.0018711605	0.99812883
0.0049438956	0.99505615
0.9542279	0.045772076
0.0023647873	0.99763525
0.0019528255	0.9980471
0.05624095	0.943759
0.81125116	0.18874879
0.99011725	0.009882776
0.99584657	0.0041534
0.0019697638	0.99803025
0.99774384	0.0022562142
0.995216	0.0047839866
0.0030040573	0.9969959
0.9983523	0.0016476952
0.0020350213	0.997965
0.99697244	0.0030275125
0.008048054	0.99195194
0.0024283482	0.99757165
0.99823666	0.0017633404
0.014223622	0.98577636
0.012342824	0.9876572
0.003066284	0.9969337
0.0021597657	0.99784017
0.012384403	0.9876155
0.002333992	0.997666
0.0023695074	0.9976305
0.99327457	0.006725435
0.9975138	0.0024862303
0.0066098645	0.9933902
0.9981135	0.00188655
0.008213006	0.991787
0.044486772	0.9555132
0.0025243498	0.9974757
0.9981761	0.0018239104
0.9982528	0.0017471901
0.05957445	0.9404255
0.9863603	0.013639631
0.9971219	0.002878074
0.022262188	0.9777378
0.997024	0.0029760483
0.0022801568	0.9977198
0.951456	0.048544012
0.9933528	0.0066472054
0.9981002	0.0018997588
0.028242663	0.97175735
0.93277156	0.06722841
0.99695385	0.0030461706
0.015040735	0.9849592
0.9925916	0.0074084545
0.012802119	0.9871978
0.0050381976	0.99496186
0.988336	0.011663905
0.26628062	0.7337194
0.021648536	0.97835153
0.051285416	0.94871455
0.0034120474	0.996588
0.95993996	0.040060036
0.9978204	0.002179586
0.9887428	0.011257164
0.9959351	0.004064938
0.990339	0.009661006
0.9970094	0.0029905632
0.02311576	0.9768843
0.99559975	0.004400238
0.9956607	0.00433927
0.98223543	0.0177645
0.9961015	0.0038985303
0.036991175	0.9630088
0.0026249306	0.99737513
0.008201184	0.9917989
0.99013805	0.0098619405
0.011900462	0.9880995
0.0055608703	0.9944391
0.009478144	0.9905219
0.9896231	0.01037687
0.9952123	0.0047876383
0.8668817	0.13311829
0.9937391	0.0062609394
0.8864524	0.11354762
0.009351299	0.9906487
0.9969944	0.0030056718
0.011604266	0.9883957
0.0036314584	0.9963685
0.005600943	0.994399
0.994423	0.0055770767
0.06723873	0.9327613
0.005008298	0.9949917
0.028835725	0.9711642
0.97957146	0.020428535
0.00603241	0.99396753
0.002856754	0.9971432
0.99197257	0.008027425
0.9853791	0.014620932
0.01768157	0.9823184
0.99830073	0.0016993517
0.0064409333	0.99355906
0.997707	0.00229293
0.996154	0.0038460116
0.99650925	0.003490718
0.9961099	0.0038901637
0.9975025	0.0024975261
0.9976343	0.0023657144
0.015548903	0.98445106
0.9983931	0.001606866
0.0037096173	0.99629045
0.15776141	0.8422386
0.014136855	0.98586315
0.015428963	0.984571
0.99725574	0.002744253
0.9982786	0.001721335
0.9966667	0.003333255
0.0060610026	0.99393904
0.006293295	0.99370676
0.9959622	0.004037851
0.0039394014	0.99606055
0.9939177	0.0060822475
0.007814766	0.9921853
0.99320567	0.0067944005
0.0019884573	0.99801147
0.99216413	0.007835883
0.012722492	0.98727757
0.025540942	0.974459
0.020485701	0.97951424
0.07382215	0.92617786
0.06197267	0.9380274
0.99077016	0.009229895
0.9231964	0.07680368
0.0030483275	0.9969517
0.0025897005	0.99741036
0.009154242	0.99084574
0.0026256258	0.9973744
0.9955478	0.004452219
0.047721874	0.9522782
0.97748315	0.022516787
0.99631786	0.0036821351
0.25817174	0.74182826
0.008529558	0.9914704
0.9972644	0.0027356734
0.0063745286	0.9936255
0.92680097	0.073199004
0.9972012	0.0027987673
0.0029789186	0.997021
0.9982796	0.0017204144
0.9692858	0.03071428
0.31313044	0.6868696
0.0133679975	0.98663205
0.0023125282	0.99768746
0.0113625545	0.9886374
0.99522024	0.004779725
0.004020274	0.99597967
0.9968444	0.0031555821
0.012176662	0.98782337
0.99555665	0.004443357
0.99712175	0.0028782303
0.0063843876	0.9936156
0.0024682786	0.99753165
0.9894372	0.010562801
0.9023559	0.097644076
0.0068840478	0.99311596
0.9983992	0.001600789
0.0022925113	0.9977075
0.9834626	0.016537419
0.9906687	0.009331355
0.986279	0.0137209315
0.003454423	0.9965456
0.9964586	0.0035414163
0.9300227	0.06997725
0.99616253	0.0038374437
0.0035545826	0.9964455
0.9952554	0.004744547
0.2619667	0.7380333
0.017230274	0.9827697
0.0023582424	0.9976418
0.99843735	0.0015626573
0.028699275	0.9713008
0.0060609365	0.99393904
0.0019304703	0.9980696
0.0053333715	0.9946667
0.026808435	0.9731916
0.99783945	0.0021605263
0.9977963	0.0022036717
0.9952283	0.004771734
0.0056574666	0.99434257
0.9956643	0.0043357653
0.99057394	0.009426026
0.99220675	0.00779324
0.002520767	0.99747926
0.990238	0.009762008
0.015017998	0.984982
0.99258834	0.007411744
0.9970561	0.002943921
0.0026332587	0.9973667
0.09962326	0.9003767
0.007884245	0.9921158
0.013367394	0.9866326
0.023673678	0.9763263
0.99579513	0.0042048604
0.9981273	0.0018727444
0.008250085	0.99174994
0.0021724035	0.9978276
0.7785639	0.2214361
0.9955766	0.0044234362
0.99834704	0.0016529764
0.0020000238	0.99799997
0.050864156	0.94913584
0.0025419402	0.99745804
0.9981388	0.0018612552
0.85144645	0.14855354
0.9843907	0.015609306
0.9754446	0.024555448
0.9983041	0.001695871
0.99271953	0.0072804703
0.9902126	0.009787351
0.9378595	0.062140517
0.0023492377	0.9976508
0.05115136	0.94884866
0.98520535	0.014794578
0.0020811497	0.9979189
0.003460663	0.99653935
0.9884637	0.011536292
0.9969081	0.0030919283
0.99773175	0.0022683397
0.98980695	0.010193013
0.99494994	0.0050500096
0.011556559	0.98844343
0.0023355626	0.99766445
0.002194235	0.9978058
0.9980009	0.001999023
0.00970548	0.9902946
0.99677724	0.0032227538
0.9959015	0.004098424
0.025681125	0.9743189
0.003998092	0.9960019
0.9984055	0.0015945004
0.050801504	0.9491985
0.99628395	0.0037161368
0.30702877	0.6929712
0.98951626	0.010483757
0.0062106764	0.99378926
0.006416847	0.99358314
0.03011497	0.969885
0.99230003	0.0076999376
0.0053503565	0.9946497
0.99422646	0.0057734735
0.99648404	0.0035159981
0.04533797	0.9546621
0.6682254	0.33177453
0.9980416	0.0019583905
0.99805486	0.0019451577
0.99388015	0.0061198543
0.9979102	0.0020897363
0.002082595	0.99791735
0.0026986198	0.9973014
0.97250926	0.027490813
0.9949694	0.0050306264
0.9983199	0.0016801043
0.99612147	0.0038785217
0.011507845	0.98849213
0.011736876	0.9882632
0.9186143	0.081385605
0.99015594	0.009844124
0.979782	0.020218067
0.008937313	0.99106264
0.95705247	0.042947564
0.015347805	0.98465216
0.002140308	0.99785966
0.8982282	0.10177182
0.9878059	0.012194077
0.0035284245	0.99647164
0.026552875	0.97344714
0.0036770746	0.996323
0.013143938	0.98685604
0.998464	0.0015359985
0.99768746	0.0023125615
0.9961087	0.003891326
0.96335274	0.03664722
0.97232085	0.027679157
0.9867107	0.013289272
0.009576647	0.9904233
0.74833983	0.25166017
0.005655629	0.99434435
0.0033001695	0.99669987
0.002400277	0.9975998
0.003657128	0.99634284
0.003005676	0.9969944
0.9476458	0.052354235
0.9965534	0.0034466265
0.966513	0.03348702
0.0020728293	0.9979272
0.051962137	0.94803786
0.03725076	0.9627492
0.012286561	0.98771346
0.97718245	0.022817602
0.04039123	0.95960873
0.009357627	0.99064237
0.9713246	0.028675385
0.043226738	0.9567732
0.0067389864	0.99326104
0.0030781957	0.9969217
0.0072112656	0.99278873
0.70427626	0.29572377
0.0022272915	0.99777263
0.9917692	0.008230783
0.0022422685	0.99775773
0.9961515	0.0038484344
0.0018326247	0.9981674
0.98089737	0.019102568
0.06749017	0.9325099
0.9969133	0.0030866812
0.9976273	0.0023726611
0.997154	0.0028460436
0.5338629	0.46613714
0.99663603	0.0033639688
0.7693266	0.23067336
0.0018109228	0.99818903
0.9917721	0.008227845
0.0018438358	0.99815613
0.0018612886	0.99813867
0.9910727	0.008927241
0.99787664	0.0021233864
0.91106063	0.08893934
0.9953389	0.004661024
0.9976235	0.0023764963
0.0026187468	0.99738127
0.0021658125	0.99783415
0.0025849678	0.99741507
0.9316749	0.06832507
0.003811002	0.99618906
0.78951365	0.21048638
0.9362645	0.06373548
0.003399821	0.9966002
0.07514849	0.92485154
0.9982309	0.0017691135
0.9933391	0.006660817
0.013669776	0.9863302
0.0029444066	0.99705565
0.14567123	0.85432875
0.0031439925	0.996856
0.9516478	0.04835215
0.99841166	0.0015882757
0.002727704	0.9972723
0.004653736	0.99534625
0.002408303	0.99759173
0.9984237	0.0015763645
0.004954119	0.9950459
0.006590015	0.99340993
0.9902969	0.009703091
0.99725205	0.002748009
0.0030105794	0.9969894
0.0055431626	0.99445677
0.89441574	0.10558425
0.013513409	0.98648655
0.08523394	0.9147661
0.99766433	0.002335669
0.0032418575	0.99675816
0.99706775	0.002932268
0.8394268	0.1605732
0.14488181	0.85511816
0.9975413	0.002458683
0.01026026	0.9897397
0.006247917	0.99375206
0.94719243	0.052807532
0.0343927	0.9656073
0.99763155	0.00236848
0.0022167377	0.99778324
0.19124202	0.80875796
0.99259734	0.0074027027
0.9980636	0.0019363435
0.9802727	0.019727334
0.002741768	0.9972582
0.9953904	0.0046095503
0.0019965551	0.9980034
0.9666963	0.033303656
0.9957568	0.004243201
0.99524826	0.004751771
0.021302257	0.9786977
0.99393374	0.006066282
0.9968081	0.0031918504
0.0038545358	0.9961455
0.99454767	0.0054522967
0.9978066	0.0021933706
0.007861871	0.9921381
0.004790782	0.9952093
0.022802742	0.97719723
0.98776746	0.012232514
0.0027188794	0.9972811
0.99787855	0.0021214513
0.9972735	0.002726473
0.007850546	0.9921495
0.036334436	0.9636656
0.9967368	0.0032632174
0.99758923	0.0024108137
0.010814974	0.9891851
0.9807051	0.019294908
0.99696654	0.0030334278
0.994836	0.0051640603
0.92638457	0.07361538
0.97137386	0.028626153
0.014271759	0.9857282
0.99623674	0.0037633432
0.0019824614	0.99801755
0.0022055714	0.9977944
0.99585104	0.0041489676
0.98496324	0.01503678
0.99627423	0.00372582
0.009276209	0.9907238
0.98998916	0.01001083
0.99466527	0.0053347885
0.92368096	0.076319024
0.9978435	0.002156486
0.0029498304	0.99705017
0.99824595	0.0017540549
0.5831314	0.41686866
0.019471956	0.98052806
0.0029407637	0.9970592
0.0022037127	0.9977963
0.0018687041	0.99813133
0.004041573	0.9959584
0.0022243496	0.9977756
0.9971955	0.0028045562
0.99718153	0.0028184578
0.0024193379	0.99758065
0.002584722	0.9974153
0.9972337	0.002766301
0.0045326683	0.9954673
0.04659969	0.9534003
0.0021656768	0.9978344
0.994445	0.0055550067
0.99458295	0.005417033
0.005245222	0.9947548
0.116812296	0.8831877
0.0072760675	0.992724
0.20530966	0.7946903
0.86695087	0.13304916
0.9325481	0.06745184
0.0028509803	0.99714905
0.99831945	0.0016805569
0.027206397	0.9727936
0.3078775	0.69212246
0.95045775	0.049542297
0.005673369	0.99432665
0.15312909	0.8468709
0.001885636	0.99811435
0.9971228	0.0028771523
0.0024369818	0.997563
0.024437387	0.9755626
0.9927395	0.007260516
0.99842155	0.0015785048
0.008008993	0.991991
0.11503543	0.88496464
0.020837868	0.9791621
0.059489988	0.94051
0.05348228	0.9465177
0.11802562	0.88197434
0.953361	0.046638988
0.042050045	0.95795
0.99841166	0.0015883271
0.0020210382	0.997979
0.030773174	0.96922684
0.9960835	0.0039165234
0.0018638561	0.99813616
0.05365063	0.9463493
0.99757844	0.0024216082
0.9598263	0.04017375
0.02632187	0.9736781
0.014881101	0.9851189
0.044743415	0.95525664
0.9940361	0.0059639285
0.99678254	0.0032174075
0.046638228	0.95336175
0.9960978	0.0039022262
0.9830404	0.016959669
0.9981668	0.0018331775
0.9982034	0.00179664
0.005238283	0.99476177
0.99686134	0.0031386707
0.003507051	0.9964929
0.97165775	0.02834228
0.9954005	0.004599571
0.0021249792	0.997875
0.014402877	0.9855971
0.0018805616	0.9981194
0.0018747806	0.99812526
0.004110954	0.995889
0.9971425	0.0028574413
0.9980702	0.0019298826
0.98442113	0.015578826
0.016403984	0.98359597
0.0027992574	0.9972007
0.001865718	0.9981343
0.8240126	0.17598744
0.0019840032	0.998016
0.02027274	0.97972727
0.99779344	0.0022066263
0.9977701	0.0022299252
0.994618	0.005382053
0.99404174	0.0059582153
0.001814848	0.9981851
0.9953732	0.004626783
0.9881566	0.0118433675
0.07711846	0.9228815
0.9930167	0.006983327
0.99719405	0.00280595
0.018210467	0.9817895
0.0106767	0.9893233
0.95385236	0.046147656
0.0017808989	0.9982191
0.0023782821	0.9976217
0.09770334	0.90229666
0.9981877	0.0018122264
0.0086516915	0.9913483
0.9973924	0.0026075419
0.0426132	0.9573868
0.99311125	0.0068887635
0.033558436	0.9664415
0.119691126	0.8803089
0.9972134	0.0027865877
0.0030316203	0.99696845
0.010814683	0.98918533
0.0022575154	0.99774253
0.0040877536	0.99591225
0.0018275584	0.9981724
0.997551	0.0024490254
0.032944765	0.9670552
0.9958454	0.004154681
0.0033152793	0.99668473
0.9978136	0.0021863375
0.9970835	0.0029165652
0.997778	0.0022220577
0.99752885	0.002471197
0.9983651	0.0016349108
0.99834394	0.001656007
0.0028323194	0.99716765
0.060678292	0.93932176
0.9840829	0.015917068
0.032183155	0.9678169
0.011285823	0.98871416
0.005223588	0.99477637
0.022448411	0.97755164
0.996576	0.003423917
0.99822384	0.0017762133
0.99473274	0.0052672643
0.0031399555	0.99686
0.9941461	0.0058538746
0.99814296	0.0018570767
0.98394877	0.016051266
0.036088437	0.96391153
0.9902446	0.009755321
0.9087595	0.091240525
0.9929662	0.007033855
0.9940268	0.0059731565
0.014006195	0.98599386
0.036197167	0.9638028
0.9965108	0.0034891558
0.08105618	0.9189438
0.007856736	0.9921433
0.99836904	0.0016309259
0.99835205	0.0016480105
0.054751094	0.94524896
0.021732733	0.9782673
0.012554954	0.987445
0.9949291	0.0050709373
0.013293349	0.9867067
0.15177406	0.8482259
0.0021374358	0.9978625
0.99295795	0.007041999
0.6827558	0.31724414
0.9977245	0.0022755316
0.014302523	0.9856975
0.077638075	0.92236197
0.9968947	0.003105297
0.99820197	0.0017980472
0.9939585	0.0060414975
0.0031710637	0.996829
0.979933	0.02006691
0.99368095	0.0063189976
0.9911828	0.008817157
0.0025068114	0.99749315
0.010632447	0.98936754
0.0121829035	0.9878171
0.996766	0.0032340335
0.9949458	0.005054209
0.9980229	0.001977155
0.13651338	0.86348665
0.012997939	0.987002
0.0028512527	0.9971488
0.0018962269	0.99810374
0.017381264	0.9826187
0.036614228	0.9633857
0.0058652996	0.9941347
0.99819946	0.0018004784
0.002713372	0.9972867
0.0019231087	0.9980769
0.0762016	0.92379844
0.0019887527	0.99801123
0.15149114	0.84850883
0.96266294	0.03733705
0.9965405	0.0034595057
0.9982241	0.0017759264
0.9984322	0.0015677453
0.9951617	0.0048383465
0.119231	0.880769
0.108304344	0.8916956
0.25953975	0.7404602
0.99710613	0.0028939163
0.99384004	0.006159986
0.002231339	0.99776864
0.9975546	0.0024454158
0.20801124	0.7919888
0.0017730026	0.99822706
0.9980171	0.0019829066
0.99833775	0.0016622449
0.73781466	0.26218534
0.0022248216	0.99777514
0.99693406	0.0030659197
0.0020058854	0.9979942
0.0025457104	0.99745435
0.0021673343	0.9978327
0.9967378	0.0032622372
0.9974699	0.0025301606
0.9820286	0.01797146
0.016748015	0.9832519
0.0018599427	0.9981401
0.9477579	0.05224205
0.0018633805	0.99813664
0.95053995	0.049460117
0.99773407	0.002265967
0.9984668	0.0015331892
0.99355465	0.0064453664
0.00339922	0.9966008
0.0022250863	0.9977749
0.264446	0.735554
0.9939845	0.006015479
0.15476952	0.84523046
0.009535852	0.9904641
0.99194556	0.008054422
0.031934977	0.9680651
0.9971706	0.0028294323
0.019441245	0.9805588
0.031386502	0.96861345
0.0026522647	0.9973477
0.3638815	0.63611853
0.9983931	0.0016068998
0.99209106	0.007908915
0.057817657	0.9421823
0.037052155	0.9629478
0.0019479998	0.998052
0.030324208	0.9696758
0.99714833	0.002851681
0.99765944	0.0023405466
0.13888006	0.86111987
0.10757139	0.89242864
0.99762684	0.002373141
0.05563337	0.9443667
0.99023014	0.009769889
0.8779266	0.1220734
0.99741495	0.0025849873
0.1739677	0.82603234
0.04758314	0.9524169
0.010301818	0.98969823
0.97873896	0.021261085
0.028590718	0.9714093
0.030601054	0.9693989
0.99748164	0.0025183978
0.9956226	0.004377484
0.99773455	0.0022654599
0.0020317335	0.99796826
0.03145016	0.9685498
0.0030756579	0.99692434
0.0029909813	0.9970091
0.16898897	0.83101106
0.99204683	0.007953201
0.010425445	0.9895746
0.0438748	0.95612514
0.015596005	0.9844039
0.99770784	0.0022921339
0.9950228	0.0049772044
0.9935528	0.0064472198
0.008536329	0.9914637
0.9969812	0.00301878
0.061974943	0.93802506
0.12819688	0.8718031
0.059477743	0.9405222
0.065498866	0.9345011
0.017946577	0.9820534
0.1562771	0.8437228
0.8315514	0.16844863
0.082839	0.91716105
0.98082215	0.01917781
0.002517757	0.99748224
0.9964393	0.0035606439
0.0057878913	0.9942121
0.021375569	0.9786244
0.001816395	0.99818355
0.9955142	0.0044857264
0.9980996	0.0019003429
0.004684792	0.9953152
0.99795204	0.0020479278
0.9970873	0.0029126627
0.9942967	0.0057033054
0.9973137	0.0026862868
0.041560523	0.95843947
0.0025019012	0.9974981
0.21235621	0.7876438
0.060074817	0.93992525
0.04755501	0.95244503
0.99503565	0.004964388
0.015756125	0.98424387
0.89384055	0.1061594
0.0040970426	0.99590296
0.003268788	0.99673116
0.95039463	0.049605362
0.88997376	0.11002618
0.99737346	0.0026264975
0.06984881	0.9301512
0.99136317	0.008636867
0.9977944	0.002205587
0.002075431	0.99792457
0.99530894	0.0046910574
0.0052561406	0.9947438
0.9969608	0.0030391207
0.13818812	0.8618119
0.9262061	0.073793836
0.75671065	0.24328937
0.94131505	0.058684923
0.989237	0.010762968
0.024965521	0.97503453
0.99765813	0.002341815
0.98400486	0.01599513
0.23819105	0.76180893
0.004037207	0.9959628
0.071488105	0.92851186
0.01191056	0.9880895
0.041608382	0.9583916
0.064822614	0.9351773
0.99706584	0.0029341928
0.99468	0.005320009
0.9975097	0.0024902355
0.9546126	0.045387335
0.9971058	0.0028942504
0.9837225	0.016277554
0.9966427	0.0033572912
0.9980652	0.0019347894
0.99680245	0.0031975145
0.9862568	0.013743212
0.98184514	0.018154852
0.8068324	0.19316766
0.99197984	0.008020226
0.99785346	0.0021464855
0.9977176	0.0022823578
0.0018425408	0.99815744
0.99838126	0.0016187077
0.08151392	0.9184861
0.0019386886	0.99806136
0.0026014722	0.9973985
0.9940807	0.005919296
0.0025751193	0.99742496
0.998047	0.0019530237
0.055798646	0.9442014
0.009019508	0.99098045
0.9974776	0.0025223598
0.9983955	0.0016044849
0.99693346	0.003066551
0.006756996	0.99324304
0.04371175	0.9562882
0.9978504	0.0021496306
0.042654853	0.9573452
0.99591005	0.004089971
0.0022256218	0.9977743
0.99838006	0.0016199474
0.99592716	0.0040728645
0.0036828734	0.99631715
0.025144579	0.9748555
0.83472633	0.16527373
0.08025242	0.91974765
0.0023704206	0.9976295
0.996234	0.0037660147
0.0027855516	0.9972145
0.054457404	0.9455426
0.99806637	0.0019336849
0.005495682	0.99450433
0.009614727	0.9903853
0.018966535	0.98103344
0.9979042	0.002095808
0.9973687	0.002631256
0.94091284	0.059087124
0.99602973	0.0039703404
0.009977573	0.9900225
0.9920521	0.007947955
0.028168177	0.9718318
0.0028352137	0.9971648
0.007572352	0.99242765
0.0018527454	0.99814725
0.179547	0.82045305
0.99841726	0.0015827488
0.9983612	0.0016388639
0.0037373493	0.9962626
0.0035726728	0.99642736
0.9963989	0.0036010474
0.99816114	0.0018388446
0.9984316	0.0015684054
0.002330486	0.9976695
0.98769814	0.012301869
0.0049401997	0.9950598
0.9978142	0.0021857477
0.9896864	0.010313604
0.011455166	0.9885449
0.98246205	0.017537972
0.007389676	0.9926103
0.99519414	0.0048057875
0.11643282	0.88356715
0.9974043	0.002595686
0.99837315	0.0016268706
0.995408	0.0045919316
0.99838424	0.0016158099
0.1913381	0.8086619
0.9980774	0.0019226146
0.9973008	0.0026992438
0.07499385	0.92500615
0.00583646	0.9941636
0.99074614	0.009253803
0.0020639524	0.9979361
0.0035591896	0.9964408
0.0042497977	0.9957502
0.99727744	0.0027225486
0.03069555	0.96930444
0.9961308	0.003869174
0.0018220519	0.998178
0.9941999	0.005800178
0.09225037	0.90774965
0.997681	0.0023189355
0.017029203	0.98297083
0.99656785	0.0034320785
0.9874242	0.012575744
0.0022866672	0.9977133
0.9950936	0.0049064136
0.0039639752	0.996036
0.0019743117	0.9980258
0.99585587	0.0041440665
0.0021497	0.9978503
0.03804633	0.96195364
0.0028304576	0.99716955
0.017044215	0.9829558
0.0018933356	0.9981066
0.9933042	0.0066957423
0.0026841417	0.9973158
0.53310573	0.46689427
0.9984327	0.0015672528
0.009511536	0.9904884
0.0020651408	0.9979348
0.99751353	0.0024864408
0.005236151	0.99476385
0.033555094	0.96644485
0.9970644	0.0029356133
0.9975036	0.0024963927
0.9974069	0.002593139
0.99798596	0.0020140796
0.021372495	0.9786275
0.014516992	0.98548305
0.004902232	0.9950978
0.9831834	0.01681662
0.014931003	0.985069
0.03093385	0.9690662
0.057287253	0.9427128
0.0447904	0.9552096
0.018748427	0.9812516
0.0019277161	0.99807227
0.0019591018	0.998041
0.96478724	0.03521274
0.9974251	0.002574901
0.0030771466	0.9969228
0.998494	0.0015059226
0.07091265	0.92908734
0.0028599205	0.99714005
0.99562365	0.004376382
0.0025386226	0.9974613
0.006271706	0.9937283
0.9968135	0.0031865782
0.9970783	0.0029217629
0.99832743	0.0016726037
0.0049966956	0.9950033
0.019862164	0.9801379
0.018945767	0.9810542
0.029580569	0.9704194
0.99740833	0.0025916174
0.0028488813	0.9971512
0.009618323	0.99038166
0.97355336	0.026446648
0.9982198	0.0017802446
0.9977835	0.0022165214
0.004577613	0.9954224
0.031098753	0.9689012
0.00616514	0.99383485
0.0018363257	0.99816364
0.99309254	0.0069074454
0.1433933	0.8566067
0.9897857	0.010214259
0.123739146	0.8762608
0.9946786	0.0053214193
0.081394315	0.9186057
0.026458036	0.973542
0.9201985	0.07980148
0.90079254	0.099207476
0.14015561	0.8598443
0.99763656	0.0023634895
0.5619858	0.4380142
0.002791528	0.9972084
0.002080722	0.99791926
0.927774	0.072225995
0.9970667	0.0029333697
0.004908694	0.9950913
0.01538866	0.98461133
0.0019104294	0.9980895
0.99781823	0.0021818152
0.99465925	0.0053407885
0.9980983	0.0019017038
0.99591297	0.0040869885
0.003367446	0.9966325
0.0022037432	0.9977963
0.0023739925	0.997626
0.8632907	0.13670929
0.99756205	0.0024379627
0.038789216	0.96121085
0.002794095	0.9972059
0.9785776	0.021422356
0.0021155241	0.99788445
0.99511445	0.0048855213
0.036094658	0.96390533
0.9975198	0.002480177
0.54008186	0.45991814
0.1824067	0.81759334
0.9965186	0.0034813555
0.11928464	0.88071537
0.11544839	0.8845516
0.99741274	0.002587268
0.5149741	0.48502585
0.14930905	0.85069096
0.0076524867	0.9923475
0.99837226	0.0016277388
0.99786866	0.002131297
0.9809029	0.019097088
0.9956534	0.0043466394
0.0027996728	0.99720037
0.42000198	0.579998
0.002450813	0.99754924
0.9980405	0.0019595071
0.0027822212	0.9972178
0.15208106	0.8479189
0.960483	0.03951702
0.0025586744	0.9974413
0.0026244598	0.9973756
0.99762875	0.0023712846
0.98946184	0.010538111
0.99709165	0.0029083136
0.9958144	0.0041855937
0.99662364	0.0033764103
0.9921705	0.007829546
0.014021322	0.98597866
0.0029786187	0.9970214
0.0018966545	0.99810326
0.02945741	0.97054255
0.001972897	0.998027
0.07661811	0.9233819
0.07203085	0.92796916
0.07021553	0.9297844
0.23018433	0.76981574
0.9517344	0.048265554
0.9585857	0.041414373
0.0024843768	0.9975157
0.9963315	0.003668458
0.99759346	0.0024065329
0.004978616	0.99502134
0.003952457	0.99604756
0.0084370505	0.99156296
0.002185391	0.99781454
0.9980506	0.00194943
0.0018838635	0.99811614
0.99600923	0.0039907577
0.0035381436	0.9964619
0.95125556	0.048744414
0.99696094	0.0030390166
0.002267826	0.99773216
0.6621239	0.33787605
0.82622576	0.17377429
0.1772406	0.8227594
0.9938706	0.0061293426
0.98894995	0.0110499915
0.9959786	0.0040214392
0.0022938792	0.99770606
0.046691958	0.953308
0.08364946	0.91635054
0.056487873	0.94351214
0.062715515	0.93728447
0.11501038	0.8849896
0.99589753	0.004102471
0.9964508	0.003549158
0.018486647	0.9815134
0.9750508	0.02494916
0.0071379375	0.99286205
0.99845064	0.0015492868
0.031105194	0.96889484
0.0038864366	0.99611354
0.96430504	0.035694994
0.005861997	0.994138
0.032971684	0.9670283
0.012573495	0.9874265
0.0019623085	0.99803776
0.14552248	0.8544776
0.010087144	0.98991287
0.0029091975	0.9970908
0.9959549	0.00404516
0.9965618	0.003438184
0.119793065	0.88020694
0.07755415	0.92244583
0.12978129	0.8702187
0.0020625757	0.99793744
0.9862897	0.013710262
0.013650003	0.98635
0.0025154494	0.99748456
0.024212416	0.97578764
0.0018518127	0.9981482
0.024262637	0.97573733
0.9971413	0.0028586725
0.0062777237	0.99372226
0.0032752748	0.9967248
0.9804323	0.01956773
0.014903746	0.9850963
0.9894595	0.010540478
0.9944436	0.005556469
0.99720985	0.0027901358
0.0018583835	0.99814165
0.002300456	0.99769956
0.0045160092	0.995484
0.9916815	0.008318453
0.004987709	0.9950122
0.0018968965	0.998103
0.006837217	0.99316275
0.003679666	0.99632037
0.020085562	0.9799145
0.99669707	0.0033029653
0.0034409428	0.9965591
0.10590466	0.8940953
0.0045785694	0.99542147
0.99599385	0.00400609
0.9765587	0.023441331
0.0024180892	0.99758184
0.95490694	0.045093037
0.017858334	0.9821416
0.9977342	0.0022658494
0.9964378	0.0035622756
0.05700164	0.94299835
0.9965005	0.0034995186
0.0037241247	0.9962759
0.99735934	0.0026405999
0.002257556	0.9977424
0.99572754	0.0042725066
0.0021943967	0.99780566
0.9981042	0.0018957051
0.9923592	0.0076407776
0.9978962	0.002103729
0.9984409	0.0015591201
0.005442614	0.9945574
0.0020152202	0.99798477
0.0059803133	0.99401975
0.0028162487	0.99718374
0.023518404	0.9764816
0.003303719	0.99669635
0.014181229	0.9858188
0.98673487	0.013265185
0.9941644	0.0058356076
0.012043256	0.9879567
0.9964904	0.003509585
0.96361667	0.036383267
0.99711716	0.0028828513
0.9847652	0.015234836
0.99359715	0.0064028446
0.0031146205	0.99688536
0.027706683	0.97229326
0.007861532	0.99213845
0.99111325	0.008886789
0.008849743	0.99115026
0.0022515024	0.99774843
0.9810191	0.018980887
0.9953436	0.0046563256
0.98907894	0.010921107
0.9981907	0.0018092393
0.012846205	0.9871538
0.21445441	0.7855456
0.0020126472	0.9979874
0.98999155	0.010008452
0.3401391	0.65986085
0.9966054	0.0033945902
0.006955481	0.99304456
0.0032418035	0.99675816
0.89475346	0.10524657
0.9983772	0.0016228071
0.0023851956	0.99761486
0.011644979	0.98835504
0.26810688	0.7318932
0.0027595293	0.9972404
0.010566276	0.9894337
0.01918532	0.9808147
0.10013399	0.89986604
0.0018138712	0.99818605
0.006249788	0.99375015
0.01241652	0.98758346
0.97439903	0.025601035
0.9948042	0.0051957993
0.997914	0.002086018
0.08566471	0.91433537
0.908346	0.091653995
0.029238276	0.97076166
0.024270015	0.97572994
0.03422106	0.96577895
0.004694741	0.9953053
0.99843365	0.0015663623
0.005228308	0.99477166
0.02441559	0.9755844
0.9965714	0.003428623
0.002137372	0.99786264
0.0020168053	0.9979832
0.96358323	0.0364167
0.0021370559	0.997863
0.95653945	0.043460533
0.0020051284	0.9979949
0.028693033	0.971307
0.9984665	0.0015335697
0.99844116	0.0015588618
0.002418353	0.9975816
0.0019593358	0.99804074
0.9954295	0.0045705265
0.011276467	0.9887235
0.99352527	0.0064747655
0.009725278	0.99027467
0.9760927	0.023907306
0.99706	0.0029399595
0.9915417	0.008458358
0.15708694	0.8429131
0.9960759	0.0039240834
0.9945056	0.005494444
0.015716406	0.98428357
0.002339262	0.99766076
0.995535	0.004464945
0.0036619578	0.996338
0.0022284363	0.99777156
0.0017940216	0.998206
0.0019000445	0.9981
0.70974076	0.2902592
0.99628544	0.0037144911
0.003323129	0.9966769
0.0019932075	0.99800676
0.00473522	0.99526477
0.9638658	0.03613418
0.01959244	0.98040754
0.9983012	0.001698855
0.9496085	0.05039151
0.9959668	0.004033211
0.99606377	0.0039361734
0.9465991	0.05340092
0.031561844	0.9684381
0.99843127	0.0015687295
0.059843168	0.9401569
0.6766717	0.32332835
0.0019307202	0.99806935
0.99813074	0.0018693213
0.98822963	0.011770353
0.9856514	0.014348638
0.0023765673	0.9976234
0.0030453221	0.9969547
0.9267964	0.0732037
0.95009345	0.049906503
0.008395422	0.9916046
0.91604954	0.08395047
0.99190396	0.008096023
0.9979493	0.0020506575
0.012147502	0.98785245
0.1449286	0.8550714
0.9868041	0.013195878
0.96348387	0.03651614
0.09870677	0.9012932
0.036452863	0.96354717
0.06303285	0.9369672
0.059557118	0.9404429
0.99414945	0.005850557
0.0092972275	0.99070275
0.06452258	0.9354774
0.0028587622	0.99714124
0.9931666	0.006833375
0.8368067	0.16319332
0.009085852	0.9909141
0.04501547	0.95498455
0.9957985	0.004201406
0.0018353951	0.9981646
0.11772075	0.8822793
0.9940222	0.0059778276
0.0030379798	0.996962
0.9970024	0.0029975965
0.993364	0.0066360314
0.99191755	0.00808248
0.17278758	0.8272124
0.957742	0.042258058
0.0024490594	0.9975509
0.996139	0.0038609784
0.4113221	0.5886779
0.9983158	0.001684245
0.002033816	0.9979662
0.019205447	0.9807945
0.0021811426	0.9978188
0.001938528	0.9980615
0.0041606333	0.99583936
0.13674654	0.8632534
0.0039543365	0.99604565
0.013821804	0.98617816
0.00303467	0.99696535
0.013316505	0.9866834
0.0043262197	0.9956737
0.025210327	0.9747897
0.9983569	0.0016431082
0.002068032	0.99793196
0.001738036	0.998262
0.19336833	0.8066317
0.0110754715	0.98892456
0.0047892523	0.9952108
0.9938158	0.006184197
0.14611907	0.8538809
0.9933575	0.0066424585
0.9905586	0.009441345
0.7821824	0.2178176
0.9625266	0.03747344
0.0064955894	0.9935044
0.012032084	0.98796785
0.090225026	0.90977496
0.0022596496	0.9977404
0.0022077963	0.99779224
0.99589515	0.0041048033
0.025400262	0.9745997
0.034724876	0.96527517
0.0029067653	0.9970932
0.0086028045	0.99139714
0.99021405	0.009785965
0.98233634	0.017663663
0.0024776666	0.9975223
0.0024244043	0.9975756
0.997095	0.0029049732
0.018109187	0.98189074
0.9971186	0.0028814068
0.0032590418	0.996741
0.06407744	0.9359225
0.39039713	0.6096029
0.0794957	0.9205043
0.99274534	0.0072546443
0.0039589973	0.99604106
0.4766978	0.5233022
0.99784124	0.0021587897
0.05044759	0.9495524
0.9959586	0.0040413314
0.9846571	0.015342951
0.8402208	0.15977924
0.0089671295	0.9910329
0.99671644	0.003283548
0.9805463	0.01945369
0.9855649	0.014435107
0.062056765	0.9379432
0.008653344	0.99134666
0.9871946	0.012805411
0.007446318	0.99255365
0.002609801	0.9973902
0.9695786	0.030421402
0.0018816986	0.9981183
0.99499714	0.005002878
0.99603575	0.0039642635
0.0024367545	0.99756324
0.9984011	0.0015988377
0.002080607	0.9979194
0.9889521	0.011047944
0.9877016	0.0122983875
0.011593406	0.9884066
0.009254451	0.99074554
0.017079674	0.98292035
0.99785537	0.0021445937
0.0050056274	0.9949944
0.09017043	0.9098296
0.0033633583	0.9966366
0.87295836	0.1270416
0.0062711774	0.9937289
0.9921485	0.007851445
0.0019159318	0.99808407
0.9972242	0.0027758412
0.06122309	0.9387769
0.024934595	0.97506547
0.031623024	0.96837693
0.012740532	0.9872594
0.0026576181	0.9973424
0.0059250332	0.99407494
0.99746096	0.0025389846
0.002701365	0.99729866
0.9974377	0.002562257
0.0020964034	0.9979036
0.9985127	0.001487246
0.0033737265	0.99662626
0.0045433072	0.9954567
0.9983537	0.0016463342
0.99507034	0.00492971
0.005272093	0.9947279
0.009452153	0.99054784
0.916018	0.08398195
0.99347126	0.0065287095
0.0059111556	0.9940889
0.99757034	0.0024296204
0.98822904	0.011770919
0.05864112	0.94135886
0.8570607	0.14293931
0.99548495	0.004515135
0.99745375	0.0025462771
0.14280798	0.85719204
0.059663206	0.94033676
0.058652233	0.9413478
0.020953398	0.9790466
0.05860857	0.9413914
0.8041541	0.19584593
0.0024743301	0.99752563
0.99315333	0.0068466295
0.0028187556	0.9971813
0.99837226	0.0016278063
0.0070528635	0.9929471
0.99625957	0.0037404294
0.99196833	0.008031694
0.011937071	0.988063
0.011380631	0.9886193
0.93884915	0.061150867
0.9982621	0.0017379641
0.9980818	0.0019182165
0.0070606726	0.99293935
0.9980519	0.0019481428
0.06560891	0.9343911
0.0020708349	0.9979292
0.71587336	0.2841267
0.0037137398	0.9962863
0.0040099826	0.99599
0.052291602	0.9477084
0.10787226	0.8921278
0.9963432	0.0036568188
0.0060178116	0.99398214
0.007860856	0.99213916
0.106693745	0.8933062
0.30632308	0.6936769
0.002392698	0.99760723
0.024346154	0.9756538
0.9978649	0.0021351613
0.019565657	0.98043436
0.0066221394	0.99337786
0.99802965	0.0019703903
0.99498475	0.005015303
0.2523247	0.7476753
0.99320954	0.00679042
0.0060684844	0.99393153
0.0018927122	0.9981073
0.0067325863	0.9932674
0.020291246	0.97970873
0.9953674	0.0046326173
0.9426876	0.05731243
0.015481895	0.9845181
0.019388512	0.9806115
0.04786779	0.9521323
0.043203697	0.9567963
0.99839514	0.0016047797
0.0019782956	0.9980217
0.0028456482	0.99715436
0.9914153	0.00858471
0.0019183424	0.9980817
0.0030562587	0.9969438
0.99689496	0.0031050325
0.11348251	0.8865175
0.14821032	0.8517897
0.0027473948	0.99725264
0.011924704	0.98807526
0.17907262	0.8209274
0.9950897	0.0049102725
0.969921	0.030079016
0.044501714	0.9554983
0.9976834	0.0023165925
0.0031203895	0.9968796
0.9983368	0.0016631996
0.01720556	0.98279446
0.98878187	0.011218147
0.997451	0.0025490324
0.99103653	0.008963486
0.008330183	0.9916698
0.042244084	0.957756
0.15425284	0.8457471
0.9830048	0.016995234
0.013065531	0.9869344
0.0019887364	0.99801123
0.0029583923	0.99704164
0.009795669	0.99020433
0.98024356	0.019756468
0.0019856687	0.99801433
0.9761222	0.023877779
0.039238844	0.96076113
0.0026920189	0.997308
0.9925444	0.0074555674
0.020746697	0.9792533
0.0033607124	0.99663925
0.99719197	0.0028080828
0.0019882303	0.9980117
0.99518317	0.004816795
0.99848145	0.001518537
0.9668923	0.033107627
0.99745196	0.0025479898
0.0057495977	0.9942504
0.0020473541	0.9979526
0.99384475	0.0061552613
0.9976179	0.002382059
0.107814975	0.892185
0.9960001	0.0039998204
0.9886175	0.011382498
0.042328734	0.9576712
0.99806184	0.0019381421
0.9952371	0.004762829
0.99449325	0.0055068135
0.0038445704	0.99615544
0.0058913818	0.9941087
0.0020172938	0.99798274
0.99602246	0.003977476
0.016541414	0.98345864
0.94403327	0.055966746
0.011705923	0.9882941
0.99660647	0.0033935064
0.99705064	0.0029493747
0.017544512	0.9824555
0.008031983	0.991968
0.0023193483	0.99768066
0.997696	0.0023039528
0.9980148	0.001985161
0.9968401	0.0031598632
0.0026423612	0.99735767
0.9982247	0.0017753178
0.9982644	0.0017356274
0.0026874244	0.9973126
0.0066715	0.9933286
0.9978004	0.0021995238
0.007835312	0.99216473
0.95427513	0.045724887
0.84646183	0.15353811
0.010240393	0.9897597
0.9813395	0.018660463
0.9849191	0.015080912
0.019221121	0.98077893
0.9944666	0.005533483
0.025983494	0.9740165
0.9970885	0.0029115411
0.98479	0.01520999
0.003187696	0.9968123
0.99622947	0.0037705365
0.08053283	0.91946715
0.9983368	0.0016631545
0.05741153	0.9425885
0.0019518009	0.9980482
0.9958223	0.004177742
0.003779018	0.996221
0.9056171	0.0943829
0.9972249	0.0027751364
0.06540944	0.9345905
0.03419389	0.9658062
0.0843168	0.9156832
0.0019723573	0.9980276
0.0043482156	0.9956518
0.99354976	0.006450297
0.7067486	0.29325137
0.99836344	0.0016365976
0.018103018	0.981897
0.99611855	0.0038814293
0.003417008	0.99658304
0.11619493	0.8838051
0.9555352	0.04446483
0.0017795042	0.9982205
0.9859562	0.014043751
0.84242296	0.15757702
0.9972601	0.0027398407
0.9813192	0.01868085
0.035647873	0.96435213
0.008728518	0.99127144
0.99760276	0.002397253
0.0042635337	0.9957365
0.008462264	0.9915378
0.0026045425	0.9973954
0.99738735	0.00261261
0.004227653	0.9957723
0.99836355	0.0016364385
0.9851424	0.01485754
0.0552831	0.9447169
0.027863586	0.97213644
0.9951233	0.004876688
0.053849276	0.9461507
0.9954873	0.004512705
0.0031266466	0.99687344
0.9982895	0.0017104547
0.03282318	0.96717685
0.9919946	0.008005429
0.0079961	0.99200386
0.0020810734	0.9979189
0.99701333	0.0029866302
0.0020088274	0.9979912
0.99714214	0.0028578246
0.99837446	0.0016254645
0.005339101	0.9946609
0.0034086928	0.9965913
0.99466854	0.005331383
0.5062138	0.49378622
0.9771014	0.022898575
0.019560682	0.98043925
0.12528211	0.87471795
0.007837787	0.99216217
0.9923286	0.007671416
0.0018842141	0.9981158
0.0035977487	0.99640226
0.06370447	0.93629557
0.9973941	0.0026058508
0.99751794	0.002482109
0.9972697	0.0027302837
0.99821967	0.001780365
0.013834473	0.9861655
0.9948872	0.005112866
0.99603003	0.003969986
0.00194273	0.9980572
0.9977344	0.0022655071
0.006336591	0.99366343
0.9983535	0.0016464891
0.9800587	0.019941254
0.018308887	0.9816912
0.0023074844	0.9976926
0.9983847	0.0016153506
0.9963115	0.0036884553
0.99601525	0.0039847163
0.99725133	0.0027486044
0.006598915	0.9934011
0.30293053	0.69706947
0.99307793	0.0069220914
0.0017956123	0.99820435
0.99434054	0.0056594145
0.9980698	0.0019302462
0.008604249	0.9913958
0.0028098377	0.9971902
0.9917052	0.008294806
0.99711764	0.002882344
0.9981342	0.0018658069
0.9510313	0.048968643
0.001943111	0.9980568
0.9982285	0.0017714688
0.002152017	0.99784803
0.0088427365	0.9911573
0.002052544	0.9979475
0.99159765	0.008402276
0.9929691	0.007030888
0.94470495	0.055295028
0.0023876887	0.99761236
0.99607605	0.003923934
0.0019054653	0.9980945
0.8136035	0.18639645
0.079515815	0.9204842
0.99399525	0.0060047396
0.0020803001	0.99791974
0.044835486	0.9551645
0.0018567346	0.9981433
0.0018364402	0.9981635
0.97792155	0.022078421
0.99836653	0.0016334808
0.069119096	0.9308809
0.99838483	0.0016152284
0.002879421	0.9971206
0.99255145	0.0074485275
0.057650108	0.94234985
0.94288784	0.057112228
0.0043720957	0.9956279
0.0068197288	0.9931803
0.9756134	0.024386624
0.9971693	0.002830658
0.99515295	0.0048470376
0.99618727	0.0038127475
0.9776047	0.022395287
0.0018583046	0.99814165
0.9785317	0.021468272
0.0017255272	0.99827445
0.029791845	0.97020817
0.9951534	0.0048465314
0.029087067	0.97091293
0.98844075	0.0115592275
0.0037147508	0.9962852
0.0019079227	0.9980921
0.96413445	0.035865553
0.03277541	0.96722454
0.9981687	0.0018313254
0.0028368966	0.9971631
0.82032216	0.17967783
0.9197048	0.080295175
0.010145562	0.9898545
0.997424	0.002576053
0.0052182092	0.9947818
0.9918954	0.008104663
0.98193246	0.018067455
0.011685616	0.9883144
0.9200938	0.07990622
0.9868587	0.013141266
0.002280812	0.9977191
0.9983726	0.0016274236
0.081514865	0.9184851
0.99545175	0.004548309
0.98491967	0.015080375
0.0031436353	0.99685633
0.99552417	0.0044757975
0.99530435	0.004695695
0.9983588	0.0016411397
0.032823633	0.9671764
0.08069797	0.91930205
0.99835974	0.0016402901
0.9834622	0.016537854
0.011566292	0.9884338
0.00921529	0.99078476
0.998428	0.0015719936
0.008658991	0.99134105
0.99726945	0.0027305018
0.9969837	0.0030162667
0.9963775	0.0036225028
0.040416557	0.9595834
0.17920478	0.8207952
0.0026986431	0.9973014
0.055353872	0.9446461
0.0029669125	0.9970331
0.99675167	0.0032483619
0.0022527785	0.99774724
0.9973188	0.0026812
0.013690444	0.9863095
0.8182367	0.18176323
0.95858973	0.04141032
0.9968065	0.0031935591
0.9890565	0.010943493
0.006866818	0.99313325
0.07907469	0.92092526
0.97412485	0.025875201
0.99674845	0.0032516057
0.019427067	0.9805729
0.9920867	0.007913324
0.93680656	0.06319342
0.080254875	0.9197451
0.0077438694	0.99225616
0.99764425	0.002355773
0.9185277	0.08147224
0.018259345	0.9817407
0.04862215	0.95137787
0.9966222	0.003377768
0.99010676	0.009893252
0.03930131	0.9606987
0.0108127	0.9891873
0.998285	0.0017149608
0.09793546	0.90206456
0.03246496	0.967535
0.0026593579	0.9973406
0.0059269154	0.9940731
0.9951763	0.004823624
0.99566096	0.0043390226
0.9984523	0.0015477167
0.004311596	0.9956884
0.98697764	0.0130224265
0.98878795	0.011212061
0.99351126	0.0064887
0.06048171	0.9395183
0.9983779	0.0016220787
0.084766805	0.91523314
0.37130356	0.6286964
0.9968268	0.0031731834
0.9900024	0.009997605
0.997996	0.0020040753
0.17785694	0.8221431
0.99648356	0.003516372
0.10561681	0.8943832
0.98128784	0.018712169
0.07777631	0.92222375
0.039176047	0.96082395
0.047619697	0.95238036
0.9601252	0.039874796
0.014144385	0.98585564
0.023738448	0.9762615
0.0023796887	0.9976203
0.99764854	0.0023515027
0.0030316834	0.9969683
0.99338704	0.0066130366
0.9713471	0.02865287
0.9289605	0.07103945
0.0023268622	0.9976731
0.9968412	0.0031587908
0.9949227	0.005077324
0.0037734066	0.99622655
0.99454075	0.0054592695
0.91020936	0.08979059
0.99788445	0.0021154738
0.9980683	0.0019317772
0.002583859	0.99741614
0.0071496232	0.9928504
0.031638738	0.9683613
0.8138002	0.18619981
0.37803888	0.6219611
0.008497302	0.99150276
0.73646855	0.26353148
0.26648203	0.733518
0.0020752996	0.9979247
0.99854505	0.0014550075
0.0050934018	0.9949066
0.98884284	0.011157206
0.92458683	0.075413115
0.0020267498	0.99797326
0.99822026	0.0017796718
0.005193313	0.9948067
0.027788557	0.9722115
0.0018324029	0.9981675
0.9976847	0.0023152838
0.0032478413	0.99675214
0.94129264	0.05870736
0.98938715	0.010612883
0.04273431	0.9572657
0.03500797	0.964992
0.004101154	0.9958988
0.9894907	0.010509342
0.0027717182	0.9972283
0.046974342	0.95302564
0.005293593	0.99470645
0.99818414	0.0018157967
0.9945392	0.0054608053
0.9924259	0.0075740577
0.85237616	0.14762388
0.99844164	0.0015583275
0.9883745	0.011625535
0.00822009	0.99177986
0.9974291	0.0025708876
0.9979328	0.0020671957
0.013775352	0.98622465
0.0027526228	0.9972474
0.01575651	0.9842435
0.011098495	0.9889015
0.99778	0.0022199238
0.9710015	0.028998537
0.9871137	0.0128863035
0.0021598376	0.99784017
0.0026628862	0.99733704
0.99651474	0.0034852836
0.99797064	0.0020294038
0.0029745009	0.99702555
0.99683386	0.0031661883
0.034490764	0.96550924
0.9976471	0.0023528298
0.009176014	0.990824
0.9974246	0.0025754403
0.002148491	0.9978515
0.99837214	0.0016278543
0.6188617	0.38113832
0.0031614795	0.99683845
0.0022334207	0.9977666
0.99759346	0.0024065615
0.9980533	0.0019466968
0.029288728	0.97071123
0.0026913136	0.99730873
0.990415	0.00958496
0.9110094	0.08899062
0.0027440966	0.997256
0.02534954	0.97465044
0.0036437963	0.99635625
0.017277842	0.98272216
0.16380194	0.8361981
0.012878578	0.9871214
0.9984616	0.0015383858
0.9901333	0.009866757
0.019966727	0.98003334
0.5414793	0.45852068
0.11292099	0.88707906
0.08905683	0.9109432
0.1287026	0.8712975
0.022109872	0.9778902
0.011747533	0.98825246
0.0022045507	0.99779546
0.99188024	0.0081197955
0.9918982	0.008101758
0.99761933	0.002380614
0.9974595	0.0025405793
0.00241512	0.9975848
0.06205938	0.9379406
0.9943692	0.005630802
0.99319434	0.006805629
0.99793386	0.002066177
0.9982493	0.0017506967
0.002374811	0.9976252
0.96584463	0.034155343
0.022053573	0.9779464
0.0042257253	0.9957743
0.9941467	0.005853267
0.99785787	0.002142134
0.007979437	0.99202055
0.06749733	0.9325026
0.0020357294	0.99796426
0.9977738	0.0022261518
0.0025912132	0.9974088
0.9981792	0.0018207862
0.9473474	0.052652527
0.99472636	0.0052735833
0.34141546	0.6585845
0.03728481	0.96271515
0.972867	0.027133014
0.9951498	0.004850199
0.99835926	0.0016407055
0.99416995	0.005830044
0.99809974	0.0019003123
0.99653697	0.003463015
0.0019059296	0.998094
0.9748583	0.025141679
0.08070412	0.9192959
0.09078362	0.9092164
0.99646395	0.003536093
0.0021220287	0.99787796
0.026217533	0.9737824
0.99835026	0.0016497076
0.9973195	0.0026804656
0.99277943	0.0072205057
0.018485965	0.98151404
0.028269006	0.971731
0.004805078	0.99519485
0.0025151838	0.9974848
0.99627054	0.0037295034
0.9983541	0.0016458966
0.014558684	0.9854414
0.9982761	0.0017239084
0.0061289244	0.9938711
0.01186447	0.9881356
0.9964977	0.003502365
0.027570914	0.9724291
0.9967892	0.003210767
0.0051774257	0.9948226
0.9881428	0.0118572265
0.9828073	0.017192679
0.0019215232	0.99807847
0.9974367	0.00256332
0.012689079	0.9873109
0.031104533	0.9688955
0.99803656	0.0019634184
0.98420864	0.015791332
0.98529667	0.014703337
0.96489644	0.035103515
0.002264824	0.99773514
0.9870914	0.012908553
0.0953955	0.9046045
0.9954342	0.0045657605
0.005573439	0.9944266
0.0021615587	0.99783844
0.00354005	0.9964599
0.024464479	0.97553545
0.99680173	0.003198247
0.9941414	0.005858608
0.99776614	0.002233884
0.056635916	0.94336414
0.99780196	0.002197969
0.12370191	0.87629807
0.004186647	0.9958133
0.024809787	0.9751902
0.9913837	0.0086162845
0.9840934	0.0159066
0.9968137	0.0031862962
0.0065016914	0.9934983
0.0024263586	0.9975737
0.010740744	0.98925924
0.997586	0.0024139415
0.049345866	0.9506541
0.0042233993	0.9957766
0.0019513683	0.99804866
0.2188491	0.78115094
0.99737096	0.0026290521
0.6743922	0.32560775
0.0026286242	0.9973713
0.023326568	0.9766734
0.99825364	0.0017463713
0.06745841	0.9325416
0.9935759	0.006424105
0.0023730088	0.99762696
0.97760165	0.022398368
0.99786997	0.002130037
0.9843501	0.015649863
0.064747006	0.935253
0.0019495821	0.99805045
0.9982318	0.0017682202
0.98831964	0.0116803525
0.9932986	0.006701492
0.99433434	0.0056656324
0.927223	0.072776936
0.9828535	0.017146539
0.3404921	0.6595079
0.99599624	0.004003735
0.995084	0.0049160263
0.020525923	0.9794741
0.19673172	0.8032683
0.9820077	0.01799229
0.98952204	0.010477927
0.97829616	0.021703817
0.0020973603	0.99790263
0.9650325	0.034967497
0.98780173	0.012198234
0.9120865	0.0879135
0.9935607	0.0064393654
0.0033302717	0.9966697
0.0029840132	0.99701595
0.0035250105	0.9964749
0.9914664	0.008533544
0.0022280503	0.9977719
0.005856714	0.9941433
0.0022020724	0.99779797
0.35885754	0.6411425
0.99217504	0.007824951
0.027739232	0.97226083
0.037800506	0.96219945
0.9975756	0.0024244138
0.0029009623	0.99709904
0.9983367	0.0016632739
0.995514	0.004486072
0.9977131	0.00228696
0.0037660222	0.996234
0.94022423	0.05977574
0.004928108	0.9950718
0.0019792598	0.99802077
0.99436605	0.005634033
0.0020180282	0.9979819
0.024069835	0.9759302
0.9977756	0.0022244027
0.99522614	0.004773794
0.034496028	0.96550393
0.8934409	0.10655902
0.002758708	0.99724126
0.003234192	0.99676585
0.0394626	0.96053743
0.99785954	0.002140414
0.99625576	0.0037442266
0.0020987124	0.9979013
0.99372464	0.006275309
0.9979802	0.0020198084
0.003198943	0.996801
0.04205166	0.9579483
0.0021203274	0.99787974
0.55666673	0.44333327
0.003510209	0.9964898
0.002216931	0.9977831
0.0020238506	0.9979761
0.9969645	0.0030355284
0.99626297	0.003737071
0.001874892	0.99812514
0.0024924017	0.9975076
0.013498054	0.986502
0.9952426	0.004757434
0.9768076	0.023192365
0.004711638	0.9952884
0.043874923	0.956125
0.22717105	0.772829
0.009110671	0.99088925
0.86032575	0.13967429
0.997233	0.0027670062
0.01962072	0.9803792
0.9725103	0.02748969
0.020007625	0.97999233
0.04839379	0.9516063
0.12134303	0.8786569
0.98967373	0.010326281
0.9895829	0.010417169
0.9853967	0.014603356
0.0024801877	0.9975198
0.99257576	0.007424225
0.015728861	0.9842711
0.9580524	0.041947562
0.16903739	0.83096266
0.0036819566	0.996318
0.6110944	0.3889056
0.018102502	0.98189753
0.0019883646	0.9980116
0.99784636	0.0021536476
0.0061493567	0.9938506
0.020964906	0.97903514
0.9970636	0.002936392
0.98681647	0.013183494
0.9980001	0.0019998509
0.5789308	0.42106915
0.023616683	0.9763833
0.9837421	0.01625791
0.98230034	0.017699659
0.006014687	0.99398535
0.006859076	0.993141
0.99825925	0.0017408046
0.0051260707	0.99487394
0.018342828	0.98165715
0.007358358	0.9926416
0.007148107	0.9928519
0.017969877	0.9820301
0.9709036	0.02909636
0.0087885205	0.9912115
0.0035117003	0.99648833
0.006124383	0.99387556
0.9981135	0.0018865454
0.00737299	0.99262697
0.003862303	0.9961377
0.0020882217	0.99791175
0.002071211	0.99792874
0.004132779	0.99586725
0.1540003	0.84599966
0.0017702382	0.9982298
0.0019330555	0.99806696
0.0061034597	0.99389654
0.99784315	0.0021567834
0.0040989146	0.99590105
0.011871661	0.98812836
0.047852274	0.9521477
0.97964454	0.020355428
0.08598192	0.91401803
0.9967505	0.0032494825
0.06222583	0.93777424
0.027470231	0.97252977
0.99649954	0.0035003866
0.98169667	0.018303359
0.23343158	0.7665684
0.99850607	0.0014939223
0.002302359	0.99769765
0.2578097	0.7421903
0.030207712	0.96979225
0.98964137	0.010358601
0.012625138	0.9873748
0.9568642	0.043135807
0.8652319	0.1347681
0.99839634	0.001603703
0.008650313	0.9913497
0.9658896	0.03411048
0.0041720234	0.995828
0.001971768	0.9980282
0.0024600355	0.99754
0.014339039	0.98566103
0.99782926	0.0021707213
0.013551826	0.98644817
0.05673487	0.94326514
0.0045657475	0.9954342
0.9965559	0.0034440623
0.013694043	0.98630595
0.010212871	0.9897871
0.9959053	0.0040946426
0.99626523	0.003734808
0.039014254	0.9609858
0.003482782	0.9965172
0.0021434277	0.99785656
0.9969409	0.0030591036
0.005129926	0.99487007
0.99475974	0.005240231
0.95030504	0.04969498
0.0034045193	0.99659544
0.0019902475	0.99800974
0.0023247122	0.99767524
0.0024039894	0.99759597
0.9983334	0.0016665725
0.024231223	0.97576874
0.99778444	0.0022155822
0.015181575	0.98481834
0.0044586887	0.9955413
0.00653562	0.9934644
0.0054529896	0.994547
0.9965468	0.0034531986
0.9980939	0.0019060966
0.0033508374	0.9966492
0.9708254	0.02917466
0.22217003	0.77783
0.05098557	0.9490144
0.0040034656	0.9959966
0.9819589	0.018041022
0.04299793	0.95700204
0.9833596	0.016640404
0.9975012	0.002498771
0.9979407	0.0020592804
0.0059038885	0.99409604
0.050924864	0.9490751
0.99144846	0.0085515
0.9948473	0.0051527107
0.9949431	0.0050569335
0.026011338	0.97398865
0.9981229	0.0018771171
0.05887051	0.9411295
0.9980227	0.0019773762
0.99178106	0.008219002
0.9903977	0.009602321
0.0019109724	0.998089
0.9967204	0.003279658
0.99822336	0.001776691
0.005669453	0.9943305
0.9823564	0.017643513
0.2102865	0.78971344
0.9737734	0.026226643
0.99742955	0.0025704277
0.8433124	0.15668759
0.986997	0.013002976
0.9931781	0.006821835
0.0021991574	0.99780077
0.996741	0.003259023
0.99568754	0.00431246
0.3532279	0.6467721
0.0022177852	0.9977823
0.0032734692	0.9967265
0.0327617	0.96723825
0.007504605	0.9924954
0.0026004803	0.99739957
0.99728215	0.0027178363
0.0030068748	0.99699306
0.9983102	0.0016897363
0.047916424	0.9520835
0.99143946	0.008560503
0.9969657	0.003034334
0.002334828	0.99766517
0.9977562	0.0022438585
0.0018311405	0.9981688
0.088140324	0.91185963
0.0064174375	0.99358255
0.012617698	0.98738223
0.0033720997	0.99662787
0.003457992	0.99654204
0.0019991943	0.9980008
0.006725374	0.99327457
0.9926152	0.0073848446
0.99805355	0.0019464578
0.9866671	0.013332925
0.9979855	0.002014476
0.9940731	0.0059269606
0.001846946	0.99815303
0.0024627468	0.99753726
0.015766526	0.98423344
0.028182251	0.97181773
0.88235766	0.11764227
0.99810046	0.0018995173
0.9925759	0.0074241585
0.9896577	0.010342233
0.9944143	0.005585638
0.96500325	0.03499681
0.9912567	0.008743259
0.0054507502	0.9945492
0.99810505	0.0018949031
0.99842024	0.0015797407
0.0019102194	0.99808973
0.003232004	0.996768
0.9984958	0.0015042102
0.0026033113	0.9973967
0.016970936	0.98302907
0.7564014	0.2435986
0.07425975	0.92574024
0.007564314	0.99243563
0.00507868	0.99492127
0.9960812	0.0039187954
0.97650945	0.023490472
0.9953112	0.0046887957
0.99543864	0.0045613325
0.0026994194	0.99730057
0.002455268	0.9975447
0.9970469	0.0029531363
0.7224532	0.27754682
0.98304605	0.01695397
0.002067544	0.99793243
0.07546105	0.9245389
0.01067532	0.98932475
0.25845057	0.74154943
0.9636653	0.036334734
0.0049413345	0.99505866
0.07858135	0.9214186
0.0022943811	0.99770564
0.997223	0.002776942
0.99839145	0.0016084808
0.99154377	0.008456215
0.088600345	0.91139966
0.0036030158	0.99639696
0.99710137	0.0028986272
0.0026246745	0.99737537
0.0038337416	0.9961662
0.0026156502	0.99738437
0.005052579	0.99494743
0.006629593	0.9933704
0.023702124	0.97629786
0.9868955	0.013104482
0.9972579	0.0027422
0.9707826	0.029217415
0.0017454528	0.9982545
0.98327047	0.016729519
0.01246642	0.98753357
0.0982873	0.9017127
0.9982863	0.0017136927
0.9919843	0.008015686
0.99750644	0.0024935543
0.99705744	0.0029425677
0.009455608	0.9905443
0.99013305	0.009866932
0.9967589	0.0032411334
0.0021392328	0.9978607
0.9968412	0.0031587637
0.9781873	0.021812627
0.09227192	0.90772814
0.0027493604	0.9972506
0.995034	0.0049660895
0.99708885	0.002911165
0.04231402	0.95768595
0.10202448	0.8979755
0.083699584	0.9163005
0.020168006	0.979832
0.996951	0.0030489927
0.99615943	0.0038405075
0.05108414	0.9489159
0.9984718	0.0015282065
0.030258555	0.96974146
0.99525553	0.004744493
0.995484	0.004516018
0.9984004	0.0015995593
0.9978871	0.0021128643
0.002434669	0.9975654
0.017531391	0.9824686
0.0024228066	0.99757725
0.9980868	0.001913182
0.12146052	0.8785395
0.99760497	0.0023950487
0.0035061894	0.99649376
0.01051915	0.98948085
0.10263416	0.8973658
0.997428	0.0025719395
0.9964831	0.003516863
0.99640584	0.0035941333
0.99751437	0.0024856771
0.23577848	0.76422155
0.42235544	0.5776446
0.9968154	0.0031846885
0.57004863	0.42995134
0.99774444	0.0022555573
0.004411177	0.9955888
0.00223434	0.99776566
0.00905327	0.99094677
0.13694513	0.8630548
0.9969367	0.00306328
0.03710861	0.9628914
0.99834883	0.0016511327
0.9972976	0.0027024702
0.99786013	0.002139908
0.0019392384	0.99806076
0.038144767	0.96185523
0.9979627	0.0020372479
0.99784243	0.0021575452
0.002308613	0.9976914
0.9865187	0.013481378
0.91644424	0.08355584
0.9970029	0.0029971332
0.011545233	0.9884547
0.99713695	0.0028630008
0.99517643	0.004823579
0.04847882	0.9515212
0.015944721	0.9840553
0.98867875	0.011321256
0.001732764	0.9982672
0.96085674	0.039143197
0.9975358	0.002464118
0.9963761	0.0036239454
0.0028038584	0.9971961
0.0046319817	0.995368
0.0055251974	0.9944748
0.0025188206	0.99748117
0.96358114	0.036418892
0.9973016	0.0026983528
0.0019398642	0.99806017
0.9983968	0.001603222
0.9962553	0.003744766
0.992172	0.007827938
0.9970131	0.0029869287
0.9643376	0.035662375
0.0034615607	0.9965384
0.9984028	0.0015971974
0.99309593	0.0069040866
0.8953663	0.104633704
0.93946314	0.060536843
0.9305105	0.069489524
0.0020345924	0.99796546
0.011863384	0.98813665
0.0049936646	0.9950063
0.015353167	0.9846468
0.9956781	0.0043219086
0.01618192	0.983818
0.9975145	0.002485547
0.008427996	0.991572
0.003986299	0.99601376
0.9932846	0.0067154025
0.023743326	0.9762566
0.98908675	0.010913229
0.9825502	0.017449759
0.9976871	0.0023129135
0.9969119	0.0030880326
0.02101681	0.97898316
0.9982145	0.0017855399
0.9923535	0.0076465616
0.99330866	0.0066913613
0.002516299	0.99748373
0.9982387	0.0017612701
0.996994	0.0030059628
0.0021712317	0.9978288
0.0024059834	0.99759394
0.0039764433	0.99602354
0.05800096	0.9419991
0.99059373	0.009406323
0.9731189	0.026881129
0.99840885	0.0015912033
0.009630046	0.99037
0.9984055	0.0015945293
0.99645436	0.0035456219
0.9926762	0.0073237764
0.005833458	0.9941665
0.9954372	0.004562847
0.0054927375	0.99450725
0.99833304	0.001667014
0.0023529944	0.997647
0.8625941	0.13740587
0.008488493	0.9915115
0.9936754	0.006324521
0.9971795	0.0028205547
0.9731392	0.026860803
0.0035892443	0.9964108
0.98695564	0.0130443545
0.99278766	0.0072122863
0.99739325	0.0026067859
0.08783282	0.9121672
0.9896774	0.01032252
0.054872673	0.9451273
0.0051441602	0.9948559
0.90647435	0.09352569
0.04293247	0.95706755
0.9724927	0.027507367
0.94498295	0.055017013
0.9968719	0.0031281526
0.9979906	0.002009383
0.98907757	0.010922513
0.9983791	0.0016209086
0.0021820827	0.9978179
0.9983822	0.001617828
0.9851747	0.014825274
0.06496767	0.9350323
0.99849176	0.0015081842
0.90987104	0.09012892
0.0019157623	0.9980843
0.12431189	0.87568814
0.06464406	0.93535596
0.9938211	0.0061790016
0.94306654	0.056933418
0.9795172	0.020482786
0.9968575	0.0031424698
0.99803	0.001969985
0.9560905	0.0439095
0.0019926205	0.99800736
0.0034296464	0.99657035
0.024097303	0.97590274
0.9982528	0.0017471769
0.99729234	0.002707592
0.0017123024	0.99828774
0.995131	0.004868965
0.013053413	0.9869466
0.0055379868	0.99446195
0.0024290723	0.99757093
0.99721473	0.0027852734
0.99692106	0.0030790064
0.16578291	0.8342171
0.9791007	0.02089926
0.12714261	0.8728574
0.9878249	0.012175106
0.0227204	0.97727954
0.0027960485	0.99720395
0.004134742	0.9958652
0.02469522	0.9753048
0.0032821153	0.9967179
0.99790156	0.0020984146
0.997142	0.0028579168
0.9910033	0.008996713
0.99816376	0.0018362576
0.7937662	0.20623377
0.9828332	0.0171668
0.05636809	0.9436319
0.0031681953	0.99683183
0.99841475	0.0015852427
0.003131811	0.9968682
0.0019119176	0.99808806
0.006629006	0.993371
0.993584	0.0064160023
0.99797696	0.0020230212
0.8446492	0.15535079
0.0059854966	0.99401456
0.99833775	0.0016621832
0.0017864538	0.9982135
0.0025728669	0.99742717
0.035846435	0.9641535
0.99799734	0.0020025745
0.99821496	0.0017850668
0.029381864	0.9706181
0.9750889	0.024911094
0.030961093	0.96903884
0.014028312	0.98597175
0.9955309	0.004469127
0.005689024	0.994311
0.99611294	0.003887083
0.016666649	0.9833333
0.0036865578	0.9963134
0.030403998	0.96959597
0.0129368715	0.9870631
0.9966137	0.003386307
0.9984444	0.0015556968
0.9887151	0.011284849
0.9983993	0.0016007075
0.96150255	0.038497373
0.9981831	0.0018169181
0.9972881	0.002711931
0.0025596775	0.99744034
0.9951149	0.004885016
0.9863762	0.013623782
0.9964238	0.0035762053
0.028301995	0.97169805
0.024351357	0.9756487
0.0024986523	0.9975013
0.0027720237	0.99722797
0.002219167	0.99778086
0.99830246	0.0016974676
0.0035005019	0.99649954
0.0022118294	0.9977882
0.004874923	0.9951251
0.9964826	0.0035174252
0.038617745	0.9613822
0.9963314	0.0036686133
0.99382037	0.0061796545
0.99312085	0.006879094
0.0113351885	0.98866475
0.99742633	0.002573667
0.0062402296	0.9937597
0.99708575	0.0029142892
0.040057935	0.95994204
0.0050188117	0.9949812
0.94087464	0.05912537
0.0021241582	0.9978758
0.9965922	0.003407786
0.0064270427	0.99357295
0.0020120353	0.997988
0.99525213	0.0047478853
0.0057583516	0.9942417
0.010666661	0.98933333
0.9474906	0.05250941
0.99763143	0.0023684953
0.9983552	0.001644743
0.007968115	0.99203193
0.99728775	0.0027123
0.99795616	0.0020438011
0.052137908	0.9478621
0.99695385	0.003046104
0.0018118125	0.9981882
0.017024	0.982976
0.09464786	0.9053521
0.008347991	0.99165195
0.9423396	0.05766037
0.99676716	0.0032328889
0.9973117	0.0026882652
0.0050767753	0.9949233
0.9963186	0.0036814355
0.9972972	0.0027027733
0.0021384638	0.99786156
0.97772264	0.022277419
0.99384695	0.0061530476
0.09911834	0.90088165
0.993429	0.006571025
0.99423176	0.005768204
0.009027681	0.9909723
0.0074518425	0.99254817
0.0022969	0.99770314
0.98840266	0.011597285
0.056705453	0.9432945
0.012773816	0.9872262
0.010916271	0.9890837
0.007512401	0.99248755
0.0020692272	0.99793077
0.9936552	0.006344829
0.05206879	0.9479312
0.022091307	0.9779087
0.99700457	0.0029953865
0.0027387855	0.99726117
0.71196085	0.28803918
0.0018027554	0.99819726
0.0018712122	0.99812883
0.99674195	0.0032580877
0.00244615	0.9975539
0.02299457	0.9770055
0.0018958567	0.9981041
0.006994357	0.9930057
0.9984149	0.0015851016
0.0043783127	0.99562174
0.9969528	0.0030472279
0.0048779887	0.995122
0.20304339	0.7969566
0.9984962	0.0015038693
0.99738175	0.0026182388
0.002261126	0.99773884
0.97880965	0.02119032
0.0020988798	0.9979011
0.996924	0.0030760276
0.49223772	0.5077623
0.998257	0.0017429587
0.030878963	0.96912104
0.9893289	0.010671127
0.99716043	0.0028395876
0.0027815995	0.9972184
0.0047179637	0.995282
0.99701893	0.0029811447
0.042711493	0.9572885
0.9969349	0.003065118
0.9947966	0.0052033933
0.9976804	0.0023195315
0.04996366	0.95003635
0.997954	0.0020459127
0.33065766	0.66934234
0.9967494	0.0032506385
0.99825746	0.001742594
0.021745516	0.97825444
0.0024035606	0.99759644
0.99156016	0.008439775
0.024925612	0.9750744
0.9983552	0.001644747
0.08083246	0.9191676
0.99594504	0.0040549156
0.001923486	0.99807656
0.9975502	0.0024498575
0.96867275	0.031327236
0.98498756	0.015012506
0.9982332	0.0017668306
0.92835003	0.07164998
0.9975777	0.0024222555
0.9974058	0.0025941916
0.89453745	0.105462514
0.03914368	0.9608563
0.99296373	0.00703634
0.012872971	0.98712695
0.022026515	0.9779735
0.017337821	0.9826622
0.99753785	0.0024622
0.9447911	0.055208933
0.004588851	0.9954111
0.003109746	0.99689025
0.99724567	0.0027544103
0.9890286	0.010971472
0.9959551	0.004044899
0.15841377	0.8415862
0.0018324117	0.9981675
0.0019920946	0.99800795
0.9966499	0.003350118
0.9946609	0.005339071
0.0034380401	0.99656194
0.0022477242	0.99775225
0.027526014	0.972474
0.9979771	0.0020229474
0.0023132765	0.99768674
0.9881798	0.011820187
0.0028288446	0.9971712
0.075085744	0.92491424
0.99688053	0.003119467
0.9981609	0.0018390854
0.44325078	0.5567492
0.008483855	0.9915161
0.0039945277	0.9960055
0.012897409	0.98710257
0.9889032	0.011096805
0.9707921	0.029207882
0.0021431432	0.9978568
0.023939183	0.9760608
0.0023059193	0.9976941
0.0021340968	0.997866
0.9947836	0.0052164625
0.0028843798	0.9971156
0.9984486	0.0015514209
0.9956756	0.0043244297
0.0052568163	0.9947432
0.08033999	0.91966003
0.99288917	0.0071107685
0.82093054	0.17906943
0.99348587	0.0065141027
0.0027097214	0.99729025
0.99774987	0.002250179
0.0034955898	0.9965044
0.0149631705	0.9850368
0.08591628	0.9140838
0.9964168	0.0035832382
0.9977157	0.002284299
0.011870133	0.98812985
0.99463683	0.0053631463
0.033976503	0.9660235
0.03728633	0.9627136
0.0022511478	0.9977488
0.002602409	0.99739754
0.0019803743	0.9980196
0.007647984	0.99235207
0.109718114	0.89028186
0.0033374368	0.99666256
0.99773574	0.0022642985
0.002974427	0.99702555
0.77429634	0.22570369
0.86771375	0.13228625
0.99836534	0.0016346774
0.9984035	0.0015964654
0.99808323	0.0019168003
0.99582857	0.004171399
0.9983942	0.001605744
0.9896981	0.010301856
0.03584421	0.96415585
0.9642749	0.03572517
0.0027748963	0.99722517
0.982872	0.01712806
0.80417186	0.1958281
0.0022138907	0.99778605
0.86144865	0.13855132
0.99806863	0.0019313708
0.9969689	0.0030311563
0.9606553	0.039344758
0.003338379	0.99666166
0.9922381	0.0077618724
0.99552816	0.00447179
0.99764234	0.0023576554
0.03990407	0.96009594
0.9960485	0.0039515034
0.0017810997	0.99821883
0.740832	0.25916803
0.9931851	0.006814925
0.012962935	0.98703706
0.99714154	0.0028584471
0.016631573	0.98336846
0.99810517	0.0018947797
0.98383397	0.016166026
0.02561585	0.9743842
0.003374421	0.99662554
0.017323636	0.9826764
0.08839768	0.91160226
0.0064980206	0.99350196
0.9388582	0.061141845
0.0019558494	0.99804413
0.9982231	0.0017768363
0.9599255	0.04007457
0.99372935	0.006270696
0.8332991	0.16670091
0.97595847	0.024041481
0.98929775	0.010702174
0.99711204	0.0028879712
0.0020839383	0.99791604
0.0019530284	0.998047
0.98628545	0.013714636
0.9983052	0.0016947677
0.99300236	0.0069975797
0.0659576	0.93404245
0.99441767	0.005582328
0.007969346	0.9920306
0.0024060018	0.99759394
0.0063473005	0.9936527
0.0562769	0.9437231
0.0036463197	0.99635375
0.99259585	0.0074041844
0.016598757	0.9834012
0.998387	0.0016130198
0.9983191	0.0016808714
0.03407493	0.96592504
0.09245993	0.9075401
0.11673401	0.8832659
0.9971987	0.0028012893
0.96986467	0.030135253
0.99653447	0.0034655638
0.002800562	0.9971994
0.002141072	0.99785894
0.9975097	0.0024902436
0.48185536	0.51814467
0.0019936801	0.9980063
0.016448146	0.9835519
0.2042602	0.7957398
0.0023761697	0.99762386
0.002268715	0.99773127
0.998257	0.0017430602
0.9973043	0.0026956724
0.9753811	0.024618892
0.0048525333	0.9951475
0.045155272	0.9548447
0.0037636755	0.9962364
0.067286916	0.9327131
0.99832064	0.0016793037
0.03064342	0.96935654
0.92214537	0.07785461
0.9780582	0.021941746
0.120107524	0.87989247
0.008313979	0.99168605
0.018639429	0.98136055
0.99800116	0.0019988471
0.98993474	0.010065264
0.0073583187	0.9926416
0.2295127	0.7704873
0.98485154	0.015148481
0.02365673	0.97634333
0.0039407476	0.9960593
0.19067155	0.8093284
0.9935215	0.0064785606
0.20060226	0.7993977
0.99643314	0.0035668788
0.9874794	0.012520626
0.9914296	0.008570383
0.008523021	0.99147695
0.051726837	0.9482731
0.9844908	0.015509136
0.109775215	0.8902248
0.9808317	0.0191683
0.9981475	0.0018525003
0.0030713987	0.99692863
0.9881838	0.011816187
0.0046388237	0.99536115
0.005446069	0.9945539
0.0073584584	0.9926415
0.996236	0.0037640387
0.006184578	0.9938154
0.044541925	0.9554581
0.99794894	0.0020510645
0.9944365	0.0055634766
0.99210066	0.00789929
0.0066698752	0.99333006
0.02653606	0.9734639
0.98540455	0.014595453
0.003851183	0.9961488
0.9465391	0.053460922
0.9978865	0.0021135523
0.96642715	0.033572823
0.013559917	0.9864401
0.0076554124	0.99234456
0.99198604	0.008013896
0.0065726	0.9934274
0.9891137	0.01088627
0.05742318	0.9425769
0.008957397	0.9910426
0.9960128	0.003987223
0.9397066	0.060293403
0.8876041	0.1123959
0.96355337	0.036446646
0.0057598036	0.99424016
0.9974044	0.0025956244
0.98768973	0.012310297
0.0034398441	0.99656016
0.98675215	0.013247857
0.998336	0.0016639574
0.0017526336	0.9982474
0.9602043	0.039795637
0.9973845	0.002615563
0.9862903	0.013709748
0.7328736	0.26712635
0.15971434	0.84028566
0.997829	0.002170964
0.008714061	0.991286
0.10097939	0.89902055
0.0018950233	0.99810493
0.029545194	0.97045475
0.06491219	0.9350878
0.012496918	0.9875031
0.0019901805	0.99800986
0.007072151	0.99292785
0.05551429	0.9444858
0.0046208757	0.9953791
0.9713319	0.02866806
0.005912044	0.99408793
0.001990191	0.99800986
0.9961175	0.003882549
0.99826473	0.0017353145
0.01852585	0.9814742
0.99832386	0.0016760946
0.8370692	0.16293077
0.0018458746	0.9981541
0.9958289	0.004171098
0.0033718161	0.9966281
0.030944293	0.96905565
0.016232917	0.98376715
0.98797476	0.012025251
0.27672833	0.7232717
0.0069633042	0.9930367
0.00214627	0.9978537
0.024443967	0.975556
0.9962297	0.0037702408
0.06411617	0.9358839
0.013635943	0.98636407
0.005946377	0.99405366
0.05382079	0.9461792
0.0052177836	0.99478215
0.002875891	0.99712414
0.0025001194	0.9974999
0.0018569246	0.9981431
0.9303937	0.06960638
0.9972677	0.0027322916
0.011289084	0.98871094
0.9976355	0.0023644967
0.00431713	0.99568284
0.99842536	0.0015747069
0.0032600209	0.99674004
0.9984561	0.0015438359
0.016500343	0.98349965
0.9970963	0.0029036945
0.001866766	0.99813324
0.9959109	0.0040891045
0.9856802	0.0143197905
0.44429117	0.5557088
0.012916222	0.9870838
0.993185	0.0068150545
0.9967955	0.0032044887
0.9049264	0.09507363
0.017152552	0.98284745
0.9942017	0.005798214
0.9917961	0.008203945
0.99585515	0.004144819
0.9974347	0.00256533
0.9939587	0.0060412628
0.39882928	0.6011708
0.99508154	0.004918448
0.008500678	0.99149936
0.9951131	0.004886934
0.0042434633	0.99575657
0.98457056	0.015429434
0.68270403	0.31729603
0.05574329	0.9442568
0.9966085	0.00339153
0.9721034	0.027896611
0.99719256	0.0028074097
0.9648576	0.03514239
0.14866972	0.8513302
0.0023742667	0.99762577
0.00492656	0.9950734
0.11263379	0.8873662
0.08480884	0.9151911
0.06538336	0.9346167
0.9833243	0.01667567
0.9962412	0.0037587385
0.9935323	0.0064677326
0.9717173	0.028282737
0.9967632	0.003236757
0.9975454	0.002454586
0.9303274	0.06967259
0.9764381	0.023561938
0.060553186	0.9394468
0.99769694	0.002303071
0.994113	0.005886999
0.009903487	0.99009657
0.003105297	0.9968947
0.23678176	0.7632182
0.99771523	0.0022847434
0.114433445	0.88556653
0.0019625197	0.9980375
0.99808997	0.001909954
0.98398906	0.016010972
0.9970162	0.0029838204
0.11242162	0.88757837
0.90094364	0.09905634
0.0018622208	0.9981377
0.0022960345	0.99770397
0.03133152	0.96866846
0.0073851165	0.99261487
0.35139027	0.6486097
0.0041863886	0.99581355
0.14869148	0.8513085
0.9979195	0.0020805718
0.3753875	0.6246125
0.037243392	0.9627566
0.998024	0.001976073
0.14108717	0.8589128
0.082293294	0.91770667
0.017650127	0.9823499
0.0021751733	0.9978249
0.0022009716	0.997799
0.99677026	0.0032297987
0.99732	0.0026799876
0.0038257628	0.9961743
0.99696594	0.0030340683
0.006739759	0.9932602
0.28964776	0.71035224
0.12105687	0.87894315
0.24973907	0.750261
0.009018711	0.9909813
0.9300871	0.06991294
0.60499144	0.3950086
0.99595886	0.004041097
0.9976381	0.002361855
0.003929682	0.99607027
0.9872448	0.012755272
0.9945174	0.0054826015
0.99673504	0.003264986
0.015830422	0.9841696
0.014899671	0.9851003
0.018399352	0.98160064
0.011270451	0.98872954
0.02859305	0.97140694
0.0036638097	0.9963362
0.6766667	0.32333332
0.9970624	0.0029375453
0.9971425	0.0028574578
0.006805359	0.9931946
0.005592895	0.9944072
0.9878705	0.012129479
0.023125483	0.97687453
0.9956422	0.0043577845
0.99646854	0.003531408
0.99809927	0.001900692
0.0020419075	0.99795806
0.9881478	0.011852165
0.0021813647	0.9978186
0.026508966	0.973491
0.0029566966	0.9970433
0.9954032	0.004596804
0.99814177	0.0018582012
0.99773276	0.002267225
0.9945162	0.005483777
0.99841297	0.0015870067
0.9749732	0.025026752
0.99657357	0.0034264876
0.0035938278	0.99640614
0.043420725	0.95657927
0.99708027	0.0029197477
0.002234673	0.9977653
0.99699914	0.0030009027
0.0053850347	0.9946149
0.9968545	0.0031455487
0.99783796	0.0021620358
0.0031962972	0.99680376
0.96805197	0.031947978
0.9906104	0.009389601
0.9952762	0.0047237417
0.958919	0.041081015
0.0799178	0.92008215
0.03287157	0.96712846
0.050464496	0.94953555
0.0021498073	0.9978502
0.15773442	0.84226555
0.0021878362	0.99781215
0.0037898154	0.9962102
0.14065228	0.85934776
0.9544065	0.04559352
0.9961675	0.0038324741
0.9925789	0.007421031
0.51039666	0.48960334
0.88733566	0.11266429
0.843629	0.15637101
0.19977759	0.8002224
0.08202805	0.91797197
0.077023625	0.9229763
0.079978734	0.9200213
0.97149414	0.028505912
0.057616524	0.9423835
0.005539967	0.99446
0.99245	0.0075499984
0.014067853	0.9859321
0.9368412	0.06315879
0.005666127	0.99433386
0.98179126	0.018208744
0.09055207	0.90944797
0.981043	0.018957052
0.99728835	0.0027116253
0.0018098165	0.9981902
0.0057884976	0.9942115
0.0019410371	0.998059
0.9703106	0.029689336
0.5751543	0.42484576
0.050991513	0.9490085
0.073025204	0.9269748
0.0021407255	0.9978593
0.90638393	0.09361608
0.53768164	0.46231836
0.9917796	0.008220322
0.017357469	0.98264253
0.1921545	0.80784553
0.0055158986	0.9944841
0.0019044518	0.9980956
0.9969171	0.0030829138
0.9899676	0.010032473
0.0032855708	0.9967145
0.0028995587	0.9971004
0.00279231	0.9972077
0.99830186	0.0016981192
0.0033024978	0.99669755
0.07519666	0.9248033
0.008799224	0.99120086
0.004762418	0.9952376
0.003470936	0.99652904
0.0033950224	0.9966049
0.9973935	0.0026065225
0.03291458	0.9670854
0.0034131308	0.9965869
0.3404855	0.6595145
0.0040638726	0.99593616
0.99427974	0.0057202764
0.99725753	0.0027424605
0.008056922	0.9919431
0.0023964664	0.9976036
0.9967732	0.0032267943
0.7116215	0.28837848
0.006283706	0.9937163
0.9983747	0.0016252525
0.99688464	0.0031153564
0.9975235	0.0024765262
0.9477103	0.052289736
0.9846147	0.015385309
0.0018503395	0.99814963
0.99808323	0.0019167617
0.12562601	0.87437403
0.01609172	0.98390824
0.006063833	0.99393624
0.98917	0.010829936
0.8900448	0.10995518
0.9967083	0.0032917373
0.040840182	0.9591598
0.034616098	0.96538395
0.9693643	0.03063576
0.040895287	0.9591047
0.0064283735	0.99357164
0.033334896	0.96666515
0.05648326	0.94351673
0.00832093	0.991679
0.0027072884	0.9972927
0.99611616	0.0038837937
0.7213782	0.2786218
0.043465648	0.9565343
0.0022729198	0.9977271
0.9972498	0.0027501918
0.002536586	0.99746335
0.9969823	0.0030176938
0.9970943	0.0029057
0.008348353	0.9916516
0.003317792	0.9966822
0.9962244	0.0037756194
0.06070289	0.93929714
0.10881585	0.8911842
0.31074563	0.6892544
0.08087165	0.91912836
0.007218917	0.9927811
0.018229648	0.98177034
0.0056642517	0.9943357
0.99803287	0.0019671596
0.97674334	0.023256617
0.026021391	0.97397864
0.9975854	0.0024145225
0.002049177	0.99795085
0.99328905	0.0067109764
0.99812824	0.0018718054
0.06828832	0.9317116
0.23175439	0.7682456
0.8956605	0.10433945
0.99770373	0.002296244
0.99824584	0.0017542344
0.9959825	0.004017503
0.99851424	0.0014858072
0.9982766	0.001723434
0.023895657	0.9761044
0.0040142317	0.9959857
0.023444474	0.9765555
0.0044241613	0.9955759
0.010075018	0.9899249
0.0020149576	0.997985
0.0056376993	0.99436224
0.0075427564	0.9924573
0.029098913	0.97090113
0.9914253	0.0085746795
0.028138898	0.97186106
0.99302167	0.006978345
0.99660516	0.0033948226
0.9975298	0.0024701958
0.99749136	0.0025086207
0.0033505268	0.99664944
0.0026424115	0.99735755
0.9975846	0.0024154326
0.9515327	0.048467275
0.9980234	0.0019766544
0.0018644434	0.99813557
0.09743223	0.90256774
0.014764376	0.9852356
0.9972312	0.0027687608
0.98290735	0.017092694
0.002004905	0.99799514
0.03433452	0.9656655
0.9636036	0.036396362
0.3357424	0.66425765
0.9805611	0.019438935
0.9984591	0.0015409471
0.0020153718	0.99798465
0.9969522	0.0030478628
0.0074503548	0.99254966
0.002387601	0.99761236
0.1386695	0.8613305
0.9974131	0.0025869282
0.005969557	0.9940304
0.99745446	0.0025455384
0.99712545	0.002874517
0.09287015	0.9071298
0.014210763	0.98578924
0.08430087	0.9156991
0.045671515	0.9543284
0.93687594	0.06312406
0.078606054	0.92139393
0.0018934833	0.9981065
0.77956265	0.22043732
0.0021017923	0.9978982
0.99484223	0.0051578316
0.002040377	0.9979596
0.9820301	0.017969918
0.99642974	0.0035703345
0.004810512	0.9951894
0.0020261575	0.99797386
0.001993661	0.9980064
0.99039465	0.009605324
0.19909973	0.8009003
0.022004686	0.9779953
0.9977325	0.0022674764
0.9976615	0.0023385866
0.99687177	0.0031282043
0.9974923	0.0025076438
0.9695537	0.030446291
0.99714595	0.0028540955
0.0019166396	0.99808335
0.112941094	0.88705885
0.9904255	0.0095745
0.9979248	0.0020751394
0.99825686	0.0017431779
0.9960085	0.0039914707
0.9873707	0.012629313
0.14944266	0.8505573
0.0048535606	0.99514645
0.0020379664	0.997962
0.001881104	0.9981188
0.99831426	0.0016857609
0.9344169	0.06558317
0.99644667	0.0035534005
0.022468979	0.977531
0.002053554	0.99794644
0.9141731	0.08582693
0.004506699	0.9954933
0.8425015	0.15749854
0.99837935	0.0016206539
0.0134835895	0.98651636
0.0020969494	0.9979031
0.9979411	0.0020589612
0.9980646	0.0019353982
0.0032448561	0.9967552
0.005018821	0.9949812
0.0019483513	0.99805164
0.017845178	0.98215485
0.0033477272	0.9966523
0.9860265	0.013973411
0.991852	0.008148052
0.998406	0.0015939978
0.98283017	0.017169852
0.0020713788	0.9979286
0.9742046	0.025795368
0.0019189416	0.9980811
0.005121416	0.99487853
0.0020165653	0.99798346
0.0026274945	0.9973725
0.9762448	0.023755202
0.9967668	0.0032331839
0.9948201	0.00517986
0.937281	0.06271896
0.006975802	0.99302423
0.0068476736	0.99315226
0.008673915	0.99132603
0.99672616	0.0032738645
0.9954472	0.0045527844
0.0030027751	0.99699724
0.006028437	0.9939715
0.9902592	0.009740877
0.9981147	0.0018852699
0.9982161	0.0017838733
0.9045347	0.09546523
0.99626833	0.00373174
0.0024565088	0.9975435
0.0040455773	0.9959544
0.0030739114	0.9969261
0.058265276	0.9417347
0.0025844243	0.99741554
0.0034437235	0.9965563
0.5740931	0.42590687
0.9702335	0.029766425
0.99766254	0.0023374232
0.9983955	0.0016044796
0.0048112385	0.9951887
0.002480832	0.99751925
0.9962739	0.0037260833
0.9965423	0.0034577667
0.0031179981	0.9968821
0.98895466	0.011045397
0.00215956	0.9978404
0.98945206	0.010547945
0.0056501674	0.9943499
0.994521	0.005478997
0.09419248	0.9058075
0.99430543	0.005694562
0.903363	0.09663705
0.04530437	0.95469564
0.9966737	0.0033263334
0.8432761	0.15672389
0.013778255	0.98622173
0.0028908262	0.99710923
0.0050786296	0.9949214
0.05681891	0.94318104
0.003063586	0.99693644
0.004257214	0.99574274
0.0042292047	0.99577075
0.37518132	0.6248187
0.5729545	0.4270455
0.99646676	0.0035332344
0.21548636	0.7845136
0.013302716	0.98669726
0.99847347	0.0015265646
0.99805367	0.0019463467
0.9974999	0.0025000859
0.019771509	0.9802285
0.9973387	0.0026612782
0.96924835	0.03075166
0.0020851733	0.99791485
0.566004	0.433996
0.058558673	0.94144136
0.03384485	0.9661551
0.8486286	0.15137139
0.0025583776	0.99744165
0.003678967	0.9963211
0.0020684926	0.9979315
0.9967891	0.0032109472
0.004580195	0.99541986
0.0018901492	0.9981098
0.99835914	0.0016408694
0.007318495	0.99268144
0.9944483	0.005551638
0.97421443	0.025785545
0.9980995	0.0019005219
0.55838376	0.44161624
0.9979054	0.0020946965
0.002069611	0.9979304
0.0410213	0.9589787
0.9970505	0.0029494571
0.004523106	0.9954769
0.0064886785	0.9935114
0.0027679224	0.99723214
0.0023525232	0.99764746
0.04226392	0.9577361
0.9982603	0.0017396631
0.86094004	0.13905993
0.9151957	0.08480429
0.99145824	0.008541803
0.99017847	0.009821505
0.99475914	0.005240813
0.9973394	0.0026605406
0.9948413	0.0051587075
0.9968843	0.0031156703
0.002422986	0.997577
0.8305549	0.16944513
0.24412896	0.75587106
0.0018314569	0.99816847
0.044511802	0.95548815
0.99758625	0.0024137488
0.022079082	0.97792095
0.0028898336	0.9971102
0.0062739835	0.9937261
0.95573765	0.044262305
0.03990026	0.9600997
0.003476593	0.9965233
0.004712651	0.9952873
0.9964116	0.0035883968
0.008811622	0.9911884
0.015114606	0.98488545
0.8153244	0.18467559
0.0020479974	0.99795204
0.9983407	0.0016592036
0.00290591	0.99709404
0.0032699956	0.99672997
0.997387	0.0026130714
0.96289825	0.037101742
0.08056496	0.919435
0.99747247	0.0025275154
0.012892139	0.9871078
0.03925107	0.9607489
0.009651476	0.9903486
0.9947594	0.0052406485
0.47052142	0.5294786
0.23499659	0.7650034
0.006256328	0.9937437
0.072492555	0.9275074
0.09789336	0.9021066
0.99424124	0.0057588266
0.99636143	0.0036386051
0.006687971	0.99331194
0.9721914	0.02780854
0.99718994	0.0028100675
0.995144	0.0048560067
0.011193473	0.9888065
0.9979219	0.002078198
0.99520457	0.004795456
0.996434	0.0035660756
0.0035153546	0.99648464
0.9983583	0.0016416805
0.005271733	0.99472827
0.002699418	0.99730057
0.002979987	0.99701995
0.97391325	0.026086718
0.007858197	0.99214184
0.03406002	0.96593994
0.9971323	0.0028677082
0.99807966	0.0019203613
0.048820563	0.9511794
0.9959053	0.004094635
0.003271071	0.9967289
0.0052140155	0.99478596
0.24612892	0.7538711
0.053136397	0.94686353
0.003234135	0.99676585
0.9984133	0.001586654
0.9973104	0.0026896156
0.99719113	0.0028088947
0.028186966	0.97181296
0.9984363	0.0015637202
0.0090824235	0.9909176
0.9980591	0.0019408892
0.16661078	0.83338916
0.99430615	0.0056938706
0.36344337	0.6365566
0.071199425	0.9288005
0.0022199138	0.99778014
0.002203089	0.9977969
0.35343635	0.64656365
0.96229774	0.037702337
0.004017709	0.9959823
0.029828442	0.9701716
0.9969549	0.003045031
0.9982157	0.0017843285
0.01279701	0.98720294
0.5432296	0.45677042
0.052808058	0.9471919
0.9967809	0.0032191533
0.0020376153	0.99796236
0.993324	0.006675994
0.99775046	0.0022495762
0.9940089	0.0059910933
0.0028918667	0.99710816
0.0021232127	0.99787676
0.0034877618	0.99651223
0.031803623	0.96819633
0.7933562	0.2066438
0.9959727	0.004027338
0.0019328347	0.9980672
0.83947605	0.16052395
0.0023712383	0.99762875
0.22298285	0.7770172
0.9984261	0.001573931
0.9918772	0.008122795
0.0019289844	0.998071
0.0355649	0.96443504
0.99388313	0.0061169434
0.9891171	0.010882945
0.0052580633	0.9947419
0.99779356	0.002206491
0.20539677	0.7946032
0.013198193	0.98680186
0.0026258454	0.9973742
0.012064215	0.9879358
0.0024779344	0.99752206
0.99536884	0.0046311556
0.9984958	0.0015041835
0.0067198887	0.9932801
0.08683654	0.9131634
0.99188155	0.008118416
0.8516233	0.14837667
0.002585317	0.9974147
0.9682625	0.03173752
0.07652982	0.92347014
0.0049649347	0.99503505
0.015972404	0.9840276
0.0018157994	0.99818414
0.007553297	0.99244666
0.067321815	0.93267816
0.0062752375	0.99372476
0.9876841	0.012315898
0.112246476	0.88775355
0.99712294	0.002876996
0.995546	0.0044540213
0.008160686	0.99183935
0.9980698	0.0019301799
0.99567187	0.0043281307
0.9961093	0.0038907104
0.0019288762	0.99807113
0.0027288923	0.9972711
0.99551964	0.004480291
0.035258517	0.9647415
0.9914772	0.008522762
0.9890055	0.010994521
0.002442427	0.9975575
0.99759644	0.0024035755
0.004155476	0.99584454
0.9955972	0.004402844
0.99576086	0.004239189
0.93625677	0.06374325
0.04811045	0.9518896
0.9716341	0.028365888
0.99700975	0.0029902249
0.041643232	0.9583568
0.2831482	0.7168518
0.0022285595	0.9977715
0.08779469	0.9122053
0.98371524	0.016284725
0.010344707	0.98965526
0.009084844	0.9909151
0.00184425	0.9981558
0.09803969	0.9019603
0.99841523	0.0015847001
0.98414665	0.01585335
0.0019053438	0.9980946
0.98771846	0.012281538
0.99633056	0.003669422
0.002393018	0.997607
0.9915724	0.008427628
0.99767166	0.0023283763
0.99658245	0.0034175906
0.002046531	0.9979534
0.0054924954	0.9945075
0.0061532194	0.9938467
0.0042616148	0.9957384
0.04704898	0.9529511
0.009033818	0.9909662
0.0019183306	0.9980817
0.9676761	0.032323886
0.031287193	0.96871275
0.0069174417	0.9930825
0.027882889	0.9721172
0.9982046	0.001795391
0.99181056	0.008189358
0.0032982153	0.9967018
0.056848634	0.94315135
0.99670094	0.0032990417
0.016512286	0.98348767
0.0029936943	0.99700636
0.9956904	0.00430964
0.0027795052	0.9972205
0.99423146	0.0057685133
0.003977071	0.99602294
0.13880272	0.86119723
0.002637839	0.9973622
0.99755895	0.0024410018
0.98680854	0.013191425
0.9939714	0.00602858
0.9983829	0.0016171365
0.99604106	0.0039589936
0.0035948919	0.9964051
0.9644628	0.03553722
0.9886578	0.011342208
0.0038839397	0.99611604
0.010701706	0.9892982
0.99632853	0.0036715094
0.99403363	0.0059664226
0.002152283	0.9978477
0.98652345	0.013476597
0.9867779	0.013222119
0.0021145288	0.9978854
0.99748117	0.002518816
0.9576213	0.0423787
0.9945252	0.005474807
0.005333424	0.9946666
0.99811363	0.0018863558
0.0020525868	0.9979474
0.9984352	0.0015648418
0.029310616	0.97068936
0.9972824	0.0027175634
0.008503504	0.99149656
0.9967632	0.0032367432
0.0018875333	0.99811244
0.041133814	0.9588662
0.0062196185	0.99378043
0.9951702	0.004829749
0.99785835	0.0021416415
0.9924326	0.0075673466
0.99749434	0.0025057434
0.004304533	0.9956955
0.018364446	0.9816356
0.9920294	0.007970602
0.69685453	0.30314544
0.99838424	0.0016157782
0.99538994	0.0046100053
0.99709237	0.0029076484
0.33967337	0.66032666
0.0028939273	0.99710613
0.7810855	0.21891455
0.003063114	0.9969369
0.06990181	0.93009824
0.0085963905	0.99140364
0.01136067	0.98863935
0.9901815	0.009818496
0.99687237	0.0031276692
0.98858184	0.011418171
0.07959206	0.92040795
0.9961189	0.0038811532
0.0021385085	0.99786144
0.9875301	0.012469937
0.9509687	0.04903133
0.9982101	0.0017899855
0.029894616	0.9701054
0.99833614	0.0016639408
0.99726427	0.0027357787
0.0038528463	0.99614716
0.022230605	0.9777694
0.027638339	0.9723617
0.0021474855	0.99785256
0.0044319932	0.995568
0.0020456102	0.99795437
0.10431285	0.8956871
0.0070400825	0.9929599
0.0017235604	0.9982765
0.98637414	0.013625832
0.9974498	0.0025501724
0.016857965	0.983142
0.0032028775	0.99679714
0.9970451	0.002954961
0.027169561	0.9728305
0.006400806	0.9935992
0.013565057	0.98643494
0.0082898345	0.99171025
0.010369204	0.98963076
0.9973488	0.002651241
0.0028688905	0.9971311
0.0032885454	0.9967115
0.0028002902	0.99719965
0.9929223	0.007077678
0.99815947	0.0018405302
0.9983962	0.0016038221
0.0019735356	0.99802643
0.035425864	0.96457416
0.08652188	0.9134781
0.99836856	0.0016314822
0.0019765084	0.9980235
0.0019667458	0.9980332
0.99787164	0.002128407
0.02022056	0.9797794
0.014546704	0.9854533
0.014930596	0.98506945
0.0031748128	0.9968252
0.99392456	0.0060754656
0.0077576614	0.99224234
0.0057474854	0.9942525
0.98425335	0.015746709
0.9943914	0.0056086374
0.022990163	0.9770098
0.0018783236	0.9981217
0.002405963	0.99759406
0.57436234	0.42563766
0.037291784	0.9627082
0.98630375	0.0136963185
0.05899629	0.94100374
0.08697997	0.91302
0.0017917141	0.9982083
0.002927936	0.9970721
0.990137	0.009862975
0.0064743846	0.9935256
0.99022526	0.009774743
0.9962064	0.003793625
0.0018910574	0.998109
0.963654	0.036345985
0.20548125	0.7945187
0.99709654	0.0029034903
0.0031637812	0.9968362
0.010149795	0.98985016
0.34286007	0.6571399
0.05620416	0.9437958
0.004663115	0.99533695
0.99746644	0.002533515
0.022125179	0.9778748
0.03126676	0.96873325
0.019153252	0.9808467
0.022267636	0.9777323
0.002205692	0.9977943
0.9971409	0.002859173
0.99756026	0.00243974
0.0031751753	0.99682486
0.001982761	0.9980172
0.007531181	0.9924688
0.9954412	0.0045587486
0.99286425	0.0071357084
0.0020379878	0.997962
0.0041260878	0.99587387
0.9984585	0.0015415298
0.995723	0.0042769266
0.6532178	0.3467822
0.9945538	0.005446156
0.9984139	0.0015861042
0.9859919	0.014008091
0.9961902	0.0038097713
0.82208663	0.17791335
0.075346574	0.92465335
0.06851334	0.9314866
0.09251161	0.9074884
0.9918635	0.00813649
0.99552554	0.0044744145
0.9977197	0.0022803098
0.0075211017	0.99247885
0.99557024	0.004429812
0.99603796	0.0039620367
0.009266726	0.99073327
0.99844164	0.0015583542
0.99835443	0.0016455881
0.0035997168	0.99640024
0.0029772285	0.9970228
0.033361647	0.9666383
0.97799563	0.022004336
0.00203087	0.9979691
0.3225552	0.67744476
0.061771754	0.93822825
0.054201905	0.9457981
0.9834103	0.016589677
0.016654713	0.98334527
0.9964461	0.0035539947
0.36528575	0.63471425
0.9980426	0.0019573541
0.9911272	0.008872832
0.0043379394	0.99566203
0.99489295	0.005107086
0.0072606867	0.99273926
0.46753696	0.532463
0.99382716	0.0061727697
0.07373876	0.92626125
0.0041867862	0.9958132
0.0028300928	0.9971699
0.018773047	0.9812269
0.9970757	0.002924296
0.0021516483	0.9978484
0.8021885	0.19781153
0.9698589	0.030141165
0.0019138331	0.9980862
0.9981345	0.0018654551
0.9630488	0.03695121
0.9457582	0.054241754
0.001941731	0.99805826
0.0059371004	0.99406296
0.07790497	0.922095
0.9314412	0.0685588
0.0022012743	0.99779874
0.9976101	0.0023899444
0.997649	0.0023510016
0.6375245	0.36247554
0.003826584	0.99617344
0.010421495	0.98957855
0.0625507	0.93744934
0.9953489	0.004651201
0.9903779	0.009622049
0.9947265	0.0052734683
0.9967269	0.0032730724
0.0023999822	0.9976
0.99227315	0.0077267988
0.01800185	0.98199815
0.012650009	0.9873499
0.013313285	0.9866867
0.009953354	0.9900467
0.998073	0.0019270482
0.002380481	0.99761945
0.96587765	0.034122374
0.9428751	0.057124868
0.0052490276	0.99475104
0.031190194	0.9688098
0.10927905	0.89072096
0.014822586	0.9851774
0.98976034	0.010239609
0.99596596	0.004034018
0.0022131663	0.99778676
0.040079672	0.9599203
0.010581576	0.98941845
0.13943742	0.86056256
0.0049714264	0.99502856
0.8998699	0.10013006
0.001891303	0.99810874
0.98379284	0.016207106
0.0049942406	0.9950058
0.99779177	0.0022082352
0.0019019977	0.99809796
0.0046425643	0.99535745
0.0025925562	0.9974075
0.003333059	0.99666697
0.002099891	0.9979001
0.003983687	0.9960163
0.9938885	0.006111466
0.043247186	0.95675284
0.0041510626	0.9958489
0.9700834	0.029916583
0.015649311	0.9843507
0.009952898	0.99004716
0.0064827264	0.9935173
0.004158427	0.99584156
0.9959966	0.0040034503
0.9811007	0.018899309
0.97633785	0.02366216
0.027281411	0.97271854
0.9209175	0.0790825
0.0021119416	0.997888
0.9910616	0.00893836
0.992432	0.007568017
0.020939449	0.97906053
0.0028918362	0.99710816
0.0027990055	0.99720097
0.004096241	0.9959038
0.0019709622	0.99802905
0.9558289	0.04417108
0.0033527457	0.9966473
0.0033983414	0.9966016
0.002593393	0.99740654
0.0026513136	0.99734867
0.0023545295	0.99764544
0.005761355	0.9942386
0.9480588	0.05194126
0.99683243	0.0031675338
0.9983987	0.0016012844
0.9967895	0.0032104144
0.74084	0.25915995
0.0034139177	0.9965861
0.004725197	0.9952748
0.020997766	0.97900224
0.08939079	0.91060925
0.9861385	0.013861471
0.0030253946	0.9969746
0.012687813	0.9873122
0.9976286	0.002371359
0.0023399866	0.99766004
0.004463034	0.99553704
0.008951761	0.9910483
0.0024269011	0.9975731
0.0021546923	0.9978453
0.87741596	0.12258407
0.98741466	0.012585328
0.9950134	0.0049865926
0.08759622	0.91240376
0.0021241202	0.9978759
0.0019494514	0.9980506
0.06841166	0.9315883
0.023267051	0.9767329
0.008805326	0.9911946
0.0018165533	0.9981834
0.99417204	0.005827894
0.011327129	0.9886729
0.9983108	0.0016891435
0.030622166	0.9693778
0.0029227978	0.9970772
0.001967304	0.99803275
0.0020316625	0.99796826
0.95127237	0.048727624
0.008551775	0.9914483
0.047616493	0.95238346
0.9964935	0.0035064998
0.9452532	0.05474683
0.060471	0.939529
0.9978508	0.002149254
0.96526206	0.03473797
0.9887692	0.01123087
0.025054691	0.9749453
0.0018908898	0.9981091
0.9835059	0.016494075
0.002048947	0.9979511
0.9975356	0.0024644262
0.0062671728	0.99373287
0.0051670787	0.9948329
0.9924258	0.007574165
0.9942555	0.0057445844
0.0021883566	0.9978116
0.028320372	0.97167957
0.99386036	0.0061396547
0.0060989955	0.993901
0.063456394	0.9365436
0.9953642	0.0046357494
0.9983991	0.0016009461
0.9975489	0.0024511677
0.9408788	0.05912127
0.9967663	0.0032336786
0.002832857	0.99716717
0.978626	0.021373963
0.99693215	0.0030677917
0.9529486	0.047051396
0.99757475	0.0024252487
0.9880526	0.0119474465
0.007285014	0.99271494
0.45164487	0.5483551
0.007084608	0.9929154
0.99799937	0.0020005913
0.9748244	0.025175529
0.993749	0.0062509547
0.99696606	0.003033898
0.99577385	0.0042262045
0.0031739108	0.9968262
0.9840761	0.015923887
0.9787579	0.021242077
0.99834514	0.0016548738
0.9957671	0.0042328537
0.9969626	0.0030373586
0.98725224	0.012747731
0.022375224	0.9776248
0.8117165	0.18828349
0.080812275	0.91918766
0.0042897845	0.99571025
0.7669523	0.23304771
0.05143859	0.94856143
0.0030058485	0.99699414
0.024127757	0.9758723
0.97877663	0.021223389
0.99378186	0.006218091
0.99376374	0.006236257
0.84889024	0.15110971
0.0093145175	0.9906855
0.050775297	0.9492247
0.0037923206	0.9962077
0.9814176	0.018582411
0.0019486063	0.9980514
0.0058846716	0.99411535
0.004862375	0.99513763
0.0019605986	0.9980394
0.036500357	0.9634997
0.0061951447	0.9938048
0.9861443	0.01385571
0.0043132887	0.9956867
0.9911839	0.008816107
0.00284851	0.99715155
0.0018287225	0.9981712
0.44843552	0.55156446
0.005313909	0.9946861
0.99814	0.0018600223
0.9882663	0.011733681
0.08610038	0.91389966
0.041595418	0.9584046
0.03584589	0.96415406
0.013635667	0.9863643
0.002001799	0.9979982
0.99546933	0.004530683
0.9983455	0.0016545415
0.99821305	0.0017870025
0.9984345	0.0015655169
0.015485857	0.9845142
0.0062617697	0.9937382
0.0061635827	0.99383634
0.14012232	0.85987765
0.9577222	0.04227788
0.9965906	0.0034094513
0.99171925	0.008280789
0.02557409	0.974426
0.014905517	0.98509455
0.9921091	0.007890872
0.94414663	0.055853304
0.99597293	0.0040271045
0.07817233	0.9218277
0.8265576	0.17344241
0.021403456	0.97859657
0.9629118	0.0370882
0.009299266	0.9907007
0.016919417	0.98308057
0.0029798707	0.99702007
0.9960865	0.003913472
0.99822944	0.0017705229
0.124298565	0.87570137
0.074516535	0.92548347
0.9963194	0.0036805505
0.997591	0.00240904
0.011726936	0.9882731
0.99835855	0.001641479
0.97717017	0.022829851
0.0043840907	0.99561596
0.01318084	0.98681915
0.022222614	0.97777736
0.99795014	0.002049848
0.9924339	0.007566155
0.28111884	0.71888113
0.9979607	0.002039274
0.16363263	0.8363673
0.9478394	0.052160606
0.013562353	0.9864377
0.95371443	0.046285566
0.012313533	0.9876865
0.99801093	0.0019891008
0.0071200933	0.9928799
0.0075390628	0.9924609
0.99813473	0.0018652885
0.016830629	0.98316944
0.05672936	0.9432707
0.99742246	0.0025775859
0.9965192	0.0034807834
0.9983714	0.001628583
0.99806386	0.0019360891
0.0020119455	0.9979881
0.00865304	0.9913469
0.0018337038	0.9981664
0.2516695	0.7483305
0.9983354	0.0016645571
0.0050148694	0.9949851
0.022031296	0.97796875
0.99092346	0.00907659
0.9939651	0.006034881
0.018944483	0.9810555
0.9975502	0.002449834
0.99365485	0.0063451114
0.0027660197	0.99723405
0.0027914334	0.99720854
0.992078	0.007921954
0.51151294	0.48848706
0.99835914	0.0016408116
0.9974669	0.0025330838
0.0053135008	0.9946865
0.012368264	0.98763174
0.0018172223	0.9981828
0.05817829	0.9418217
0.9955302	0.004469772
0.041101195	0.95889884
0.99283314	0.00716692
0.9974624	0.002537538
0.99788433	0.0021155928
0.9781693	0.02183072
0.015902061	0.9840979
0.0029779433	0.9970221
0.030467665	0.9695323
0.04311086	0.95688915
0.00268166	0.9973183
0.0065567526	0.99344325
0.004088231	0.99591184
0.0021810762	0.99781895
0.99663025	0.0033697402
0.0051594516	0.99484056
0.99836475	0.0016352963
0.9900337	0.00996635
0.07086936	0.9291307
0.08162031	0.9183797
0.0029418895	0.99705815
0.99596184	0.004038154
0.9869443	0.013055736
0.17278107	0.82721895
0.997482	0.002518054
0.06876932	0.93123066
0.0070194295	0.9929806
0.9860086	0.013991412
0.0030135552	0.99698645
0.9962722	0.003727737
0.99719393	0.0028060647
0.99415046	0.005849539
0.006835068	0.99316496
0.95813775	0.04186224
0.9984459	0.0015540732
0.068267636	0.93173236
0.043080833	0.9569192
0.99383104	0.006168972
0.9760474	0.02395267
0.99748945	0.002510575
0.06791858	0.93208146
0.04756354	0.95243645
0.88901305	0.110986955
0.008323757	0.9916762
0.9975387	0.0024612877
0.0020871137	0.9979128
0.0023301777	0.99766976
0.050932914	0.9490671
0.99785393	0.0021460657
0.99778324	0.0022167398
0.11095354	0.8890465
0.9975453	0.0024546306
0.9971282	0.0028718
0.9790866	0.020913407
0.94363123	0.056368724
0.006180424	0.99381953
0.8217756	0.17822444
0.0027904091	0.9972096
0.002245377	0.99775463
0.0052125496	0.99478745
0.018253569	0.98174644
0.02427847	0.97572154
0.97509265	0.024907354
0.9946635	0.0053365547
0.12602521	0.87397474
0.068903126	0.93109685
0.99835396	0.0016461147
0.013871205	0.9861288
0.99813014	0.0018698634
0.032936305	0.96706367
0.029979778	0.97002023
0.0023270117	0.997673
0.73074025	0.26925972
0.017369267	0.9826308
0.0029232537	0.99707675
0.0022559264	0.9977441
0.0032185994	0.99678135
0.0020967796	0.9979032
0.860213	0.139787
0.9903894	0.009610577
0.009187876	0.9908121
0.0029986466	0.99700135
0.0026847927	0.9973152
0.067486815	0.9325132
0.9940644	0.0059356876
0.9706138	0.0293863
0.9972849	0.002715073
0.995246	0.004753977
0.9852409	0.014759078
0.944035	0.055965055
0.8781789	0.1218211
0.0018779472	0.99812204
0.44402036	0.5559796
0.98940724	0.0105927335
0.9361106	0.06388942
0.002456385	0.99754363
0.0062135286	0.99378645
0.99531424	0.0046857297
0.9864883	0.0135117695
0.8319329	0.1680671
0.0018850924	0.99811494
0.043612447	0.9563875
0.9926651	0.007334903
0.0019400859	0.9980599
0.012330606	0.9876694
0.016169803	0.9838303
0.0045807646	0.99541926
0.9965963	0.0034037577
0.998381	0.0016189712
0.92332196	0.07667806
0.99824995	0.0017500536
0.9983132	0.0016868294
0.015548099	0.9844519
0.8646709	0.13532911
0.9867395	0.013260454
0.001979131	0.9980209
0.9702143	0.029785644
0.0020942308	0.99790573
0.0021076251	0.99789244
0.19798204	0.8020179
0.003499497	0.9965005
0.0725537	0.9274463
0.00801035	0.9919897
0.9983967	0.0016032646
0.003275499	0.99672455
0.0023665517	0.99763346
0.99767154	0.002328478
0.008462286	0.9915377
0.2629006	0.7370994
0.014049919	0.98595005
0.9976501	0.0023499327
0.9925995	0.0074004843
0.003760323	0.99623966
0.99820435	0.0017956705
0.2912764	0.70872355
0.0028438994	0.99715614
0.99596196	0.004038062
0.99132544	0.008674485
0.0044423016	0.9955577
0.01867955	0.98132044
0.99801886	0.0019810984
0.99541557	0.0045844014
0.996635	0.0033649986
0.995381	0.0046190694
0.003419875	0.9965802
0.01630296	0.983697
0.24215099	0.75784904
0.0022238016	0.9977762
0.0028459865	0.997154
0.9983498	0.0016502826
0.0038946152	0.9961054
0.9848696	0.015130386
0.030869609	0.96913046
0.85987854	0.14012147
0.98612285	0.013877142
0.027812274	0.9721877
0.0073028575	0.9926972
0.005248993	0.99475104
0.93173474	0.06826525
0.97717434	0.022825671
0.9755411	0.024458846
0.002267636	0.9977323
0.00176384	0.9982362
0.79796374	0.20203625
0.007875007	0.992125
0.90461844	0.09538159
0.9962379	0.0037620487
0.20346317	0.7965368
0.19058537	0.8094146
0.9938454	0.006154593
0.06639172	0.9336083
0.99620557	0.003794425
0.0019935437	0.9980065
0.016539171	0.9834608
0.99795216	0.0020478491
0.9379135	0.062086485
0.004523471	0.99547654
0.007878875	0.9921211
0.99556834	0.004431703
0.016137362	0.9838627
0.011852802	0.9881472
0.9934722	0.0065277885
0.015341911	0.984658
0.99648166	0.0035182806
0.9972211	0.0027788812
0.0986594	0.90134066
0.005259869	0.9947402
0.0017237358	0.99827623
0.033850167	0.96614987
0.98851925	0.011480734
0.9974267	0.002573251
0.97456586	0.02543417
0.0028056882	0.9971943
0.008401304	0.9915987
0.18998228	0.8100177
0.99824464	0.0017553143
0.04555475	0.95444524
0.9946672	0.005332832
0.005127175	0.99487275
0.002893169	0.99710685
0.002000936	0.997999
0.0020132412	0.9979868
0.60742974	0.39257023
0.9584286	0.041571394
0.9804278	0.019572236
0.9862505	0.013749484
0.01352576	0.9864742
0.0021617212	0.9978383
0.0023986434	0.99760133
0.007388158	0.9926118
0.025102153	0.97489786
0.997134	0.0028660765
0.9972777	0.0027223572
0.04205902	0.957941
0.99698997	0.0030100073
0.002584105	0.9974159
0.9956909	0.004309095
0.99708945	0.0029105947
0.02538268	0.9746173
0.959421	0.040579036
0.99642974	0.003570328
0.0043936917	0.99560624
0.97921854	0.02078147
0.9978138	0.0021861524
0.99700135	0.0029985837
0.002773986	0.99722594
0.013958295	0.9860417
0.9119357	0.08806431
0.98376703	0.016232928
0.9516953	0.048304714
0.9850013	0.014998634
0.9961971	0.0038028713
0.12648724	0.8735128
0.12900753	0.8709925
0.9800087	0.019991297
0.031477988	0.96852195
0.007588344	0.9924117
0.012817485	0.9871825
0.031628918	0.96837103
0.6917182	0.30828178
0.9984072	0.0015927841
0.9732198	0.026780177
0.9983216	0.0016784407
0.9906928	0.009307225
0.99809664	0.0019034097
0.0023109622	0.997689
0.99724376	0.002756293
0.99220055	0.007799466
0.050913878	0.9490861
0.0026480553	0.997352
0.99635124	0.0036487037
0.9568815	0.043118473
0.009852195	0.99014777
0.037320375	0.96267956
0.0018011353	0.9981989
0.009028518	0.99097145
0.9984018	0.0015981566
0.0019695426	0.9980305
0.029248236	0.9707518
0.9983442	0.0016558132
0.9981317	0.0018683065
0.002782762	0.9972172
0.8305945	0.16940555
0.5702268	0.4297732
0.98864824	0.011351739
0.1627381	0.83726186
0.11065506	0.88934493
0.0018744229	0.9981256
0.99473876	0.0052612713
0.010355767	0.9896443
0.9913628	0.008637219
0.9937816	0.006218345
0.19738205	0.80261797
0.97732157	0.022678418
0.0017920757	0.9982079
0.0026356443	0.99736434
0.9983651	0.0016348625
0.99745435	0.0025456084
0.8611418	0.13885817
0.0031410302	0.99685895
0.98724073	0.012759344
0.9951308	0.0048692957
0.7966831	0.20331693
0.84343684	0.15656313
0.0026656531	0.99733436
0.0021261466	0.9978739
0.9922117	0.0077882996
0.122646414	0.87735355
0.990227	0.009773055
0.06737261	0.9326273
0.002025824	0.9979742
0.9969831	0.0030169208
0.90750897	0.09249103
0.99249977	0.007500231
0.001992561	0.9980075
0.038231257	0.9617688
0.0021912856	0.99780875
0.9745452	0.025454806
0.49054512	0.5094549
0.9698649	0.030135047
0.0018679944	0.99813205
0.99342525	0.006574705
0.9950113	0.0049886773
0.001902312	0.9980977
0.9967415	0.0032585552
0.14291501	0.857085
0.99784505	0.0021548846
0.015506451	0.9844936
0.019334387	0.9806656
0.0067798737	0.9932201
0.0026226805	0.9973774
0.0057779364	0.994222
0.002293996	0.99770594
0.0038438528	0.99615616
0.9939347	0.0060652522
0.68199706	0.31800297
0.9897187	0.01028138
0.16507432	0.8349257
0.005864532	0.9941355
0.9981086	0.0018913957
0.019790791	0.98020923
0.9981053	0.0018946914
0.9970381	0.002961902
0.03473784	0.9652622
0.99739265	0.002607301
0.010912146	0.9890878
0.002274731	0.9977253
0.0023318455	0.9976681
0.18410462	0.8158954
0.9972735	0.00272649
0.9976471	0.0023529397
0.97073257	0.029267455
0.004450678	0.9955493
0.9977435	0.002256565
0.15846244	0.84153754
0.021931522	0.97806853
0.99668795	0.0033120639
0.0023102444	0.9976897
0.8024016	0.19759843
0.9943262	0.0056738043
0.9984427	0.0015572817
0.9903509	0.009649063
0.02409218	0.9759078
0.07854352	0.92145646
0.9984717	0.0015282647
0.99744487	0.002555155
0.9984145	0.0015854395
0.017716778	0.9822832
0.054345243	0.94565475
0.9963457	0.0036542988
0.09183845	0.9081615
0.990765	0.0092350235
0.68047756	0.31952247
0.06566704	0.934333
0.036276627	0.9637234
0.33455342	0.66544664
0.0047235265	0.99527645
0.9933583	0.0066417106
0.09995099	0.90004903
0.9979436	0.0020564583
0.034576174	0.9654238
0.005159011	0.99484104
0.0019983056	0.99800164
0.9981957	0.0018043297
0.99830127	0.0016986802
0.0041623604	0.9958377
0.99611723	0.0038827239
0.044842448	0.9551575
0.011353046	0.9886469
0.676349	0.32365096
0.0105162375	0.9894838
0.33279094	0.6672091
0.9968459	0.003154051
0.89105535	0.108944625
0.0039859503	0.9960141
0.008114148	0.9918859
0.008693265	0.9913067
0.89259785	0.10740213
0.0052952403	0.9947048
0.9968772	0.0031227756
0.015073131	0.9849268
0.9983322	0.0016677583
0.9980908	0.0019091963
0.003441708	0.99655825
0.0019765883	0.9980234
0.0412751	0.9587249
0.015587721	0.98441225
0.008669238	0.99133074
0.9976915	0.0023085393
0.0073196283	0.9926804
0.061696053	0.93830395
0.5768638	0.42313617
0.08558601	0.914414
0.0029435903	0.99705637
0.013470975	0.986529
0.99731845	0.0026815033
0.023978435	0.9760216
0.99598014	0.004019877
0.061488893	0.9385111
0.04153074	0.9584692
0.1064448	0.8935552
0.99522734	0.004772662
0.0020304064	0.99796957
0.8707027	0.12929732
0.982645	0.017355038
0.98804677	0.011953279
0.9984132	0.001586743
0.011669073	0.9883309
0.23269722	0.76730275
0.9909087	0.009091337
0.99829346	0.0017065598
0.9974584	0.0025415798
0.035027582	0.9649725
0.005943725	0.9940562
0.0025011706	0.9974988
0.99008	0.009920061
0.9982993	0.0017007274
0.9982627	0.0017373204
0.07355691	0.9264431
0.9915665	0.008433464
0.005509911	0.99449
0.9823271	0.017672895
0.008445299	0.9915547
0.9715855	0.028414499
0.0029327786	0.9970673
0.0069236318	0.9930763
0.0019871064	0.9980129
0.64387935	0.35612068
0.0051184357	0.99488163
0.0020339226	0.99796605
0.052525874	0.9474741
0.5397708	0.46022922
0.067512944	0.9324871
0.029033436	0.9709665
0.0035227705	0.9964772
0.007278389	0.9927216
0.9966568	0.00334325
0.0028349063	0.997165
0.96959007	0.030409984
0.0027796002	0.9972204
0.9906934	0.009306596
0.9915412	0.008458754
0.99585944	0.00414051
0.99551576	0.004484219
0.07046959	0.92953044
0.98404896	0.015951036
0.9983699	0.0016301001
0.9980823	0.0019177017
0.002425521	0.9975745
0.022297503	0.9777025
0.0047855168	0.99521446
0.0023935563	0.9976064
0.028176503	0.97182345
0.0066358927	0.9933641
0.99612755	0.0038724707
0.0048686187	0.9951314
0.002116622	0.9978834
0.993729	0.0062710107
0.004450063	0.9955499
0.9938537	0.0061463118
0.004158836	0.9958411
0.18129608	0.8187039
0.01756443	0.9824356
0.31754267	0.6824573
0.9920219	0.007977999
0.0022506372	0.9977494
0.0613475	0.9386525
0.9730628	0.026937215
0.03737055	0.96262944
0.9160364	0.08396362
0.9842905	0.015709488
0.9957059	0.004294157
0.042677622	0.95732236
0.9946338	0.0053662043
0.11116362	0.8888363
0.003405293	0.9965947
0.12308521	0.8769148
0.99732333	0.0026766425
0.002933981	0.9970661
0.01464168	0.98535836
0.027797401	0.97220254
0.0019775557	0.99802244
0.99624497	0.0037550642
0.0036975925	0.99630237
0.0021266039	0.9978734
0.86552984	0.1344702
0.0035105022	0.99648947
0.0021375786	0.9978624
0.99544924	0.0045507406
0.009108127	0.9908919
0.010397957	0.989602
0.020327413	0.97967255
0.03558109	0.9644189
0.4591096	0.54089034
0.015654122	0.98434585
0.040117927	0.9598821
0.016661601	0.98333836
0.99672914	0.0032708691
0.99062157	0.009378434
0.0020836252	0.9979164
0.9483414	0.05165864
0.024381498	0.97561854
0.9981495	0.001850558
0.09589227	0.90410775
0.41059354	0.58940643
0.0030745803	0.9969254
0.997092	0.002907997
0.9982418	0.0017582135
0.9438272	0.056172755
0.9977902	0.002209793
0.0018956456	0.99810433
0.015922656	0.98407733
0.98736167	0.01263833
0.99703336	0.0029665977
0.0064063976	0.99359363
0.0017880951	0.998212
0.994947	0.0050529526
0.06746652	0.9325335
0.9961593	0.0038406681
0.9958818	0.004118168
0.65140843	0.34859157
0.0028750598	0.99712497
0.9707836	0.029216463
0.002600933	0.9973991
0.9956137	0.004386241
0.0018274174	0.9981725
0.97826517	0.02173481
0.98826617	0.011733768
0.007819003	0.99218106
0.9982881	0.0017119397
0.002996079	0.997004
0.9955214	0.00447852
0.996781	0.0032189682
0.0019535637	0.9980464
0.0022753929	0.9977246
0.9944765	0.005523573
0.8931673	0.10683263
0.0033720518	0.99662787
0.98711836	0.0128815975
0.051200975	0.948799
0.025674762	0.97432524
0.9830973	0.01690273
0.044878844	0.9551212
0.040508684	0.9594913
0.01076368	0.9892363
0.08070377	0.91929626
0.006859294	0.99314076
0.3304245	0.6695755
0.0028942723	0.9971058
0.9978339	0.0021660742
0.008386328	0.9916136
0.01985572	0.98014426
0.9983954	0.0016046034
0.0020559437	0.99794406
0.99694794	0.0030520556
0.0017482233	0.99825174
0.9974827	0.0025173621
0.9974796	0.0025204206
0.9424824	0.057517637
0.013311726	0.9866883
0.7385238	0.26147625
0.9976418	0.0023582783
0.003358812	0.99664116
0.030354602	0.9696454
0.006772025	0.993228
0.0057137962	0.99428624
0.03900936	0.9609906
0.99437356	0.005626406
0.13704431	0.86295575
0.0057691038	0.99423087
0.73894966	0.26105037
0.971126	0.028873913
0.0057454417	0.9942545
0.946974	0.05302598
0.0090438295	0.9909561
0.03911953	0.9608805
0.9921221	0.007877907
0.0026299837	0.99737
0.997224	0.0027760046
0.9976578	0.002342185
0.062122237	0.93787783
0.0358552	0.96414477
0.9967489	0.0032510862
0.9983108	0.0016891699
0.94609106	0.053908978
0.99828714	0.0017128852
0.99799407	0.002005905
0.34418693	0.6558131
0.9764504	0.023549654
0.9911712	0.008828775
0.0037014384	0.9962986
0.0033984818	0.99660146
0.9196722	0.08032778
0.8974718	0.10252817
0.99839693	0.0016030602
0.98452234	0.0154776955
0.99694026	0.0030597139
0.98852575	0.0114742415
0.9912573	0.008742689
0.0036660207	0.99633396
0.997136	0.0028640113
0.8753683	0.1246317
0.95835	0.041650064
0.99765694	0.0023430218
0.89596975	0.10403025
0.9967901	0.003209922
0.61573124	0.38426876
0.010335734	0.98966426
0.0077866786	0.9922133
0.16856354	0.8314365
0.7968331	0.20316693
0.01590272	0.9840973
0.0036262413	0.9963737
0.0022722324	0.9977278
0.0063051865	0.99369484
0.989358	0.010642054
0.9979266	0.0020733846
0.99808216	0.0019178641
0.004197037	0.99580294
0.002385552	0.9976145
0.9865904	0.013409568
0.005466666	0.9945333
0.0025261417	0.9974739
0.99638546	0.0036145586
0.0027944243	0.99720556
0.9980751	0.0019248006
0.04177886	0.95822114
0.0025749428	0.9974251
0.993396	0.0066040396
0.0029591012	0.9970409
0.07387755	0.9261225
0.0021796008	0.9978204
0.66100514	0.33899486
0.990284	0.009715975
0.035194326	0.96480566
0.99810153	0.0018984572
0.0027696362	0.99723035
0.047214102	0.9527859
0.9919435	0.008056564
0.031589303	0.96841073
0.99307704	0.00692299
0.10939055	0.8906095
0.016571507	0.98342854
0.9979444	0.002055618
0.978839	0.021161014
0.99831223	0.0016878246
0.01596512	0.9840349
0.9984296	0.001570327
0.9919258	0.00807423
0.9973103	0.0026897024
0.9706937	0.02930633
0.024169479	0.9758305
0.01803004	0.98196995
0.0030553348	0.9969446
0.023239553	0.97676045
0.027420072	0.97257996
0.9963911	0.0036088766
0.9984553	0.0015447551
0.9892425	0.010757476
0.020468196	0.97953176
0.98740256	0.01259747
0.998131	0.0018690384
0.0019494225	0.9980506
0.99102366	0.008976377
0.9888221	0.011177873
0.0019219266	0.9980781
0.019576645	0.98042333
0.02700969	0.97299033
0.004283312	0.99571663
0.0017513201	0.9982487
0.86209124	0.13790882
0.9969253	0.0030747529
0.08121825	0.91878176
0.9905133	0.00948669
0.9974717	0.0025283883
0.9979038	0.002096205
0.9895728	0.010427181
0.07122493	0.9287751
0.99494934	0.005050666
0.9973035	0.002696479
0.9069783	0.09302167
0.9413617	0.058638263
0.99352276	0.006477259
0.998331	0.0016689672
0.9527687	0.047231343
0.9984275	0.0015725206
0.008781221	0.99121875
0.86449736	0.13550262
0.7658191	0.23418097
0.9955771	0.004422871
0.97169816	0.028301809
0.9962328	0.00376716
0.003672464	0.9963276
0.009162174	0.99083775
0.99698764	0.0030124036
0.0076492936	0.99235064
0.006405475	0.9935946
0.3264573	0.6735427
0.00684101	0.993159
0.9951355	0.004864513
0.0017695657	0.9982304
0.9984635	0.0015365193
0.9973003	0.002699725
0.9825968	0.017403211
0.002825481	0.9971745
0.006481719	0.9935183
0.9918243	0.008175652
0.9016251	0.0983749
0.90410566	0.09589437
0.08898451	0.9110155
0.0018214623	0.9981786
0.045966145	0.95403385
0.05572363	0.9442764
0.0019080099	0.998092
0.9958716	0.0041283774
0.03011836	0.9698816
0.0036989457	0.99630105
0.012870809	0.9871292
0.9677212	0.032278758
0.99250984	0.0074901856
0.013963035	0.98603696
0.9275388	0.0724612
0.99750865	0.0024913242
0.99518484	0.0048152
0.9961041	0.0038959326
0.0026594426	0.9973405
0.0020631775	0.99793684
0.9920718	0.007928184
0.97932076	0.0206792
0.0018131429	0.9981869
0.0043160478	0.9956839
0.052154522	0.9478455
0.9977041	0.002295945
0.18710864	0.81289136
0.009854307	0.9901456
0.0026420346	0.9973579
0.986813	0.013186994
0.9939015	0.0060984953
0.040944822	0.9590551
0.028118057	0.97188187
0.9891452	0.010854832
0.01034049	0.9896595
0.9895689	0.010431178
0.0035830198	0.9964169
0.9962733	0.0037267723
0.008406457	0.9915936
0.9965569	0.0034431424
0.99690115	0.003098888
0.0057474095	0.9942526
0.9924279	0.0075720935
0.0031687615	0.99683124
0.99776995	0.0022300845
0.6647808	0.33521926
0.018684745	0.9813153
0.006955744	0.9930442
0.5002251	0.49977493
0.049623642	0.95037633
0.99140245	0.008597544
0.0049860864	0.9950139
0.019375496	0.9806245
0.004289316	0.99571073
0.0021747903	0.99782526
0.91236377	0.08763629
0.9971974	0.002802544
0.027132057	0.9728679
0.008929097	0.99107087
0.013224246	0.9867757
0.9967744	0.0032256765
0.99200445	0.00799559
0.9966059	0.0033941031
0.98287416	0.017125811
0.29599488	0.7040051
0.008286714	0.9917133
0.002326319	0.9976737
0.9976826	0.0023174328
0.017506104	0.98249394
0.9924873	0.007512689
0.0072530815	0.9927469
0.996247	0.0037529524
0.0033405186	0.9966595
0.9966993	0.0033007106
0.99809617	0.0019038445
0.037184436	0.9628156
0.002005619	0.9979944
0.9940171	0.005982833
0.050519887	0.94948006
0.9907211	0.009278895
0.044219762	0.95578027
0.98206455	0.01793541
0.9976235	0.0023764882
0.98439425	0.015605731
0.028612385	0.9713876
0.9972537	0.002746232
0.0020197125	0.9979803
0.9718346	0.028165452
0.052655645	0.9473443
0.85651845	0.14348161
0.9861849	0.013815126
0.00421594	0.995784
0.07476615	0.9252339
0.002132842	0.9978671
0.011020122	0.9889798
0.9911479	0.008852102
0.002346423	0.99765354
0.9981365	0.0018634044
0.0018181654	0.9981818
0.99744296	0.0025570272
0.017948516	0.9820515
0.02968352	0.97031647
0.9851719	0.01482809
0.018968878	0.9810311
0.24822097	0.751779
0.004561835	0.99543816
0.9957878	0.0042121927
0.061568398	0.93843156
0.9960686	0.00393143
0.002860198	0.9971398
0.99661773	0.0033822428
0.70201784	0.29798213
0.9776184	0.022381619
0.9980844	0.0019155947
0.95997435	0.04002563
0.9975006	0.0024994523
0.0019051351	0.99809486
0.9973883	0.0026116697
0.0022271948	0.99777275
0.9954248	0.0045751864
0.023462255	0.97653776
0.93678826	0.06321175
0.99513716	0.0048628785
0.0071304156	0.99286956
0.0018953778	0.9981046
0.9980837	0.0019163267
0.0021720228	0.99782795
0.5920698	0.40793023
0.99659544	0.0034045486
0.03827609	0.9617239
0.99758065	0.0024193656
0.99619186	0.0038081831
0.9971795	0.0028204578
0.9975375	0.0024624574
0.9974039	0.0025960994
0.0028434463	0.9971565
0.9956605	0.004339515
0.057398885	0.94260114
0.01967108	0.9803289
0.0022958792	0.9977041
0.99616647	0.0038335558
0.03841892	0.96158105
0.99498713	0.005012938
0.002969166	0.99703085
0.13280825	0.8671918
0.9755881	0.024411902
0.002313149	0.99768686
0.072866805	0.92713314
0.25226167	0.74773836
0.015875757	0.98412424
0.0019264201	0.9980736
0.0064779315	0.9935221
0.006397838	0.9936021
0.004209433	0.99579054
0.99544936	0.0045505976
0.9974853	0.0025146452
0.023523426	0.9764766
0.0059227813	0.9940772
0.9980616	0.0019383543
0.99353963	0.0064603267
0.96879935	0.031200642
0.1301872	0.86981285
0.5000523	0.4999477
0.9935889	0.0064110984
0.99608374	0.003916291
0.7424786	0.25752142
0.8358773	0.16412269
0.8068007	0.19319929
0.9886984	0.011301518
0.092791066	0.9072089
0.96728176	0.03271824
0.9952614	0.004738642
0.98797244	0.012027607
0.050822522	0.94917744
0.0085414555	0.9914586
0.05629573	0.94370425
0.970234	0.029766
0.017883377	0.98211664
0.99643815	0.0035618895
0.7357312	0.26426882
0.0018489398	0.998151
0.07789652	0.9221035
0.6360014	0.36399862
0.021734565	0.9782654
0.0027801846	0.9972198
0.0888986	0.9111014
0.99768853	0.0023114802
0.02532686	0.9746731
0.9976567	0.0023433287
0.9983021	0.001697875
0.0022690964	0.9977309
0.7597352	0.24026476
0.009744681	0.9902553
0.05311577	0.9468842
0.993385	0.00661496
0.03852938	0.9614706
0.05032696	0.949673
0.99581546	0.0041845525
0.9934273	0.0065727937
0.0026716157	0.9973284
0.0022973302	0.99770266
0.0021406808	0.9978593
0.0018437455	0.99815625
0.045816958	0.9541831
0.9959908	0.004009221
0.9976351	0.0023648296
0.996974	0.0030259958
0.9980919	0.0019080852
0.9954058	0.004594219
0.0021464701	0.99785346
0.9908847	0.009115321
0.9939229	0.0060771164
0.025039172	0.97496086
0.9908195	0.009180516
0.9977958	0.0022041614
0.028482217	0.97151774
0.0019828368	0.9980172
0.9921177	0.007882358
0.0022817673	0.9977182
0.7758947	0.2241053
0.0060549243	0.99394506
0.014012978	0.985987
0.889112	0.110887975
0.0019185378	0.99808145
0.015487245	0.98451275
0.036156908	0.9638431
0.99428767	0.0057123275
0.010273213	0.98972684
0.0061699133	0.99383014
0.99781054	0.0021894292
0.99713385	0.0028660789
0.9785749	0.021425113
0.9895235	0.010476562
0.005619994	0.99438006
0.076004535	0.92399544
0.013595246	0.9864048
0.04186766	0.9581324
0.0116389	0.98836106
0.046626113	0.95337385
0.00456772	0.99543226
0.013022758	0.9869773
0.119813174	0.8801868
0.119415864	0.8805841
0.9972792	0.0027208584
0.99691087	0.0030892077
0.99700314	0.0029968924
0.009094533	0.9909054
0.99457896	0.00542106
0.0073333266	0.99266666
0.054942682	0.9450573
0.05466887	0.9453311
0.004055478	0.99594456
0.0030653425	0.99693465
0.9985108	0.0014892053
0.0023375566	0.9976624
0.99825495	0.0017449976
0.023932943	0.976067
0.8919891	0.10801089
0.99821246	0.0017875024
0.0020255465	0.99797446
0.0056694155	0.9943305
0.0113962535	0.9886037
0.97200274	0.027997306
0.019964447	0.9800355
0.9979261	0.0020738859
0.0025307622	0.9974693
0.99313134	0.0068686153
0.0053873286	0.9946127
0.9969382	0.0030617863
0.047288228	0.95271176
0.99799854	0.0020015019
0.99790823	0.0020918017
0.0024702298	0.9975298
0.9985751	0.0014248738
0.99292505	0.0070749912
0.99480057	0.005199456
0.9367232	0.06327687
0.0024724372	0.99752754
0.99323213	0.00676785
0.99639183	0.0036081723
0.99659085	0.0034091722
0.007597649	0.9924023
0.99839705	0.0016029387
0.0020143439	0.9979856
0.99803287	0.0019671388
0.0029270197	0.99707294
0.99686205	0.0031379052
0.94739825	0.052601743
0.0021491905	0.9978508
0.0067371163	0.99326295
0.009703429	0.99029654
0.002113339	0.9978866
0.9433097	0.056690294
0.019633383	0.98036665
0.012914721	0.9870853
0.0026202118	0.9973797
0.40159902	0.598401
0.7150449	0.2849551
0.060568556	0.9394314
0.9980453	0.0019546659
0.9964897	0.0035102102
0.8643819	0.13561803
0.9936233	0.0063766968
0.9879866	0.012013394
0.9971944	0.0028055883
0.09769288	0.90230715
0.4411297	0.55887026
0.0051137777	0.9948862
0.0097997105	0.9902002
0.005989714	0.9940103
0.076239206	0.9237608
0.15169726	0.8483027
0.0021983772	0.9978016
0.0075608506	0.99243915
0.9962541	0.0037459098
0.020573905	0.9794261
0.9977133	0.0022866859
0.056605414	0.9433946
0.97006994	0.029930037
0.9963811	0.003618954
0.057108697	0.9428913
0.8761032	0.12389678
0.042088743	0.95791125
0.9884525	0.011547498
0.99625826	0.0037417484
0.0053262427	0.9946737
0.9878483	0.0121517135
0.99661046	0.0033894868
0.0023261504	0.9976738
0.9979336	0.0020663657
0.012149584	0.98785037
0.025762295	0.97423774
0.99829084	0.0017091141
0.0029970007	0.997003
0.033761997	0.966238
0.9983785	0.0016215268
0.97838414	0.021615867
0.0019990955	0.9980009
0.030870374	0.9691297
0.15668662	0.8433134
0.005122096	0.99487793
0.064258985	0.93574107
0.85434026	0.1456597
0.0047734235	0.9952266
0.98135453	0.018645449
0.5655585	0.43444154
0.03055348	0.9694465
0.9815762	0.018423818
0.30629855	0.69370145
0.97302794	0.026972057
0.99709547	0.002904512
0.99095964	0.009040434
0.09901056	0.9009894
0.95866716	0.041332882
0.9983754	0.001624592
0.98116034	0.018839622
0.0023391808	0.9976609
0.99739385	0.0026061037
0.9870919	0.012908122
0.98981243	0.010187519
0.9496283	0.05037172
0.03753456	0.9624654
0.007311816	0.9926882
0.9666067	0.033393327
0.9966264	0.0033737032
0.024698883	0.97530115
0.0074478686	0.99255216
0.0021932516	0.9978067
0.0053515495	0.9946484
0.010842749	0.9891572
0.998089	0.0019109944
0.99818856	0.0018114643
0.99747914	0.0025208076
0.99671763	0.003282315
0.031787544	0.9682124
0.06262934	0.93737066
0.0056352033	0.99436486
0.9868254	0.01317459
0.9350054	0.064994596
0.99748766	0.002512331
0.94163096	0.05836903
0.011774174	0.9882258
0.9957294	0.0042705876
0.0019201018	0.9980799
0.011265192	0.9887348
0.005863354	0.9941367
0.008542247	0.99145776
0.9984799	0.0015200995
0.9969079	0.0030920662
0.0035891423	0.9964109
0.11104908	0.88895094
0.9973355	0.0026645204
0.0021675094	0.9978325
0.99490875	0.0050912537
0.0028065983	0.9971934
0.9835328	0.016467264
0.004679299	0.99532074
0.9977769	0.0022230314
0.02210816	0.9778919
0.002984297	0.9970157
0.9981572	0.0018427796
0.99235755	0.0076424195
0.0494811	0.9505189
0.0021375278	0.9978625
0.92311895	0.07688103
0.97434324	0.025656829
0.9793927	0.020607285
0.0020487886	0.9979512
0.9226513	0.07734868
0.99838936	0.0016106501
0.033159826	0.96684015
0.99665016	0.0033498006
0.99513173	0.004868326
0.008032424	0.9919676
0.9956195	0.004380481
0.9895459	0.010454094
0.997795	0.002205046
0.99764675	0.0023532733
0.9973967	0.002603335
0.9052214	0.094778575
0.00461057	0.99538946
0.9954541	0.004545891
0.0019739885	0.998026
0.011475865	0.98852414
0.99389267	0.006107314
0.013688771	0.98631126
0.9705194	0.029480621
0.873338	0.12666197
0.99748224	0.0025177605
0.002311986	0.99768806
0.0032011457	0.9967989
0.004420483	0.99557954
0.9976162	0.0023838116
0.8250287	0.17497125
0.9963098	0.0036902225
0.9939367	0.0060632518
0.99641705	0.0035829898
0.9984084	0.0015915986
0.21268478	0.7873152
0.010308275	0.9896917
0.9974492	0.0025507205
0.0019854768	0.99801445
0.0040010167	0.995999
0.002922909	0.9970771
0.99834085	0.001659108
0.12101357	0.8789864
0.020280965	0.97971904
0.9957319	0.004268098
0.0042183674	0.99578166
0.04758333	0.95241666
0.8558929	0.14410713
0.0019291755	0.9980709
0.008205703	0.9917943
0.9914324	0.008567589
0.9773751	0.022624968
0.0124862585	0.9875137
0.037645448	0.96235454
0.057632916	0.9423671
0.019869236	0.9801308
0.0018014137	0.99819857
0.04434971	0.95565027
0.94647104	0.053528987
0.07157773	0.9284223
0.995596	0.004404052
0.99788445	0.0021155565
0.07850864	0.9214914
0.9273124	0.07268763
0.02797185	0.9720282
0.013090447	0.98690957
0.99144626	0.008553731
0.0025261007	0.9974739
0.2849843	0.7150157
0.93990594	0.060094
0.0026533143	0.99734664
0.9926663	0.0073336945
0.01710073	0.9828993
0.002512178	0.9974878
0.002622391	0.99737763
0.5034989	0.49650112
0.9958548	0.0041451235
0.9808123	0.019187719
0.99613476	0.0038653205
0.93543744	0.064562544
0.08838693	0.9116131
0.9980726	0.0019273345
0.99761236	0.0023876
0.8433609	0.15663914
0.99652654	0.0034734143
0.0117029315	0.98829705
0.0020442572	0.9979557
0.9657304	0.034269515
0.99610656	0.0038933647
0.0022295902	0.9977704
0.016962044	0.98303795
0.0019586566	0.9980413
0.021090338	0.9789097
0.9979413	0.0020586494
0.99629223	0.0037077917
0.0069652167	0.99303484
0.018953355	0.9810466
0.0022523573	0.9977476
0.0031398346	0.99686015
0.9682557	0.03174435
0.9959125	0.0040874267
0.09519591	0.9048041
0.014327869	0.9856721
0.0089376	0.9910624
0.097815886	0.9021841
0.2016027	0.7983973
0.98939276	0.010607246
0.12054002	0.87946004
0.9972268	0.002773201
0.99448967	0.005510348
0.9959544	0.0040455908
0.0022080021	0.997792
0.002845678	0.99715436
0.9961106	0.0038893803
0.9965364	0.0034636871
0.9739498	0.026050193
0.9983815	0.0016184457
0.0020015035	0.9979984
0.0054538483	0.9945462
0.9981756	0.0018243687
0.99487287	0.005127104
0.0024980463	0.9975019
0.99738914	0.0026108501
0.9976241	0.0023758952
0.9806763	0.01932375
0.13292494	0.8670751
0.9981199	0.0018800856
0.01304166	0.9869583
0.08824631	0.91175365
0.9924313	0.0075686397
0.08508808	0.9149119
0.012439169	0.9875608
0.9937245	0.0062755113
0.9983576	0.0016423761
0.8350536	0.1649464
0.9423761	0.05762385
0.0019751687	0.9980248
0.88488686	0.11511311
0.9962459	0.003754051
0.002262556	0.9977374
0.9970937	0.0029063274
0.9962992	0.003700777
0.99509674	0.004903199
0.98825306	0.011746936
0.0019967393	0.9980033
0.9959791	0.004020916
0.34051636	0.6594836
0.96967983	0.030320212
0.9903385	0.009661516
0.0025766508	0.9974234
0.9971834	0.0028166412
0.017706309	0.98229367
0.0027713624	0.9972287
0.03827057	0.9617294
0.996627	0.0033729973
0.12931418	0.8706859
0.9902446	0.009755386
0.99535286	0.0046471455
0.055028565	0.94497144
0.9921619	0.007838077
0.048595846	0.9514041
0.038160663	0.9618394
0.02722579	0.97277427
0.2569497	0.74305034
0.99739933	0.0026006557
0.003266743	0.9967333
0.00681865	0.9931813
0.99770147	0.0022985614
0.9836537	0.016346253
0.9900299	0.009970176
0.99709344	0.0029065984
0.0023430812	0.99765694
0.012973365	0.98702663
0.99735665	0.0026433163
0.003371223	0.9966287
0.96574044	0.03425954
0.006323191	0.99367684
0.4817618	0.5182382
0.036031898	0.96396804
0.9969766	0.0030233543
0.99813026	0.0018697039
0.9978859	0.002114088
0.84873784	0.15126216
0.9945285	0.005471584
0.014288071	0.985712
0.99625397	0.0037459559
0.9916045	0.008395526
0.9965641	0.0034359265
0.0041422453	0.9958578
0.0070817405	0.9929182
0.051484115	0.9485159
0.99753076	0.002469311
0.004595578	0.9954045
0.0024512399	0.99754876
0.0019959074	0.99800414
0.99699044	0.0030095263
0.016247269	0.9837527
0.99683267	0.0031673322
0.0030764693	0.9969235
0.99538666	0.0046133455
0.99814	0.0018600633
0.0048717153	0.9951283
0.0022329278	0.9977671
0.028904336	0.9710957
0.9965917	0.0034083526
0.0030701233	0.99692994
0.052032247	0.9479677
0.9970114	0.002988616
0.9981148	0.0018851875
0.12491717	0.87508285
0.99819857	0.0018014557
0.18614663	0.8138534
0.98796636	0.012033649
0.9947143	0.0052856845
0.0020101673	0.9979899
0.25238585	0.74761415
0.9239399	0.07606013
0.791202	0.20879796
0.9927579	0.007242083
0.99689937	0.003100652
0.032411978	0.967588
0.10039683	0.8996032
0.003187217	0.99681276
0.008032116	0.99196786
0.0049100607	0.9950899
0.001965854	0.9980342
0.012167752	0.98783225
0.97910017	0.020899871
0.6949607	0.30503926
0.027406216	0.9725938
0.9984591	0.0015409105
0.8972972	0.102702804
0.99772507	0.0022749396
0.019060185	0.9809398
0.9984078	0.0015922056
0.7433677	0.25663233
0.9962417	0.0037583318
0.9924706	0.00752935
0.009923835	0.9900761
0.009991255	0.9900087
0.023059495	0.9769405
0.035754606	0.9642454
0.0077090734	0.9922909
0.002073302	0.9979267
0.9947667	0.0052332985
0.0031801565	0.99681985
0.009667033	0.9903329
0.9771277	0.022872346
0.9674778	0.032522246
0.0035637533	0.99643624
0.0050952137	0.99490476
0.0017419461	0.99825805
0.122785434	0.87721455
0.9966008	0.0033991907
0.0038285512	0.9961714
0.006117761	0.9938823
0.98291034	0.017089715
0.7423596	0.25764045
0.013242359	0.98675764
0.0054685324	0.9945314
0.03524977	0.9647502
0.98748976	0.012510182
0.99833256	0.0016675061
0.0078891255	0.99211085
0.9940653	0.005934697
0.011078991	0.9889209
0.0021982128	0.9978017
0.0056999614	0.9943
0.0019756292	0.99802434
0.017249832	0.9827502
0.013287121	0.98671293
0.99846387	0.0015361463
0.08270107	0.9172989
0.8594908	0.14050919
0.99653095	0.0034690201
0.9977569	0.0022431049
0.0045873136	0.99541265
0.992092	0.007907973
0.0028707269	0.99712926
0.99250025	0.007499726
0.04154526	0.9584548
0.9980558	0.001944224
0.07799154	0.92200845
0.998223	0.0017769769
0.99336267	0.006637351
0.9980831	0.0019168457
0.0035187653	0.9964812
0.9833798	0.016620245
0.9984226	0.0015773808
0.99756515	0.0024348893
0.0072738975	0.9927261
0.0908838	0.9091162
0.0022876104	0.9977124
0.015388864	0.9846111
0.9647213	0.03527862
0.9969863	0.0030137356
0.0019307211	0.99806935
0.98391426	0.016085688
0.99069744	0.009302553
0.010627714	0.9893723
0.040323235	0.9596768
0.9960155	0.003984432
0.010118073	0.98988193
0.7881325	0.21186753
0.9950486	0.004951377
0.87282014	0.12717982
0.99566793	0.0043320074
0.0037590084	0.996241
0.026138667	0.97386134
0.97790796	0.022091988
0.99510777	0.004892301
0.007812118	0.99218786
0.0020141138	0.99798584
0.0021740256	0.9978259
0.9963546	0.0036454569
0.012838112	0.98716193
0.056410562	0.9435894
0.0019317378	0.9980683
0.99447083	0.005529144
0.9754285	0.024571497
0.004364265	0.9956357
0.97812337	0.021876615
0.99346787	0.006532178
0.9951746	0.0048254747
0.9959638	0.0040361946
0.9756	0.024399975
0.99422497	0.005775089
0.99766576	0.002334263
0.0060674897	0.99393255
0.022020195	0.9779798
0.030654555	0.96934545
0.9968587	0.0031412332
0.94768196	0.05231798
0.9949102	0.0050898017
0.9840358	0.015964193
0.99546486	0.00453515
0.99833184	0.0016682158
0.002468658	0.9975313
0.0068901563	0.9931098
0.0051125865	0.9948874
0.014714503	0.98528546
0.083765596	0.91623443
0.9967874	0.0032126145
0.99811137	0.0018886683
0.12998985	0.87001014
0.9977059	0.0022941697
0.94019294	0.059807055
0.99838436	0.0016156158
0.99778324	0.0022167598
0.9983619	0.0016380815
0.050228067	0.94977194
0.99468815	0.005311835
0.992766	0.007233941
0.047922365	0.95207757
0.9755274	0.024472602
0.9967822	0.0032178562
0.9937297	0.0062702466
0.99575317	0.0042468454
0.919932	0.08006801
0.84911495	0.150885
0.8331719	0.16682808
0.9962534	0.0037466343
0.0018193326	0.99818075
0.99340194	0.006598068
0.016992094	0.9830079
0.04223661	0.9577634
0.0026172183	0.9973828
0.015766036	0.9842339
0.0035443655	0.99645567
0.9979619	0.0020380886
0.99769646	0.002303518
0.002003938	0.9979961
0.9968059	0.003194127
0.014076063	0.985924
0.029720562	0.9702794
0.99402183	0.0059781987
0.013067156	0.9869328
0.015984325	0.9840157
0.0033338682	0.99666613
0.08993387	0.9100661
0.9964709	0.003529147
0.0018824027	0.99811757
0.96912116	0.030878851
0.9961004	0.0038995878
0.9924816	0.007518383
0.9969658	0.0030341865
0.10903838	0.89096165
0.0049074823	0.9950925
0.0018448716	0.99815506
0.996714	0.00328603
0.0023558293	0.9976441
0.07561648	0.9243836
0.004634014	0.995366
0.9945709	0.0054290434
0.025223788	0.9747762
0.99811894	0.0018810361
0.9803749	0.019625142
0.1148615	0.8851385
0.7694322	0.23056783
0.0023462242	0.9976538
0.991011	0.008988979
0.021802772	0.9781973
0.99519074	0.0048092203
0.03204212	0.9679579
0.1627843	0.83721566
0.98946977	0.010530229
0.98798984	0.012010077
0.0023122863	0.9976877
0.93827665	0.061723292
0.0025421905	0.9974578
0.007249917	0.99275005
0.022017566	0.9779824
0.010636983	0.989363
0.0036389453	0.9963611
0.98178816	0.018211909
0.034636162	0.9653638
0.022422064	0.9775779
0.9969649	0.0030351402
0.06367023	0.9363297
0.007915851	0.99208415
0.9972473	0.0027527185
0.9984035	0.0015965651
0.92374545	0.07625453
0.99777067	0.0022293122
0.044085477	0.95591456
0.08102479	0.91897523
0.0043046703	0.99569535
0.055173654	0.94482636
0.030157926	0.969842
0.060602024	0.939398
0.9764508	0.0235492
0.0057329778	0.99426705
0.0019687105	0.9980313
0.012078574	0.9879215
0.005428264	0.99457175
0.9975061	0.0024939992
0.012542121	0.98745793
0.05115674	0.9488433
0.016439369	0.9835607
0.9922586	0.007741337
0.012470512	0.9875295
0.03555502	0.96444494
0.0054027447	0.9945972
0.15977888	0.8402211
0.94453436	0.055465605
0.99638003	0.0036199375
0.9963696	0.0036304248
0.08292399	0.917076
0.6909344	0.30906558
0.001914798	0.99808526
0.99715155	0.0028484666
0.0034728036	0.99652714
0.99751306	0.002486945
0.9961356	0.0038644758
0.9902372	0.009762786
0.045988586	0.9540114
0.0050619696	0.994938
0.9971674	0.0028326157
0.9399283	0.060071733
0.9909122	0.009087746
0.014741179	0.9852588
0.028757937	0.9712421
0.9983005	0.0016995522
0.9966743	0.0033256537
0.9319246	0.06807541
0.0021207856	0.99787927
0.99747187	0.0025280816
0.99729055	0.0027093904
0.0032500944	0.9967499
0.9983266	0.0016734239
0.9886219	0.011378164
0.9366009	0.06339907
0.005656067	0.994344
0.9943942	0.0056058248
0.9983382	0.0016617306
0.0032243687	0.9967757
0.99830794	0.0016920236
0.0022973642	0.99770266
0.010011697	0.98998827
0.9971392	0.0028608553
0.0054498357	0.99455017
0.99391454	0.006085454
0.0018476133	0.9981523
0.9526369	0.04736305
0.006737828	0.99326223
0.002395812	0.9976042
0.008289983	0.99171
0.44475827	0.55524176
0.99752337	0.002476651
0.0020787846	0.9979213
0.002834096	0.99716586
0.998264	0.0017359506
0.9983923	0.0016077453
0.0072498824	0.99275005
0.023442604	0.97655743
0.039364677	0.96063536
0.0030014561	0.99699855
0.98836374	0.01163629
0.0019948531	0.9980052
0.0077842446	0.9922158
0.9983851	0.0016149684
0.9977754	0.0022245992
0.048938554	0.9510614
0.0019401966	0.9980598
0.002544444	0.99745554
0.99793327	0.002066715
0.998304	0.0016959476
0.19610283	0.80389714
0.97948575	0.020514198
0.101777695	0.8982223
0.99624807	0.003751951
0.99838066	0.0016192795
0.9849502	0.015049823
0.9794973	0.020502709
0.99843854	0.0015615138
0.99494153	0.00505846
0.002872868	0.9971271
0.057356454	0.94264346
0.9941818	0.0058181942
0.040057514	0.95994246
0.9954454	0.0045546694
0.009371641	0.9906283
0.99392253	0.006077401
0.009188687	0.99081135
0.9948638	0.0051361793
0.99711764	0.0028824266
0.0020283312	0.9979717
0.81938034	0.18061963
0.038049035	0.961951
0.96314424	0.03685576
0.0021393145	0.9978607
0.99534225	0.0046577933
0.9219203	0.078079745
0.99240464	0.0075954
0.10382929	0.89617074
0.94896835	0.051031608
0.003650157	0.9963498
0.022604773	0.97739524
0.005135473	0.9948645
0.99749964	0.0025002903
0.023264777	0.9767352
0.09530174	0.9046982
0.9770915	0.022908445
0.105997846	0.89400214
0.0018745603	0.9981255
0.99743587	0.0025641248
0.008275178	0.99172485
0.01305399	0.98694605
0.99818677	0.0018132145
0.0021350759	0.9978649
0.0029239766	0.99707603
0.9980685	0.001931553
0.057064645	0.9429353
0.002073274	0.9979267
0.8955431	0.10445689
0.97159505	0.02840496
0.025270667	0.9747293
0.011030328	0.9889697
0.9983656	0.0016344088
0.010074643	0.9899254
0.996908	0.0030920429
0.9893482	0.010651802
0.0020369815	0.9979631
0.035037637	0.96496236
0.028257495	0.9717425
0.033751834	0.96624815
0.03232331	0.96767664
0.002418155	0.99758184
0.019572072	0.9804279
0.038062125	0.96193784
0.04974876	0.9502512
0.012164463	0.9878356
0.0024057066	0.9975943
0.9532858	0.04671421
0.9979329	0.002067137
0.023349758	0.97665024
0.9960647	0.0039353343
0.9942667	0.0057333447
0.006204693	0.9937953
0.0023796083	0.9976204
0.9940737	0.0059262915
0.9947654	0.0052346215
0.96486217	0.035137802
0.062172703	0.9378273
0.9982955	0.0017044878
0.99836534	0.0016346407
0.9897363	0.010263704
0.9979492	0.0020508862
0.0034031218	0.9965969
0.020699248	0.97930074
0.9851236	0.014876447
0.99759895	0.0024010558
0.0021419218	0.9978581
0.9941174	0.005882647
0.0024163497	0.9975836
0.89153075	0.10846928
0.9293907	0.07060925
0.034099326	0.9659007
0.0019759904	0.998024
0.002013878	0.9979861
0.001949532	0.99805045
0.03421568	0.9657844
0.0065062693	0.99349374
0.07723801	0.92276204
0.20095347	0.7990466
0.99831676	0.0016832823
0.012624282	0.98737574
0.8805316	0.119468436
0.97438	0.025619984
0.9983664	0.0016335944
0.04803288	0.9519672
0.99764	0.002359995
0.9946636	0.005336403
0.18024239	0.8197576
0.9984901	0.0015098338
0.0050948076	0.99490523
0.006818437	0.9931815
0.97592133	0.02407864
0.047060233	0.9529398
0.0029788793	0.99702114
0.9965802	0.0034198784
0.0069639045	0.9930361
0.9912116	0.008788442
0.0021920989	0.9978079
0.004195236	0.99580485
0.0018279012	0.99817204
0.9725724	0.027427582
0.003059179	0.9969408
0.99840015	0.0015998061
0.99275666	0.007243372
0.99783367	0.0021663506
0.0023192028	0.9976808
0.00482985	0.9951702
0.98830986	0.0116902
0.9969717	0.0030282177
0.9793292	0.020670729
0.0038872028	0.9961128
0.01869943	0.9813006
0.9954579	0.004542078
0.48006725	0.51993275
0.03032124	0.9696788
0.014001387	0.98599863
0.003500909	0.99649906
0.97501785	0.024982138
0.99812716	0.0018728728
0.9984487	0.0015512599
0.98158413	0.018415904
0.9984572	0.0015428131
0.071613796	0.9283862
0.84529656	0.1547034
0.7283862	0.27161375
0.849765	0.15023506
0.9983551	0.0016448597
0.9939447	0.006055251
0.0019299329	0.99807006
0.9981888	0.0018112098
0.0023167161	0.9976833
0.9973302	0.0026698299
0.9926696	0.0073303906
0.011140604	0.9888594
0.0023420493	0.9976579
0.98993874	0.010061235
0.99480516	0.0051947962
0.003306353	0.9966936
0.99433964	0.0056603802
0.9897142	0.010285737
0.9959044	0.0040955874
0.071342066	0.92865795
0.9004101	0.09958992
0.99772924	0.0022707332
0.035368748	0.96463126
0.9955616	0.004438421
0.13480769	0.8651923
0.99294007	0.0070599196
0.0046734046	0.99532664
0.9906555	0.009344472
0.99525815	0.0047418163
0.14861377	0.85138625
0.012434326	0.9875657
0.0045680213	0.995432
0.9597365	0.040263396
0.0058642235	0.99413574
0.013571005	0.986429
0.9949427	0.0050572646
0.008221085	0.9917789
0.0021309226	0.997869
0.0018470399	0.9981529
0.0023646567	0.99763536
0.029341903	0.9706581
0.0030158139	0.9969842
0.0057035713	0.9942965
0.96591115	0.03408882
0.0019515437	0.9980484
0.040940527	0.9590594
0.0049509453	0.99504906
0.020061351	0.9799386
0.9853415	0.014658487
0.024628341	0.97537166
0.99633116	0.00366891
0.0068663363	0.99313366
0.0058070286	0.994193
0.98469216	0.015307878
0.9874297	0.01257038
0.9955922	0.0044077584
0.0032766836	0.99672335
0.9948437	0.0051562465
0.0044232407	0.99557674
0.99765426	0.0023457892
0.99059373	0.009406327
0.0029706114	0.9970293
0.015157774	0.9848422
0.069679424	0.9303206
0.0027094341	0.99729055
0.9833069	0.016693046
0.99829084	0.0017091696
0.010280583	0.9897194
0.9982547	0.0017452618
0.990738	0.009261986
0.99694115	0.0030588387
0.97867674	0.021323334
0.014582893	0.98541707
0.98882467	0.01117538
0.062984854	0.9370152
0.97524375	0.024756214
0.3586314	0.6413686
0.9977569	0.0022430792
0.99472046	0.0052795783
0.029738348	0.9702617
0.006095141	0.9939049
0.85081524	0.14918472
0.0024656244	0.9975344
0.0023936043	0.9976064
0.9982729	0.001727072
0.012357941	0.98764205
0.0029217699	0.9970783
0.29439372	0.7056063
0.02895631	0.97104377
0.0048129032	0.9951871
0.9781594	0.021840652
0.031199405	0.9688006
0.9731147	0.026885293
0.0027326543	0.99726737
0.012188752	0.98781127
0.99789906	0.0021009403
0.99668366	0.0033163351
0.022333656	0.9776664
0.99568164	0.004318311
0.98541194	0.014588012
0.004231204	0.9957688
0.030190412	0.96980965
0.99759394	0.0024060889
0.9972716	0.0027283574
0.9719087	0.028091345
0.005494994	0.994505
0.9982634	0.0017365705
0.9767476	0.023252416
0.9968263	0.003173693
0.018695991	0.98130405
0.83949345	0.1605066
0.9653005	0.03469945
0.0051275636	0.9948724
0.9971426	0.0028573433
0.92688173	0.073118195
0.026176639	0.97382337
0.99701947	0.0029804783
0.99337596	0.0066240216
0.9935529	0.0064471187
0.9963903	0.003609662
0.028591776	0.9714082
0.040910583	0.95908934
0.0019088509	0.99809116
0.28314802	0.71685195
0.062563166	0.93743676
0.002521609	0.9974784
0.038807515	0.96119255
0.003908301	0.99609166
0.033429828	0.96657014
0.010270061	0.98973
0.0028732861	0.99712676
0.9961443	0.003855693
0.9966371	0.0033628629
0.99800175	0.0019982392
0.010137299	0.9898627
0.06606526	0.9339347
0.99471587	0.00528415
0.9968483	0.0031516969
0.006887344	0.9931126
0.0020890853	0.9979109
0.9779196	0.02208039
0.0018469627	0.99815303
0.99837023	0.001629757
0.0020757813	0.9979242
0.011494715	0.9885053
0.0021472343	0.9978528
0.0039696125	0.9960304
0.007662415	0.99233764
0.03053703	0.969463
0.9966407	0.00335936
0.998387	0.0016130505
0.004598658	0.99540126
0.9926369	0.0073631136
0.998287	0.0017129651
0.9979266	0.0020734349
0.20126414	0.7987358
0.03166318	0.9683368
0.9982541	0.0017458625
0.07291165	0.9270884
0.0018137281	0.9981863
0.023726173	0.9762738
0.010071025	0.989929
0.079202116	0.9207979
0.0020992893	0.9979007
0.9950954	0.004904712
0.001976592	0.9980234
0.02018855	0.9798115
0.0043212604	0.9956787
0.018652325	0.9813477
0.0026217154	0.99737835
0.9981172	0.0018827934
0.010614385	0.9893856
0.11539508	0.884605
0.99793977	0.002060241
0.0017656157	0.9982344
0.9700323	0.02996773
0.9976835	0.0023164381
0.0071679987	0.99283195
0.012606232	0.98739374
0.005149925	0.9948501
0.0037604372	0.99623954
0.995194	0.004806
0.96959376	0.03040623
0.0029939956	0.997006
0.9600317	0.039968338
0.99647164	0.0035284348
0.0046834275	0.9953166
0.036219455	0.9637805
0.0019127075	0.9980872
0.0018953786	0.9981046
0.0020301107	0.9979699
0.003641541	0.99635845
0.015041583	0.9849584
0.003988211	0.99601173
0.99326915	0.0067308713
0.0031240478	0.9968759
0.9979722	0.002027809
0.04161713	0.95838284
0.0062466147	0.9937534
0.909984	0.09001606
0.9371754	0.062824644
0.0852616	0.91473836
0.046053756	0.95394623
0.9968323	0.0031677464
0.0030974124	0.9969025
0.0025209074	0.99747914
0.002390805	0.99760914
0.045791272	0.9542087
0.9440369	0.055963118
0.9929141	0.007085934
0.99478686	0.005213128
0.9880971	0.011902952
0.9956518	0.0043482822
0.62976164	0.3702384
0.010873533	0.9891264
0.06386963	0.93613034
0.9983852	0.0016148285
0.99837565	0.0016243327
0.054429594	0.9455704
0.0025744017	0.9974256
0.991531	0.008469015
0.99667966	0.0033203124
0.035994936	0.96400505
0.9976478	0.0023521448
0.91614765	0.083852336
0.9528074	0.047192536
0.022181535	0.9778185
0.75139785	0.24860214
0.9770134	0.022986598
0.9966581	0.0033418934
0.9965288	0.0034711454
0.99631137	0.0036886414
0.007849336	0.99215066
0.0132086305	0.9867914
0.0021313427	0.99786866
0.23243323	0.76756674
0.006178061	0.99382186
0.9977863	0.002213733
0.058223814	0.9417762
0.8159387	0.1840613
0.9901923	0.009807697
0.9863236	0.013676446
0.02105483	0.9789452
0.9983071	0.0016928278
0.9904293	0.009570701
0.17206752	0.8279325
0.9978442	0.0021557587
0.19056214	0.8094378
0.991435	0.00856494
0.004583431	0.9954165
0.9258044	0.07419563
0.006624511	0.9933755
0.021319225	0.9786808
0.006814344	0.99318564
0.011549121	0.9884509
0.0026295744	0.99737036
0.008482507	0.9915175
0.95666564	0.043334305
0.036962684	0.9630373
0.9981515	0.0018485246
0.9982272	0.0017728235
0.100200176	0.8997998
0.995529	0.004471009
0.043887895	0.9561121
0.9972765	0.002723538
0.10461642	0.8953836
0.073879644	0.92612034
0.0018886792	0.99811137
0.0064184163	0.99358165
0.007859108	0.9921409
0.016963216	0.9830368
0.012538572	0.9874614
0.012150192	0.9878498
0.9978648	0.0021352852
0.9976332	0.002366788
0.98924166	0.010758298
0.008792196	0.9912077
0.99646324	0.0035368307
0.0054150657	0.994585
0.0025463072	0.99745363
0.002115345	0.9978847
0.9647595	0.03524045
0.009529955	0.99047005
0.99799675	0.0020031712
0.9968689	0.0031310993
0.9948605	0.0051395283
0.0018796606	0.99812037
0.0028712882	0.9971288
0.0064658877	0.9935341
0.0020995312	0.9979005
0.0024437658	0.9975562
0.9968484	0.0031515798
0.9601211	0.039878916
0.0022073365	0.9977927
0.020466283	0.9795337
0.11633442	0.88366556
0.0034036492	0.9965964
0.9935143	0.006485682
0.16551025	0.83448976
0.0018052722	0.99819475
0.0056190398	0.994381
0.0020700025	0.99793005
0.9884117	0.01158827
0.9966305	0.0033695563
0.002309294	0.9976907
0.99596703	0.0040329797
0.029727109	0.9702729
0.9969355	0.0030644655
0.9960486	0.003951321
0.0019268859	0.9980731
0.99075127	0.009248689
0.009414193	0.99058574
0.0020018087	0.9979982
0.99393106	0.0060689244
0.99334574	0.006654281
0.011337807	0.9886622
0.023658577	0.97634137
0.008066595	0.9919334
0.97141236	0.02858766
0.003789826	0.9962102
0.071896434	0.9281035
0.017322047	0.982678
0.0026995258	0.99730045
0.002024357	0.99797565
0.041144684	0.95885533
0.034528628	0.9654714
0.99645126	0.0035487893
0.99233	0.007669967
0.6754463	0.3245537
0.0018105136	0.9981895
0.29169184	0.7083082
0.9875959	0.012404073
0.94956756	0.05043247
0.9974421	0.002557908
0.9984798	0.0015202218
0.01779989	0.98220015
0.996906	0.003093957
0.0040179878	0.99598205
0.0024898353	0.9975102
0.004760226	0.99523973
0.9857174	0.01428262
0.99813205	0.0018680088
0.9980586	0.0019413844
0.9936231	0.006376896
0.031522557	0.9684775
0.96350145	0.036498543
0.99783367	0.0021663362
0.05886909	0.94113094
0.9978275	0.0021724985
0.027505275	0.9724947
0.0221084	0.97789156
0.0018602463	0.99813974
0.97060645	0.029393533
0.0040320065	0.995968
0.011651785	0.9883482
0.024623856	0.97537607
0.0017239009	0.9982761
0.38147405	0.618526
0.15750973	0.84249026
0.9895035	0.010496457
0.0020788338	0.99792117
0.03132519	0.96867484
0.9817762	0.018223822
0.99402183	0.005978171
0.99835277	0.0016472136
0.20014453	0.7998555
0.99810815	0.0018918168
0.9789039	0.021096174
0.99832946	0.0016704949
0.9980496	0.0019504173
0.02553513	0.9744649
0.9433749	0.05662514
0.0077551734	0.9922448
0.9972683	0.0027317135
0.97749704	0.02250294
0.9982844	0.0017155214
0.012869162	0.9871308
0.0033246547	0.9966754
0.018261837	0.98173815
0.9816669	0.01833308
0.0019244949	0.9980755
0.006303854	0.99369615
0.072966106	0.92703384
0.99827766	0.001722322
0.9943538	0.005646201
0.015249681	0.9847503
0.013315672	0.9866844
0.045365896	0.95463413
0.0029347758	0.99706525
0.006266614	0.99373335
0.9983016	0.0016983795
0.0023301134	0.9976699
0.00851101	0.99148905
0.30686596	0.69313407
0.9974655	0.0025345592
0.996369	0.0036310495
0.025355615	0.97464436
0.98110926	0.0188907
0.99835783	0.0016422027
0.9952911	0.0047089513
0.002188542	0.9978115
0.99558014	0.0044198805
0.9829852	0.017014816
0.9946402	0.005359835
0.0019737948	0.9980262
0.008637994	0.99136204
0.9975961	0.0024038944
0.99532014	0.0046798587
0.989512	0.010487942
0.9958592	0.004140833
0.0017945596	0.9982054
0.02640526	0.9735947
0.023770062	0.9762299
0.0040298207	0.99597025
0.0023670609	0.997633
0.9939275	0.006072486
0.42336714	0.57663286
0.19501409	0.80498594
0.7500537	0.24994631
0.301578	0.69842196
0.9900484	0.00995161
0.9977342	0.002265807
0.0018331321	0.9981668
0.99633396	0.0036660347
0.99680555	0.0031944457
0.99605465	0.003945298
0.027385846	0.9726141
0.9949746	0.0050254334
0.002414755	0.9975853
0.004770624	0.99522936
0.9959565	0.0040434906
0.009563946	0.990436
0.9951893	0.0048106723
0.0034606596	0.99653935
0.1710201	0.82897985
0.001755326	0.99824464
0.004172738	0.99582726
0.9140369	0.085963085
0.9780416	0.02195842
0.93345755	0.066542424
0.7256511	0.27434888
0.0024569528	0.9975431
0.005724881	0.99427515
0.079495385	0.92050457
0.994551	0.005449014
0.04578399	0.95421594
0.002226732	0.99777323
0.99624914	0.003750837
0.9774769	0.022523064
0.007717883	0.9922821
0.0044506444	0.9955493
0.9964981	0.003501829
0.99333936	0.006660638
0.9935942	0.006405742
0.0018223416	0.99817765
0.99006593	0.009934017
0.0019016819	0.9980983
0.9898127	0.010187288
0.9842014	0.015798664
0.9617958	0.038204234
0.98856413	0.011435948
0.9952258	0.00477425
0.0063860086	0.993614
0.99772817	0.0022718017
0.53248197	0.46751806
0.9869021	0.013097814
0.011856254	0.98814374
0.99715185	0.0028481334
0.9970228	0.0029771647
0.74723125	0.25276873
0.003298504	0.99670154
0.0018732242	0.9981268
0.99792755	0.0020724218
0.9967822	0.0032177796
0.05317055	0.9468295
0.97379816	0.026201822
0.0036801903	0.9963198
0.99736625	0.0026337437
0.027289575	0.97271043
0.99609524	0.0039047268
0.003223322	0.99677664
0.06862025	0.9313798
0.994718	0.0052820505
0.074924566	0.9250754
0.015327643	0.98467237
0.13612196	0.863878
0.9975649	0.0024350882
0.9957956	0.0042044492
0.9877351	0.012264867
0.018245237	0.9817547
0.03454892	0.965451
0.0019636876	0.9980363
0.010194109	0.9898059
0.9940714	0.005928525
0.0021247065	0.99787533
0.99588996	0.004110064
0.0017579785	0.998242
0.98530143	0.014698543
0.0075955433	0.9924044
0.996885	0.003115031
0.010570348	0.98942965
0.008481674	0.9915183
0.015030595	0.9849694
0.02931392	0.9706861
0.9945075	0.0054925634
0.9889232	0.011076828
0.17036848	0.82963157
0.005908349	0.9940917
0.002088358	0.99791163
0.9971691	0.0028308786
0.07934202	0.92065793
0.002022593	0.99797744
0.024121828	0.9758782
0.00860084	0.99139917
0.99620664	0.003793329
0.0084298765	0.9915701
0.003937829	0.9960622
0.996507	0.0034929428
0.014478751	0.98552126
0.0018765042	0.99812347
0.99645007	0.0035499614
0.0022862875	0.9977137
0.99790514	0.0020948227
0.0022850458	0.997715
0.9973309	0.002669124
0.96197283	0.038027156
0.0018887275	0.99811125
0.99160075	0.008399329
0.8599547	0.1400453
0.0035461981	0.99645376
0.005654056	0.99434596
0.9932447	0.006755322
0.034923162	0.9650768
0.0059562335	0.99404377
0.35863382	0.6413662
0.9777393	0.022260692
0.08808485	0.9119151
0.89923286	0.10076718
0.0020249353	0.99797505
0.998271	0.0017289822
0.10374404	0.89625597
0.98510855	0.014891477
0.027434597	0.9725654
0.99480057	0.005199399
0.100574404	0.8994256
0.9866079	0.0133920675
0.9982748	0.0017251543
0.99689746	0.0031025996
0.015408723	0.98459125
0.0030418292	0.99695814
0.016397594	0.9836024
0.0039700917	0.9960299
0.9841245	0.015875526
0.9311783	0.06882167
0.7787364	0.22126359
0.39901483	0.6009852
0.0019233009	0.9980767
0.9619595	0.038040537
0.021459583	0.9785404
0.0056648967	0.9943351
0.006744239	0.99325573
0.9971609	0.0028391096
0.16262722	0.8373728
0.009262442	0.9907376
0.9969983	0.0030017302
0.99608994	0.0039101182
0.99751544	0.0024846059
0.9965258	0.0034741573
0.0065347217	0.99346524
0.04788807	0.95211196
0.868726	0.13127396
0.99771416	0.0022858307
0.004648513	0.99535143
0.9937265	0.006273505
0.036040667	0.9639593
0.002026283	0.99797374
0.9924332	0.0075668534
0.9958691	0.004130931
0.03677009	0.96322984
0.99713755	0.002862481
0.9892697	0.010730358
0.0059965574	0.9940035
0.9971386	0.0028614413
0.11254345	0.8874565
0.9506179	0.04938214
0.041089844	0.9589101
0.030886143	0.9691139
0.998078	0.0019220007
0.0023640674	0.99763596
0.023909416	0.97609055
0.0027364462	0.99726355
0.9932482	0.00675172
0.04244511	0.9575549
0.9945621	0.005437936
0.9983132	0.0016867917
0.9975083	0.0024917359
0.010533796	0.98946613
0.9973029	0.0026971137
0.004451599	0.99554837
0.030688718	0.9693113
0.9968779	0.0031220394
0.0019611453	0.9980388
0.99816954	0.001830384
0.99738723	0.0026127843
0.08993656	0.91006345
0.002783129	0.9972168
0.0053717503	0.99462825
0.018788332	0.98121166
0.0025058053	0.9974942
0.98561007	0.014389928
0.0058391467	0.99416083
0.99645126	0.0035486876
0.99238706	0.007612963
0.9925955	0.0074045104
0.99577904	0.004220904
0.9930783	0.0069216914
0.9941969	0.005803104
0.032424428	0.96757555
0.035202682	0.9647973
0.066018805	0.9339812
0.8054612	0.19453879
0.027843209	0.9721568
0.011931404	0.98806864
0.054547366	0.94545263
0.9743662	0.025633844
0.9877852	0.012214828
0.9948003	0.005199618
0.9968028	0.0031971738
0.9931022	0.0068977894
0.012803458	0.98719656
0.0058024167	0.9941976
0.0045529227	0.9954471
0.0024817572	0.9975183
0.014043204	0.9859568
0.0025499926	0.99744993
0.19869965	0.80130035
0.002362127	0.99763787
0.0020536245	0.99794644
0.9894685	0.010531491
0.014206303	0.98579377
0.99313545	0.006864489
0.01226124	0.9877387
0.0018200643	0.9981799
0.091918126	0.9080819
0.9480935	0.051906545
0.9692807	0.03071933
0.99737656	0.0026234314
0.9846346	0.015365472
0.011387899	0.9886121
0.9981737	0.0018262418
0.98526275	0.0147372605
0.9983392	0.0016608459
0.011350766	0.98864925
0.026938127	0.9730619
0.007043933	0.99295604
0.042569842	0.9574302
0.9937285	0.00627148
0.983517	0.01648308
0.0037091435	0.9962909
0.99738616	0.0026137894
0.9963289	0.003671089
0.9978897	0.0021102803
0.0039683813	0.9960316
0.99808025	0.0019197875
0.9984871	0.0015128707
0.99783176	0.0021682438
0.12295196	0.877048
0.9943568	0.00564315
0.9967001	0.003299862
0.19255206	0.8074479
0.0062953644	0.9937046
0.9976157	0.0023843062
0.99807644	0.0019234949
0.011295666	0.9887044
0.9910295	0.008970487
0.0019199427	0.99808
0.041279517	0.9587205
0.0023260796	0.9976739
0.99224406	0.007755955
0.99841416	0.001585796
0.9980598	0.0019401856
0.0022086052	0.9977914
0.007787942	0.99221206
0.0506432	0.9493568
0.99805164	0.001948369
0.032788835	0.9672112
0.9951918	0.0048081526
0.9970161	0.0029839764
0.002055803	0.9979442
0.0018438076	0.99815613
0.99409324	0.005906789
0.9956339	0.00436606
0.00218864	0.9978114
0.008684471	0.9913155
0.9957313	0.004268694
0.99378175	0.0062183095
0.94604397	0.053956006
0.9963536	0.0036463556
0.005046046	0.99495393
0.97793144	0.0220686
0.99803406	0.001965941
0.9917671	0.008232947
0.9966414	0.00335864
0.988395	0.011605077
0.0034655863	0.99653435
0.92413956	0.07586042
0.15573548	0.8442645
0.87893385	0.12106617
0.9957048	0.0042951237
0.07356168	0.92643833
0.008090692	0.9919093
0.98289734	0.017102638
0.77131844	0.2286816
0.13552195	0.86447805
0.99742186	0.0025781486
0.0030548626	0.9969451
0.0077037136	0.9922963
0.010874345	0.9891257
0.013684391	0.98631555
0.0028087958	0.99719125
0.044917922	0.95508206
0.9399845	0.060015477
0.9665816	0.033418432
0.9882563	0.011743737
0.99470735	0.0052925725
0.0023229902	0.997677
0.009943045	0.99005693
0.95339817	0.046601806
0.9965025	0.003497512
0.9970612	0.002938838
0.9326713	0.06732871
0.002357235	0.9976427
0.81902987	0.18097013
0.985188	0.014812027
0.9965591	0.0034409165
0.011618248	0.9883817
0.9617346	0.03826543
0.004070219	0.9959298
0.99734324	0.0026567865
0.001930564	0.99806947
0.99735767	0.0026422958
0.06739398	0.932606
0.9926363	0.007363671
0.0018308965	0.99816906
0.919146	0.08085396
0.005057356	0.9949426
0.9967217	0.003278371
0.0051289573	0.994871
0.0039964444	0.99600357
0.99402374	0.0059762946
0.9984415	0.0015584759
0.00674984	0.99325013
0.0053941957	0.99460584
0.00835227	0.9916477
0.0018490183	0.998151
0.00697182	0.9930282
0.99754685	0.002453094
0.923199	0.07680098
0.0025312244	0.9974688
0.0020685184	0.9979315
0.003406063	0.9965939
0.99766505	0.0023350227
0.9980259	0.001974163
0.11176944	0.8882306
0.029230883	0.9707691
0.004398448	0.99560153
0.99748504	0.0025148846
0.008201506	0.9917985
0.04463286	0.95536715
0.9956944	0.004305639
0.15903555	0.8409645
0.99726534	0.002734673
0.02779612	0.9722039
0.35746294	0.64253706
0.09499392	0.90500605
0.99804664	0.001953323
0.9452811	0.054718923
0.99502903	0.0049709524
0.99497545	0.0050246106
0.0027468458	0.9972531
0.9984654	0.0015346551
0.012190722	0.9878093
0.02448953	0.9755105
0.008398636	0.9916013
0.9934307	0.006569348
0.9746211	0.025378888
0.9966202	0.0033797526
0.99815625	0.0018437955
0.00294585	0.9970541
0.0136132	0.9863868
0.058895823	0.9411041
0.009308927	0.99069107
0.0036795402	0.9963205
0.0042099273	0.99579006
0.0018891124	0.9981109
0.99783	0.0021700521
0.996095	0.003905007
0.9738972	0.026102819
0.0027082323	0.99729174
0.0043048826	0.9956951
0.015005033	0.98499495
0.98769414	0.012305892
0.08563127	0.91436875
0.07138679	0.92861325
0.0022969064	0.99770314
0.99021006	0.009789948
0.0064749	0.99352515
0.9920083	0.0079916995
0.9981312	0.0018688359
0.0038782489	0.9961217
0.9882752	0.011724882
0.99319	0.0068100146
0.9983615	0.001638481
0.98680925	0.01319068
0.9938857	0.006114347
0.80608803	0.19391204
0.9952669	0.00473314
0.9937264	0.006273656
0.024265302	0.9757347
0.0028759292	0.997124
0.9186278	0.08137221
0.9957688	0.00423125
0.95467013	0.0453299
0.9981256	0.0018743316
0.9984091	0.0015909912
0.9978052	0.0021947923
0.04350201	0.956498
0.0019820237	0.998018
0.996478	0.0035219335
0.8482718	0.15172823
0.12367771	0.87632227
0.40120554	0.5987944
0.9976687	0.0023312988
0.9811482	0.018851828
0.03571151	0.96428853
0.9891839	0.010816122
0.011821088	0.98817885
0.9329839	0.06701615
0.98361546	0.016384518
0.0027250485	0.99727494
0.9510833	0.048916638
0.0020793711	0.9979207
0.97538155	0.024618503
0.984048	0.015951972
0.004249182	0.9957508
0.0020580844	0.9979419
0.992423	0.0075770263
0.9908118	0.009188239
0.06932162	0.93067837
0.024970338	0.97502965
0.905006	0.094993986
0.9795242	0.020475851
0.0180568	0.9819432
0.9979976	0.0020023477
0.038207464	0.9617925
0.9950564	0.004943553
0.0029271422	0.9970728
0.98215586	0.017844116
0.0040040207	0.995996
0.9972697	0.0027303253
0.0043647997	0.9956352
0.9077573	0.09224273
0.9966319	0.003368067
0.9942509	0.005749159
0.0030589493	0.99694103
0.04588103	0.95411897
0.83732414	0.16267583
0.03675294	0.9632471
0.7444605	0.2555395
0.99363554	0.0063645085
0.002536783	0.9974632
0.0070828577	0.9929172
0.0047286022	0.9952714
0.0020612844	0.9979387
0.018498132	0.9815019
0.20897786	0.7910222
0.0042462437	0.99575377
0.017412795	0.98258716
0.016590238	0.98340976
0.9831166	0.016883401
0.9735476	0.026452374
0.011923412	0.98807657
0.002786781	0.9972132
0.017656203	0.9823438
0.99328667	0.0067133573
0.99705195	0.002948078
0.99734867	0.0026512735
0.997727	0.0022729856
0.37827992	0.6217201
0.772098	0.22790195
0.0028407788	0.99715924
0.10998003	0.89001995
0.16728815	0.8327119
0.0038020841	0.9961979
0.9930212	0.0069787716
0.00824758	0.99175245
0.99361914	0.0063808067
0.004451468	0.9955485
0.9974099	0.0025901624
0.005681218	0.9943188
0.978815	0.021185009
0.06990172	0.93009835
0.01646969	0.98353034
0.0031360863	0.99686396
0.0021211961	0.9978788
0.017615559	0.9823844
0.9951409	0.0048591304
0.011186014	0.98881394
0.0019082642	0.99809176
0.9983139	0.0016861623
0.99839103	0.0016090102
0.9958021	0.004197848
0.84861135	0.1513887
0.97712004	0.022879895
0.9513123	0.048687767
0.9828335	0.017166488
0.93689233	0.06310763
0.03689454	0.96310544
0.9971214	0.0028786382
0.0334104	0.9665896
0.020620236	0.9793798
0.0036642726	0.99633574
0.00322352	0.9967765
0.05855398	0.941446
0.0026476395	0.99735236
0.020864129	0.97913593
0.99694806	0.003051986
0.76124555	0.23875445
0.98575157	0.014248415
0.004561103	0.9954389
0.0018425707	0.99815744
0.060132723	0.9398673
0.008150735	0.9918493
0.99368614	0.006313868
0.02259196	0.977408
0.0028448715	0.9971551
0.9983854	0.0016145624
0.022756036	0.9772439
0.9907946	0.00920543
0.97984767	0.02015235
0.0025360566	0.99746394
0.039697677	0.96030235
0.9935905	0.0064095305
0.98561424	0.01438579
0.00261371	0.9973863
0.023620704	0.97637933
0.019128392	0.98087156
0.0032296265	0.9967704
0.043440256	0.9565597
0.9919984	0.0080015855
0.03940261	0.9605974
0.9969657	0.0030342657
0.9977113	0.002288747
0.99837756	0.0016224015
0.033219907	0.9667801
0.7653856	0.23461443
0.9972287	0.0027713175
0.9971206	0.0028794375
0.9924905	0.0075095682
0.0024560855	0.9975439
0.9300176	0.06998237
0.0019674862	0.9980325
0.998283	0.0017169437
0.7160072	0.28399283
0.99493474	0.0050653233
0.001982999	0.99801695
0.9066897	0.09331028
0.99491876	0.005081213
0.99635774	0.0036422818
0.9982438	0.0017562538
0.9697834	0.030216563
0.9972084	0.002791569
0.0020348963	0.9979651
0.9970655	0.002934476
0.79076564	0.20923431
0.9946163	0.0053836433
0.99235004	0.007649916
0.010432448	0.9895676
0.023266478	0.97673345
0.97792554	0.02207446
0.01333498	0.986665
0.013609731	0.98639023
0.98832464	0.011675401
0.9936579	0.0063420814
0.06367615	0.9363239
0.9963689	0.0036310926
0.9968935	0.0031064379
0.9242362	0.0757638
0.0019755785	0.99802446
0.0045164125	0.99548364
0.017617423	0.9823826
0.0044747354	0.9955252
0.0055805496	0.9944194
0.9980275	0.0019724728
0.038935278	0.9610647
0.9969728	0.0030271672
0.0043591717	0.9956409
0.0022670554	0.9977329
0.9974826	0.0025173859
0.0020324304	0.99796754
0.968334	0.03166594
0.9634487	0.0365513
0.84572375	0.15427625
0.114821486	0.88517845
0.9978236	0.0021763884
0.03336813	0.9666318
0.083949186	0.9160508
0.9830088	0.016991219
0.084179804	0.9158202
0.03836765	0.9616323
0.99410605	0.0058939173
0.99742424	0.0025757216
0.9634425	0.036557507
0.99705315	0.0029467912
0.064253815	0.9357462
0.059325263	0.9406747
0.9968081	0.0031918061
0.0022746138	0.9977254
0.99801767	0.0019822752
0.9964804	0.003519585
0.013765879	0.9862342
0.0052952757	0.9947048
0.98177576	0.018224243
0.91098255	0.08901746
0.9958192	0.004180711
0.9937457	0.006254238
0.005115209	0.9948848
0.001955813	0.99804413
0.99661785	0.003382148
0.995732	0.0042679524
0.99763775	0.002362208
0.96632916	0.03367083
0.9905496	0.009450354
0.99151564	0.008484308
0.9866247	0.013375263
0.7363942	0.2636058
0.09819052	0.90180945
0.9946261	0.0053738933
0.9937405	0.0062594204
0.0072552036	0.9927448
0.05367467	0.9463253
0.99810576	0.0018942171
0.9984244	0.0015756615
0.12691821	0.87308174
0.0058906158	0.9941094
0.012079904	0.98792005
0.9589694	0.041030593
0.054264758	0.9457352
0.9983967	0.0016033074
0.92846274	0.07153727
0.99760604	0.0023939232
0.035421897	0.96457815
0.024714975	0.97528505
0.9984226	0.001577338
0.0034785846	0.9965215
0.0024652644	0.99753475
0.99740595	0.002594084
0.9980459	0.001954091
0.9973839	0.0026161168
0.018474014	0.981526
0.98354316	0.016456833
0.03434629	0.9656537
0.0020976197	0.9979024
0.997804	0.0021960104
0.9950464	0.004953654
0.023901548	0.9760985
0.99739146	0.0026084594
0.028135791	0.9718642
0.02317447	0.9768255
0.9981072	0.0018928276
0.14779533	0.8522046
0.8515296	0.14847037
0.016704233	0.98329574
0.9951762	0.004823785
0.0030484349	0.9969516
0.075401284	0.92459875
0.79875654	0.20124346
0.024137912	0.9758621
0.039175496	0.9608245
0.005695788	0.99430424
0.9859023	0.0140976915
0.9979255	0.0020744978
0.003764144	0.9962359
0.002181695	0.99781835
0.99171805	0.008281919
0.991409	0.008591015
0.99837375	0.0016262679
0.002279607	0.9977204
0.023289898	0.97671014
0.9974553	0.0025446862
0.9298812	0.070118755
0.065830745	0.93416923
0.97511894	0.024881063
0.0077919117	0.99220806
0.017499445	0.9825005
0.9949876	0.005012453
0.0034904592	0.9965095
0.011223968	0.9887761
0.012275172	0.98772484
0.9888242	0.01117577
0.0020147983	0.99798524
0.0020319433	0.997968
0.9975458	0.002454236
0.0035895358	0.9964104
0.06706482	0.9329352
0.9915285	0.00847149
0.99692094	0.0030791028
0.9891049	0.0108950855
0.99781966	0.0021803458
0.9973859	0.002614129
0.9953576	0.0046424656
0.99424076	0.0057592415
0.9935696	0.0064304024
0.023490524	0.97650945
0.0020363028	0.99796367
0.97814757	0.021852475
0.06379873	0.9362013
0.0018380511	0.998162
0.99047405	0.0095259845
0.003826099	0.9961739
0.9817972	0.018202743
0.98958147	0.010418535
0.0020522752	0.99794775
0.9970969	0.0029030652
0.9335892	0.06641082
0.0046376837	0.99536234
0.0042189686	0.99578106
0.0021769868	0.997823
0.9980592	0.0019407304
0.0028383767	0.9971616
0.99579924	0.0042007295
0.9788225	0.021177456
0.007960781	0.9920392
0.0072876145	0.9927124
0.08161782	0.9183822
0.003998495	0.99600154
0.9936393	0.0063606612
0.75150687	0.2484932
0.0022369365	0.99776304
0.060292657	0.9397074
0.994272	0.005727981
0.059598874	0.9404012
0.996768	0.0032319636
0.99787354	0.0021264523
0.006836007	0.993164
0.010311773	0.9896882
0.9982817	0.0017183274
0.028248368	0.97175163
0.007899971	0.99210006
0.95753783	0.042462148
0.9963116	0.0036884276
0.98872966	0.01127036
0.996516	0.0034840335
0.80872893	0.1912711
0.042394657	0.9576054
0.8000864	0.19991365
0.9983333	0.0016667456
0.99749184	0.002508214
0.99794215	0.002057817
0.068559684	0.9314403
0.99612314	0.0038768973
0.027747395	0.9722526
0.9965257	0.0034743326
0.0020159504	0.99798405
0.98353636	0.016463624
0.04103697	0.95896304
0.9956232	0.0043768706
0.98888236	0.011117667
0.012018397	0.9879816
0.0018630135	0.998137
0.9978903	0.0021097383
0.0060297144	0.9939703
0.0021636968	0.9978363
0.003054905	0.9969451
0.16873276	0.83126724
0.99833316	0.0016669196
0.04077581	0.95922416
0.0023024618	0.99769753
0.0910307	0.90896934
0.776346	0.223654
0.9790911	0.02090891
0.0085363975	0.9914636
0.0017405346	0.9982595
0.0048416494	0.9951584
0.95464426	0.045355715
0.8442235	0.15577649
0.9971078	0.0028921552
0.002030128	0.9979698
0.0089255115	0.9910745
0.045035526	0.9549644
0.17536461	0.82463545
0.08528414	0.9147158
0.031233551	0.96876645
0.06402558	0.9359744
0.021521756	0.9784782
0.9892083	0.0107917525
0.99682957	0.0031704546
0.004178443	0.9958216
0.9975243	0.0024757276
0.99549085	0.004509138
0.024240598	0.9757593
0.9979767	0.0020233297
0.0021116803	0.99788827
0.0018503105	0.99814975
0.0025721765	0.99742776
0.99543554	0.0045644776
0.99585307	0.004146972
0.060858432	0.9391416
0.01180014	0.98819983
0.9961532	0.0038468502
0.0037908342	0.99620914
0.9588942	0.04110581
0.0029301275	0.99706984
0.0025938165	0.9974062
0.025776371	0.9742236
0.018143887	0.98185605
0.9778596	0.022140324
0.024677768	0.97532225
0.9969132	0.0030867497
0.99149466	0.00850531
0.9977245	0.0022755275
0.98671037	0.013289673
0.0028594418	0.9971405
0.0020535365	0.99794644
0.98556805	0.014431958
0.99698323	0.0030167168
0.9889253	0.011074729
0.0018272767	0.99817276
0.0054389783	0.994561
0.99693525	0.0030647889
0.13486032	0.86513966
0.9975305	0.0024694565
0.0018121256	0.99818784
0.01047278	0.9895272
0.99779546	0.0022046054
0.050693013	0.94930696
0.9888427	0.011157243
0.016764462	0.9832356
0.6566862	0.34331384
0.0064978604	0.9935021
0.003626386	0.9963736
0.094117954	0.905882
0.9944916	0.0055084066
0.99847776	0.0015222193
0.24523488	0.7547651
0.002865124	0.9971349
0.9826299	0.01737017
0.008135114	0.99186486
0.99595296	0.004047032
0.005406941	0.9945931
0.98925996	0.0107400855
0.99840003	0.0015999997
0.3543524	0.6456475
0.9983469	0.0016530266
0.16551188	0.83448815
0.0031735634	0.9968264
0.99699545	0.0030045114
0.9984627	0.0015373001
0.0059826374	0.99401736
0.986717	0.013283072
0.98867524	0.0113247465
0.025267128	0.97473294
0.9975668	0.0024332057
0.062217996	0.937782
0.114873216	0.8851268
0.010907074	0.98909295
0.0023551593	0.99764484
0.015239116	0.9847609
0.9980835	0.0019165985
0.046605054	0.9533949
0.033089	0.9669111
0.009812981	0.99018705
0.0031517057	0.9968483
0.0044357125	0.99556434
0.9973213	0.0026786888
0.04651137	0.95348865
0.014182736	0.98581725
0.9675029	0.03249713
0.0060999817	0.99390006
0.0020352236	0.99796474
0.8654718	0.13452822
0.0069125397	0.9930875
0.078840956	0.92115897
0.002419727	0.9975803
0.00244672	0.9975533
0.033991132	0.9660088
0.97565836	0.024341704
0.011761969	0.98823804
0.0039696125	0.9960304
0.99669826	0.003301757
0.9976532	0.0023468907
0.0028334348	0.9971666
0.0032897675	0.9967102
0.7371366	0.26286337
0.99755174	0.0024482333
0.005917475	0.9940825
0.0026259243	0.99737406
0.0019035472	0.9980964
0.065913014	0.9340869
0.004692391	0.9953076
0.83553237	0.16446763
0.0021266725	0.9978733
0.0022254847	0.99777454
0.005970796	0.99402916
0.03708747	0.96291256
0.04168055	0.9583194
0.007310978	0.99268895
0.92740464	0.07259538
0.02863473	0.9713652
0.9977876	0.002212345
0.09551049	0.90448946
0.002898153	0.99710184
0.0035727439	0.99642724
0.9984504	0.0015495413
0.9979705	0.002029426
0.97804755	0.021952523
0.0023034336	0.9976966
0.005161266	0.9948388
0.042489424	0.95751053
0.9843737	0.01562633
0.997512	0.002487979
0.98563564	0.014364312
0.99685055	0.0031494594
0.9950852	0.004914748
0.9983758	0.0016242642
0.18764563	0.8123543
0.07834245	0.92165756
0.998283	0.0017170568
0.007126576	0.99287343
0.06719074	0.93280923
0.99611425	0.0038856943
0.97185487	0.028145162
0.002690176	0.9973098
0.009822293	0.9901777
0.9974771	0.0025228758
0.019027315	0.98097265
0.0112711	0.9887289
0.02325416	0.97674584
0.0018087047	0.9981913
0.983004	0.016996013
0.030333295	0.9696667
0.99698406	0.0030159485
0.0023800794	0.9976199
0.9444832	0.055516765
0.96614265	0.033857375
0.957312	0.042688068
0.99812454	0.0018755115
0.002130428	0.9978696
0.0019464653	0.99805355
0.9962446	0.0037553748
0.008236293	0.9917637
0.9978885	0.0021114915
0.0054452685	0.99455476
0.027540129	0.97245985
0.99849296	0.0015070473
0.38394693	0.61605304
0.98586637	0.014133625
0.046429906	0.9535701
0.99627316	0.0037268607
0.02787809	0.9721219
0.0021119576	0.997888
0.0031065843	0.9968934
0.99704593	0.0029541224
0.0033777263	0.9966223
0.995688	0.0043119104
0.99821717	0.0017828097
0.18454951	0.81545055
0.0026480905	0.9973519
0.001988204	0.9980118
0.0058829756	0.994117
0.010417267	0.9895828
0.0034932368	0.99650675
0.020507451	0.97949255
0.04637186	0.9536281
0.01888758	0.98111236
0.99372166	0.0062783193
0.07013072	0.92986923
0.83811504	0.1618849
0.9929422	0.0070578614
0.13650323	0.8634968
0.026907858	0.97309214
0.11352157	0.8864784
0.99681586	0.0031841157
0.048820253	0.95117974
0.002023159	0.99797684
0.07253492	0.9274651
0.989447	0.010552983
0.013411776	0.9865882
0.99770737	0.0022926521
0.9983713	0.0016287365
0.0037112671	0.9962888
0.99296796	0.007032103
0.9747239	0.025276205
0.003672617	0.99632734
0.9976036	0.0023964273
0.99509	0.0049100216
0.9942725	0.005727571
0.99754816	0.0024518345
0.99719965	0.002800333
0.081030004	0.91897
0.9980394	0.0019605423
0.0268195	0.97318053
0.029467214	0.9705328
0.083275594	0.91672444
0.44829223	0.55170774
0.29440957	0.7055904
0.99511635	0.0048835957
0.9960471	0.0039529204
0.018171674	0.9818284
0.99725527	0.0027447229
0.97178644	0.028213587
0.95626575	0.043734297
0.0019028798	0.9980971
0.02936614	0.97063386
0.99725395	0.0027460023
0.2530696	0.7469304
0.9976318	0.0023681382
0.06871132	0.93128866
0.003060721	0.9969393
0.9682897	0.03171035
0.004322122	0.9956779
0.075642414	0.9243576
0.2872515	0.7127485
0.017400347	0.9825996
0.99336386	0.0066362135
0.3683911	0.63160896
0.99603075	0.0039691804
0.99075997	0.0092400685
0.4600523	0.5399477
0.0029930423	0.99700695
0.9981817	0.0018183682
0.1160467	0.8839533
0.9768265	0.023173524
0.0029832814	0.9970168
0.0018821062	0.9981179
0.99761885	0.0023811462
0.012912247	0.9870877
0.024779418	0.9752206
0.9967781	0.0032219207
0.0048655695	0.9951344
0.99791044	0.0020895116
0.0020418046	0.9979582
0.002617635	0.99738234
0.98652864	0.013471381
0.9950597	0.004940317
0.0025711786	0.99742883
0.010039185	0.9899608
0.0036138026	0.9963862
0.99473405	0.00526593
0.9927188	0.007281222
0.021072775	0.9789272
0.017540116	0.9824599
0.032608222	0.9673917
0.99821305	0.0017869344
0.06598662	0.9340134
0.996473	0.0035269256
0.55524695	0.44475305
0.99795246	0.0020474875
0.018461358	0.98153865
0.22184941	0.77815056
0.012676164	0.98732376
0.998398	0.0016019507
0.97775954	0.022240475
0.013230003	0.98677003
0.9930906	0.006909356
0.9981341	0.001865948
0.09312278	0.9068772
0.012637909	0.98736215
0.99830097	0.0016990944
0.99285525	0.0071447846
0.002505537	0.99749446
0.9629928	0.037007198
0.014455947	0.985544
0.010332316	0.98966765
0.004360247	0.9956397
0.0023251616	0.9976749
0.9983273	0.0016726266
0.99574125	0.004258762
0.05606196	0.943938
0.9778325	0.022167457
0.99478996	0.0052100928
0.0034796803	0.9965203
0.0076322714	0.9923677
0.0056193117	0.99438065
0.9297906	0.07020943
0.90874046	0.0912595
0.015073918	0.9849261
0.040930204	0.95906985
0.0037125756	0.99628747
0.0031546555	0.9968453
0.0037659325	0.9962341
0.013183886	0.9868161
0.062515505	0.93748456
0.0021870378	0.997813
0.99679404	0.0032059296
0.85443074	0.1455692
0.9906433	0.009356717
0.9976826	0.0023174402
0.0139100095	0.98608994
0.9958509	0.0041491115
0.997747	0.0022529662
0.9912879	0.008712155
0.99752146	0.0024784645
0.99141765	0.008582328
0.0045837443	0.9954163
0.9977653	0.002234741
0.027829804	0.97217023
0.994001	0.0059989644
0.996289	0.0037110378
0.34997785	0.6500222
0.14006346	0.85993654
0.0055345166	0.99446553
0.8643554	0.13564458
0.018382609	0.98161745
0.009951235	0.99004877
0.011475205	0.98852485
0.0038454342	0.9961546
0.9886829	0.0113170985
0.033520922	0.96647906
0.010683915	0.9893161
0.0027723268	0.9972276
0.01978082	0.9802192
0.025541952	0.974458
0.005597383	0.9944026
0.0029059583	0.99709404
0.0018828809	0.9981171
0.9939429	0.0060571115
0.08404223	0.9159578
0.0033165922	0.9966834
0.002073722	0.99792624
0.9967367	0.0032633229
0.9935314	0.0064685713
0.0023220931	0.997678
0.039244488	0.9607555
0.9862366	0.013763352
0.99795413	0.0020458095
0.9704526	0.029547319
0.0020729792	0.99792695
0.994031	0.005968934
0.0022480623	0.9977519
0.9975898	0.0024101667
0.002961125	0.99703896
0.026603444	0.97339654
0.008336307	0.9916637
0.053393073	0.94660693
0.004396974	0.9956031
0.9946831	0.005316939
0.024517817	0.97548217
0.99343514	0.006564827
0.010408963	0.98959106
0.005893708	0.9941063
0.5265957	0.47340423
0.96811557	0.031884458
0.18480255	0.8151974
0.004842605	0.9951574
0.013850081	0.9861499
0.9969241	0.0030758847
0.0038166689	0.99618334
0.002088167	0.9979119
0.0054846667	0.99451536
0.0040615727	0.9959384
0.9944787	0.0055212257
0.0024699667	0.99753004
0.033408754	0.9665913
0.99134433	0.008655689
0.075389646	0.9246104
0.006810098	0.9931899
0.004731907	0.99526805
0.96679926	0.033200685
0.9969944	0.0030056273
0.0020042774	0.99799573
0.9977761	0.0022238968
0.0039238743	0.99607605
0.9954959	0.0045041344
0.9974486	0.002551337
0.0024648397	0.9975351
0.9398418	0.060158156
0.031761166	0.96823883
0.002088653	0.9979113
0.9954028	0.004597197
0.0020802547	0.99791974
0.99361587	0.006384097
0.9976109	0.0023890622
0.017856022	0.982144
0.58367	0.41633004
0.006504753	0.9934953
0.008864788	0.99113524
0.9967803	0.0032197286
0.032665372	0.9673346
0.9983615	0.0016384996
0.12709408	0.87290585
0.041462783	0.9585372
0.003189912	0.99681
0.007892899	0.9921071
0.9979715	0.0020285144
0.9966546	0.0033453049
0.002880815	0.9971192
0.0027090218	0.9972909
0.9906556	0.009344411
0.055930704	0.9440693
0.026484309	0.97351575
0.96351445	0.036485586
0.008322489	0.9916775
0.9585525	0.04144753
0.0038134304	0.99618655
0.031334817	0.96866524
0.3062617	0.69373834
0.0030720616	0.9969279
0.9984006	0.0015993874
0.0020423392	0.9979577
0.99806136	0.0019386369
0.995939	0.0040609785
0.004317616	0.99568236
0.99320364	0.006796402
0.004461504	0.9955384
0.002109491	0.99789053
0.99210054	0.007899456
0.9943506	0.0056494037
0.02726824	0.97273177
0.011022207	0.98897785
0.9979976	0.0020023573
0.99396366	0.006036282
0.99847645	0.0015235397
0.004905336	0.99509466
0.0020418474	0.9979582
0.002062626	0.99793744
0.9979717	0.0020282585
0.14700097	0.85299903
0.012811568	0.9871884
0.9954764	0.0045235786
0.017361894	0.9826382
0.99502486	0.004975122
0.99604577	0.0039542275
0.0043849605	0.995615
0.0026730949	0.99732685
0.9931514	0.006848498
0.038458556	0.9615415
0.0074132765	0.9925867
0.0055073514	0.99449265
0.04757817	0.95242184
0.9982495	0.0017505368
0.9954573	0.0045426902
0.0020542617	0.9979457
0.9964785	0.0035215053
0.0026324524	0.99736756
0.99757284	0.0024271782
0.002996304	0.99700373
0.99650407	0.0034959735
0.9978847	0.002115345
0.002419483	0.9975805
0.002998282	0.9970017
0.9981558	0.0018442413
0.99759126	0.0024088053
0.017281849	0.98271817
0.054843932	0.9451561
0.009598675	0.9904013
0.0018598593	0.9981401
0.08019831	0.9198017
0.9868897	0.013110297
0.9709445	0.029055517
0.004240862	0.9957592
0.9981741	0.0018259063
0.007397172	0.9926029
0.0018630348	0.998137
0.21655904	0.78344095
0.89929974	0.10070025
0.027107833	0.97289217
0.0031181774	0.99688184
0.0022231615	0.9977768
0.9975642	0.0024357904
0.0029750792	0.99702495
0.06782455	0.93217546
0.9982734	0.0017265856
0.002407882	0.9975921
0.0018565924	0.99814343
0.008838428	0.9911616
0.10377364	0.89622635
0.9965245	0.0034754882
0.99636024	0.003639744
0.24194911	0.7580509
0.9970682	0.002931853
0.9969175	0.0030825417
0.07229567	0.92770433
0.9976743	0.0023257744
0.9982539	0.0017461077
0.007397889	0.99260205
0.9978648	0.0021351958
0.9982278	0.0017721822
0.029167049	0.9708329
0.9946215	0.005378437
0.002030504	0.99796945
0.003249489	0.9967505
0.9978174	0.0021825596
0.03743701	0.9625629
0.0024999115	0.9975001
0.018641088	0.98135895
0.9956844	0.0043156547
0.896716	0.10328395
0.9106308	0.08936921
0.9982838	0.0017161766
0.014589933	0.9854101
0.041226033	0.958774
0.99710196	0.0028980204
0.9347655	0.065234445
0.9984688	0.0015311283
0.082646675	0.91735333
0.9965593	0.003440604
0.99512637	0.0048735696
0.026929403	0.97307056
0.9982999	0.0017001851
0.9975096	0.00249033
0.9899014	0.010098578
0.013343768	0.9866563
0.0027475697	0.9972524
0.99843115	0.0015688295
0.99708027	0.0029197228
0.9984168	0.0015832523
0.99586546	0.004134569
0.0033238141	0.9966762
0.0018907702	0.9981092
0.97415644	0.02584358
0.99704	0.0029600041
0.00618532	0.9938147
0.018782044	0.981218
0.022818722	0.9771813
0.9645809	0.035419144
0.0046367375	0.99536324
0.0057028355	0.9942972
0.024690261	0.9753097
0.004586249	0.9954137
0.020173755	0.9798263
0.0022483233	0.99775165
0.7686542	0.23134579
0.0020750766	0.9979249
0.0049194614	0.9950806
0.003004139	0.9969959
0.9958754	0.004124649
0.9967655	0.0032344842
0.0057970197	0.99420303
0.0019599102	0.99804014
0.0017641379	0.9982358
0.069386624	0.9306134
0.043897815	0.95610213
0.99843353	0.001566419
0.015293135	0.9847068
0.96363604	0.036364
0.9617304	0.03826957
0.08900924	0.9109908
0.9975163	0.0024836997
0.07453006	0.92547
0.9969901	0.0030099126
0.057801608	0.9421984
0.99386203	0.0061379904
0.002302305	0.99769765
0.04002617	0.95997375
0.98924994	0.010750112
0.004844545	0.99515545
0.0018641753	0.9981358
0.6185654	0.3814346
0.0020399312	0.9979601
0.07706611	0.9229339
0.9956762	0.004323772
0.98983043	0.010169572
0.9978217	0.0021782822
0.108429395	0.8915706
0.99752384	0.0024761492
0.3919503	0.6080497
0.99532557	0.004674398
0.054145757	0.94585425
0.4976611	0.50233895
0.18725635	0.81274366
0.9952864	0.0047136247
0.0033866724	0.9966133
0.0019596957	0.9980404
0.96602494	0.03397508
0.9973901	0.0026098841
0.04189483	0.95810515
0.88577753	0.11422251
0.98754066	0.012459361
0.06032137	0.93967867
0.029953677	0.9700463
0.99839705	0.0016029915
0.0045733564	0.9954267
0.9984395	0.0015605103
0.0019217783	0.9980782
0.9910782	0.008921767
0.17799385	0.82200617
0.99526155	0.0047383923
0.9955141	0.0044859312
0.4942045	0.50579554
0.99765694	0.0023430747
0.023568857	0.9764312
0.9982703	0.0017297396
0.9956482	0.004351789
0.031399578	0.9686004
0.019395718	0.9806043
0.0018639874	0.99813604
0.99615484	0.0038452134
0.99444205	0.0055579124
0.9616771	0.03832296
0.0033495112	0.9966505
0.9845941	0.015405909
0.0026104776	0.9973895
0.0022670792	0.9977329
0.9955011	0.004498869
0.013421453	0.9865785
0.9982529	0.0017470454
0.98919255	0.010807431
0.007988137	0.99201185
0.9863018	0.013698276
0.99730766	0.0026923951
0.96602184	0.0339782
0.9966564	0.0033435707
0.9881335	0.011866487
0.99679106	0.0032088903
0.006207817	0.99379224
0.0048771417	0.99512285
0.99548584	0.0045141103
0.046921354	0.95307857
0.9838251	0.016174993
0.53962344	0.4603766
0.0023820843	0.9976179
0.99499327	0.0050067916
0.0032995872	0.99670035
0.99630094	0.0036990796
0.30223337	0.69776666
0.9850994	0.014900652
0.98360103	0.016398909
0.06837832	0.93162173
0.039555095	0.96044487
0.015307604	0.98469234
0.99286747	0.0071325568
0.01654689	0.9834531
0.046605617	0.95339435
0.99727756	0.0027224994
0.0020000595	0.99799997
0.96732324	0.03267672
0.07164427	0.92835575
0.101670854	0.89832914
0.05995052	0.9400495
0.03294773	0.9670523
0.9907573	0.00924275
0.039876185	0.9601239
0.9982717	0.0017282852
0.0028931843	0.99710685
0.9981359	0.0018640743
0.92147356	0.078526445
0.002978984	0.997021
0.9949862	0.0050138254
0.9740952	0.025904758
0.9670123	0.032987706
0.9975236	0.0024763541
0.9845806	0.015419397
0.003627358	0.9963727
0.9985435	0.0014565178
0.998071	0.0019290174
0.0029110154	0.99708897
0.025526209	0.97447383
0.017427104	0.9825729
0.8652064	0.1347936
0.014763974	0.98523605
0.0051049283	0.99489504
0.7410434	0.25895664
0.87041146	0.12958848
0.08193177	0.91806823
0.567489	0.43251094
0.0029455784	0.99705446
0.16428928	0.83571076
0.9956617	0.004338322
0.06521458	0.93478537
0.99727577	0.0027242035
0.9864912	0.013508794
0.9978132	0.0021867652
0.0028465793	0.9971534
0.9983871	0.0016129399
0.00225433	0.9977457
0.0021747404	0.99782526
0.9963159	0.003684158
0.0031194403	0.99688053
0.98477733	0.015222695
0.96769327	0.032306667
0.0022026068	0.99779737
0.9971294	0.0028706233
0.997491	0.0025090135
0.9973787	0.0026213687
0.99732506	0.0026749645
0.01536198	0.98463804
0.99544734	0.0045526074
0.0022448816	0.9977551
0.93262684	0.06737322
0.99669707	0.0033029828
0.8963207	0.10367929
0.0027374236	0.9972626
0.2112946	0.78870547
0.002599491	0.9974005
0.0019030636	0.998097
0.9936864	0.006313659
0.0054792897	0.99452066
0.0023229239	0.99767715
0.9979286	0.0020713194
0.99595934	0.004040671
0.96863055	0.031369444
0.9838087	0.01619133
0.06587354	0.9341265
0.981617	0.018383065
0.9941499	0.0058501046
0.9785986	0.021401329
0.73544335	0.26455662
0.9973998	0.0026001947
0.99781966	0.0021803852
0.0054982235	0.9945018
0.9967989	0.0032010707
0.0036498795	0.99635005
0.99788195	0.002118014
0.0022101568	0.99778986
0.004906123	0.99509394
0.06812611	0.9318739
0.988431	0.011569094
0.0019083386	0.99809164
0.0023964653	0.9976036
0.07006321	0.92993677
0.48828113	0.51171887
0.9962656	0.0037344177
0.98970807	0.010291992
0.014806149	0.9851938
0.005152452	0.99484754
0.123397596	0.8766024
0.06982054	0.9301795
0.9926581	0.00734194
0.9967146	0.0032854085
0.3791751	0.62082493
0.0017467162	0.9982533
0.014470977	0.985529
0.043059	0.956941
0.9979291	0.0020709264
0.9949994	0.0050006667
0.99769586	0.0023041537
0.0022896598	0.99771035
0.99309456	0.0069054863
0.9978765	0.00212352
0.028457753	0.9715423
0.9984137	0.0015863474
0.0036530853	0.9963469
0.018874172	0.98112583
0.99532336	0.004676719
0.99849916	0.0015008535
0.003589466	0.99641055
0.032526605	0.96747345
0.0026920775	0.9973079
0.0032686933	0.9967313
0.93276435	0.0672357
0.063452356	0.9365477
0.0065581067	0.9934418
0.026667112	0.9733329
0.06915612	0.9308439
0.0027564268	0.99724364
0.99803156	0.0019684744
0.9964222	0.0035778023
0.0020042467	0.99799573
0.0032376738	0.9967623
0.9909027	0.009097232
0.025281353	0.97471863
0.0050687613	0.9949313
0.0019341544	0.9980659
0.22283864	0.77716136
0.9976987	0.0023012946
0.9900045	0.009995559
0.002035779	0.99796426
0.98674184	0.013258214
0.054242447	0.9457575
0.9908626	0.00913746
0.0029145414	0.9970855
0.89537114	0.104628794
0.018239507	0.98176044
0.9956819	0.0043181223
0.0030636091	0.99693644
0.13024613	0.86975384
0.99371886	0.00628111
0.0052624093	0.99473757
0.09976999	0.90023005
0.0027245379	0.9972754
0.9974475	0.0025525496
0.06809193	0.9319081
0.016764319	0.98323566
0.04078922	0.95921075
0.0031841767	0.99681586
0.0026831464	0.9973169
0.9672336	0.032766413
0.013515494	0.98648447
0.009444125	0.99055594
0.9048315	0.09516848
0.11287386	0.88712615
0.9938792	0.0061208354
0.1067335	0.89326656
0.07276801	0.92723197
0.012709264	0.9872908
0.9950153	0.0049846717
0.0019225331	0.9980775
0.0018634656	0.9981365
0.99476033	0.0052396194
0.00231677	0.99768317
0.9981123	0.001887687
0.051728204	0.9482718
0.0048313905	0.9951687
0.032993294	0.9670067
0.97195494	0.02804506
0.9973195	0.0026804656
0.0034832107	0.9965168
0.02159504	0.97840494
0.0032733292	0.99672663
0.99130064	0.008699402
0.0067913085	0.9932087
0.024540521	0.97545946
0.0059490944	0.9940509
0.99756217	0.0024378248
0.99678135	0.0032186296
0.06818788	0.9318121
0.016423302	0.9835767
0.8526872	0.1473128
0.02120791	0.9787921
0.0049049724	0.995095
0.9038257	0.09617427
0.0019748735	0.9980252
0.98564386	0.014356153
0.99735296	0.0026470239
0.004149517	0.99585044
0.9974509	0.0025491172
0.08229094	0.91770905
0.0146522345	0.9853477
0.9956806	0.004319402
0.1721179	0.8278821
0.0021179416	0.99788207
0.002103525	0.99789643
0.9970751	0.0029249554
0.0024633678	0.99753666
0.98412573	0.015874224
0.13788229	0.8621177
0.115101166	0.8848988
0.98058355	0.019416453
0.003491453	0.99650854
0.99071455	0.009285491
0.9970722	0.0029277909
0.97668546	0.023314552
0.99805415	0.0019459041
0.0021877543	0.9978123
0.9943177	0.0056822523
0.9976476	0.0023524237
0.9834948	0.016505172
0.9981554	0.00184458
0.99843067	0.0015693599
0.9292297	0.07077036
0.9973544	0.0026456811
0.99784636	0.0021536374
0.9958092	0.004190776
0.99730206	0.0026978625
0.0038652134	0.99613476
0.760958	0.23904192
0.0019466451	0.99805343
0.0028049655	0.997195
0.004608608	0.99539137
0.007496334	0.99250364
0.99597293	0.00402701
0.99833244	0.001667541
0.9946844	0.0053156028
0.0018899416	0.99811006
0.13650164	0.86349833
0.89705604	0.10294397
0.9756663	0.02433377
0.99818605	0.0018139611
0.035290025	0.96471
0.19983695	0.800163
0.98945427	0.010545791
0.99712926	0.0028707145
0.99563146	0.0043686144
0.0022873105	0.99771273
0.014770203	0.9852298
0.0121115735	0.9878884
0.21562608	0.78437394
0.003837597	0.9961624
0.9968239	0.0031760565
0.08762897	0.912371
0.98887885	0.011121137
0.004649689	0.99535024
0.98816186	0.011838135
0.9984517	0.0015483144
0.016396325	0.9836037
0.99547654	0.0045234067
0.92973864	0.070261315
0.80776197	0.19223803
0.0025372028	0.99746275
0.51896024	0.4810398
0.99737096	0.0026290645
0.21548378	0.7845162
0.9977837	0.0022163074
0.002959796	0.9970402
0.0053879013	0.9946121
0.0022013593	0.9977986
0.85556775	0.14443223
0.50574374	0.4942562
0.98890394	0.011096068
0.9982072	0.0017927667
0.020112572	0.9798875
0.013690032	0.98631
0.99788874	0.0021112848
0.009994021	0.990006
0.9982961	0.0017038713
0.99701774	0.00298228
0.0025483028	0.9974517
0.9424223	0.0575777
0.98315424	0.016845766
0.99671245	0.0032875673
0.6826386	0.31736147
0.0026510386	0.9973489
0.002339528	0.9976605
0.06070641	0.93929356
0.0019044036	0.9980956
0.0018968062	0.99810314
0.9969409	0.0030591064
0.006008754	0.9939912
0.9858439	0.014156066
0.9307655	0.06923445
0.009659582	0.9903404
0.99660945	0.0033905273
0.053705826	0.9462941
0.025524264	0.97447574
0.007474774	0.9925252
0.9380712	0.06192879
0.9956594	0.0043405844
0.002274246	0.9977258
0.0025793174	0.99742067
0.03253731	0.9674627
0.013024376	0.98697567
0.9690488	0.030951222
0.0018761613	0.9981238
0.99825114	0.0017488343
0.0072920388	0.992708
0.010391643	0.98960835
0.99487466	0.0051252893
0.0082137715	0.9917862
0.8616235	0.13837644
0.003395281	0.9966047
0.012625877	0.9873741
0.04357005	0.95642996
0.0060165627	0.99398345
0.10529139	0.8947086
0.01966202	0.980338
0.07694979	0.92305017
0.9843009	0.01569914
0.98788595	0.012114044
0.9193736	0.080626465
0.04945234	0.9505477
0.045044463	0.9549555
0.9983016	0.0016983763
0.002394028	0.9976059
0.005355683	0.9946443
0.9962663	0.003733708
0.043794792	0.95620525
0.005272261	0.9947278
0.0076281694	0.9923718
0.0031864871	0.9968135
0.6288533	0.37114665
0.9221205	0.07787947
0.15844104	0.84155893
0.9958183	0.004181732
0.0021701802	0.99782985
0.9984285	0.0015714383
0.99839824	0.0016017894
0.9968809	0.003119144
0.9922212	0.007778825
0.99442875	0.005571232
0.99489295	0.0051070624
0.049227078	0.95077294
0.0023714334	0.9976286
0.984899	0.01510099
0.99847144	0.0015285217
0.028481929	0.9715181
0.046875305	0.9531247
0.9945403	0.0054597487
0.05266844	0.9473316
0.93041474	0.06958523
0.032646015	0.96735394
0.9965963	0.003403743
0.068085045	0.9319149
0.99731076	0.002689219
0.003174573	0.99682546
0.0034536086	0.99654645
0.9958203	0.004179655
0.11621053	0.8837895
0.0037261099	0.9962739
0.98860776	0.011392172
0.967261	0.03273898
0.0023963933	0.9976036
0.0018203909	0.9981797
0.99397475	0.006025255
0.9953849	0.004615144
0.99165326	0.008346744
0.039655343	0.9603447
0.0019369287	0.998063
0.9978902	0.0021098927
0.9981743	0.0018256457
0.9974382	0.0025618367
0.9926602	0.007339796
0.99460346	0.005396545
0.08936698	0.91063297
0.0025205882	0.9974794
0.98336744	0.016632557
0.9402793	0.05972072
0.007698946	0.992301
0.9621818	0.037818205
0.99803716	0.0019629064
0.99765354	0.002346481
0.01110193	0.9888981
0.007037646	0.9929624
0.0018509658	0.99814904
0.99785197	0.0021480208
0.14674525	0.8532548
0.99272823	0.0072718393
0.9899322	0.010067849
0.0040909187	0.9959091
0.083771236	0.91622883
0.057845045	0.942155
0.0034845546	0.9965154
0.99699354	0.0030064518
0.99807113	0.0019289072
0.015502911	0.9844971
0.004397555	0.9956025
0.0020056083	0.9979944
0.004192512	0.9958075
0.9969523	0.0030476917
0.99751437	0.002485581
0.9478411	0.05215887
0.9329017	0.0670983
0.08773593	0.9122641
0.99775547	0.002244559
0.0022134886	0.9977865
0.072542265	0.9274578
0.99819934	0.0018006415
0.99835265	0.0016474207
0.9980744	0.001925609
0.0077863107	0.99221367
0.9900512	0.009948782
0.99643373	0.0035662926
0.019779047	0.9802209
0.0031909584	0.99680907
0.00820284	0.9917971
0.0026564556	0.9973436
0.99808866	0.00191132
0.009162854	0.9908372
0.013988149	0.9860118
0.03773867	0.96226126
0.082340986	0.917659
0.997431	0.0025690615
0.09283577	0.90716416
0.9980155	0.0019844603
0.0031895721	0.9968104
0.0021051483	0.9978948
0.0019106488	0.9980894
0.0026314312	0.9973686
0.9971451	0.0028548993
0.9881153	0.0118847005
0.00510112	0.99489886
0.0056862896	0.9943137
0.012822868	0.98717713
0.6829494	0.3170506
0.9467303	0.053269695
0.997775	0.002224916
0.07352474	0.9264752
0.971581	0.028419018
0.9911026	0.00889738
0.9958229	0.004177111
0.004206163	0.9957938
0.9909977	0.00900231
0.002137119	0.9978629
0.0018562337	0.9981438
0.9948388	0.0051612435
0.0020305705	0.99796945
0.046725996	0.953274
0.9929471	0.0070528635
0.0019996627	0.9980003
0.9976774	0.002322653
0.95517266	0.04482735
0.36277312	0.63722694
0.0019425119	0.9980574
0.9922598	0.0077402503
0.9954448	0.0045552836
0.99811965	0.0018803137
0.9979742	0.0020257786
0.03980723	0.9601928
0.99578345	0.004216561
0.04214536	0.95785457
0.0034030345	0.996597
0.01128346	0.9887165
0.056513306	0.9434867
0.9812185	0.018781496
0.00424676	0.9957533
0.07001086	0.92998916
0.9918824	0.008117618
0.851699	0.14830098
0.7380628	0.26193717
0.0019074033	0.9980926
0.007163073	0.9928369
0.05074588	0.9492541
0.0043098396	0.99569017
0.10486903	0.895131
0.0030174628	0.9969825
0.010318077	0.9896819
0.62101424	0.37898573
0.9977831	0.0022169498
0.99135005	0.008649892
0.005109054	0.9948909
0.73314	0.26686007
0.074557684	0.92544234
0.019605504	0.9803945
0.99708587	0.0029140948
0.009908266	0.9900918
0.9825287	0.01747125
0.9815569	0.018443096
0.9946531	0.0053468505
0.3181433	0.6818567
0.0048449035	0.9951551
0.56893736	0.4310626
0.0022811887	0.9977188
0.97312295	0.026876999
0.9982224	0.0017775679
0.99831945	0.0016805176
0.0036988086	0.9963012
0.100178145	0.8998218
0.76948476	0.23051527
0.05064336	0.9493566
0.34742704	0.65257293
0.014700574	0.98529947
0.99812967	0.0018703662
0.007344179	0.9926559
0.049244475	0.9507555
0.021904793	0.9780952
0.9979132	0.0020868022
0.9982132	0.0017868713
0.0018921016	0.9981079
0.99776924	0.002230788
0.9940247	0.005975383
0.9977825	0.002217492
0.9862342	0.013765839
0.992963	0.007036989
0.009166344	0.9908337
0.9930971	0.0069028996
0.98935366	0.010646281
0.015178795	0.98482126
0.14617534	0.8538247
0.9963206	0.0036793791
0.9956736	0.00432637
0.92331666	0.07668333
0.9963331	0.003666794
0.9983675	0.0016324843
0.9948166	0.0051833796
0.0019495264	0.99805045
0.0026653716	0.9973346
0.0017559628	0.99824405
0.0049185436	0.9950814
0.02832915	0.9716708
0.06341317	0.9365868
0.99672914	0.0032708722
0.0023980467	0.9976019
0.008525544	0.9914745
0.07502699	0.924973
0.04590053	0.95409954
0.13732795	0.86267203
0.99343735	0.0065626577
0.004178044	0.99582195
0.0021342714	0.99786574
0.93754387	0.06245612
0.99657804	0.0034219266
0.9984763	0.0015236586
0.005145637	0.9948544
0.0057775374	0.99422246
0.05428035	0.94571966
0.9907477	0.009252347
0.9730814	0.02691856
0.9933588	0.006641226
0.9937737	0.006226218
0.9965553	0.0034446698
0.037647884	0.96235216
0.0020348192	0.9979652
0.001875099	0.9981249
0.9975567	0.002443233
0.0019439436	0.99805605
0.10339617	0.89660376
0.376731	0.623269
0.0021442315	0.9978557
0.9967452	0.0032546946
0.9959395	0.004060477
0.00639219	0.99360776
0.09001577	0.90998423
0.002186627	0.99781334
0.9983791	0.0016208822
0.9805058	0.019494198
0.0021545638	0.9978454
0.0049712947	0.9950287
0.9968702	0.0031298078
0.99737906	0.0026209645
0.6720949	0.32790512
0.009270671	0.9907293
0.07346247	0.9265376
0.022436613	0.9775634
0.097904496	0.90209556
0.0026418336	0.99735814
0.047172002	0.952828
0.0022763805	0.99772364
0.9984383	0.0015616845
0.0017301684	0.9982698
0.9942417	0.0057582743
0.9946278	0.0053722295
0.008115922	0.9918841
0.9934104	0.006589547
0.20846592	0.791534
0.9979894	0.002010612
0.0024099466	0.99759007
0.9982322	0.0017678231
0.06482831	0.9351717
0.99795306	0.002046867
0.0066209473	0.993379
0.11574308	0.88425696
0.6443669	0.35563305
0.039803993	0.96019596
0.023729771	0.97627026
0.9983759	0.0016240497
0.9980464	0.0019535683
0.038204495	0.96179545
0.018966755	0.9810332
0.99588025	0.0041198037
0.9983895	0.0016105591
0.0018502796	0.99814975
0.99825877	0.0017411907
0.0712451	0.92875487
0.998315	0.0016850355
0.95349914	0.046500888
0.9765509	0.02344917
0.99834895	0.0016510133
0.038513944	0.96148604
0.28505346	0.71494657
0.9980318	0.001968227
0.9973104	0.002689576
0.99825925	0.001740765
0.0026502726	0.99734974
0.006066972	0.993933
0.03130552	0.96869445
0.24824284	0.7517572
0.0071602315	0.9928397
0.99400073	0.005999244
0.0017693234	0.99823076
0.10344189	0.8965581
0.9983236	0.0016764236
0.9572507	0.0427493
0.98520374	0.014796269
0.99557185	0.004428145
0.91238815	0.08761181
0.028688816	0.9713112
0.44043466	0.5595653
0.0018354327	0.9981646
0.0020281961	0.99797183
0.003333846	0.99666613
0.9984365	0.0015635163
0.99627775	0.0037222672
0.9952695	0.004730522
0.9841474	0.01585253
0.9837008	0.01629923
0.0022333155	0.99776673
0.0020067198	0.99799335
0.97705704	0.022942996
0.9946084	0.0053915307
0.018582601	0.98141736
0.94686353	0.05313643
0.99837697	0.0016230458
0.874931	0.12506907
0.99798125	0.0020188284
0.018621502	0.98137844
0.0026196577	0.9973803
0.9077045	0.0922955
0.9921164	0.007883578
0.03353806	0.9664619
0.98933333	0.010666698
0.99702746	0.0029725072
0.9616832	0.03831679
0.9837294	0.016270582
0.84534717	0.15465282
0.9969897	0.0030102588
0.985843	0.014156999
0.013752859	0.9862472
0.99542737	0.0045726597
0.99846846	0.0015314972
0.006548974	0.993451
0.0028965466	0.9971034
0.97539663	0.024603358
0.20394267	0.7960573
0.68938357	0.31061646
0.0036794425	0.9963206
0.102878004	0.89712197
0.9974255	0.0025744776
0.972327	0.02767306
0.0030117861	0.99698824
0.32595697	0.674043
0.9977627	0.0022373134
0.0026633902	0.99733657
0.053598266	0.9464018
0.017713403	0.98228663
0.96543515	0.034564815
0.9983627	0.0016373066
0.9943031	0.0056969062
0.0045264442	0.99547356
0.004476507	0.99552345
0.9876867	0.012313313
0.0025977755	0.9974023
0.99773204	0.0022679642
0.044121247	0.95587873
0.0119387675	0.9880612
0.0033858647	0.99661416
0.99268734	0.0073127165
0.99841094	0.0015889835
0.9959454	0.004054623
0.0065551233	0.9934449
0.99840766	0.0015923566
0.0018827136	0.9981173
0.020443436	0.97955656
0.011213408	0.9887866
0.01026866	0.9897314
0.9976615	0.0023385691
0.0019714057	0.9980286
0.99773884	0.002261153
0.022682695	0.97731733
0.99309605	0.0069039557
0.008151968	0.991848
0.942845	0.057155017
0.99365014	0.0063498514
0.9302715	0.069728486
0.99812764	0.0018724033
0.003622191	0.99637777
0.011754235	0.98824584
0.9978309	0.0021690384
0.97457576	0.025424259
0.9909148	0.009085174
0.99238855	0.007611432
0.99744105	0.0025589617
0.98697656	0.013023382
0.0131578995	0.9868421
0.99790084	0.0020991764
0.004681196	0.99531883
0.007075695	0.99292433
0.061798565	0.9382014
0.97949094	0.020509042
0.9982481	0.0017518954
0.0019196633	0.9980804
0.98087937	0.019120665
0.9830216	0.016978353
0.005610398	0.9943896
0.9895901	0.010409881
0.99808574	0.0019143296
0.9916831	0.008316817
0.9948454	0.005154559
0.059164315	0.9408357
0.99441755	0.00558246
0.495466	0.50453407
0.99715257	0.0028474187
0.9968267	0.0031732982
0.0024458054	0.99755424
0.9721637	0.027836343
0.99543744	0.0045625255
0.0054060533	0.9945939
0.0020575027	0.9979425
0.9963439	0.0036561207
0.0019456939	0.9980544
0.32226416	0.6777358
0.6507023	0.3492977
0.98171747	0.018282507
0.99636215	0.003637882
0.086673334	0.9133267
0.0141083915	0.98589164
0.9950429	0.004957044
0.001856161	0.9981438
0.17509922	0.82490075
0.13120158	0.8687985
0.9954673	0.0045327046
0.99528223	0.0047177826
0.98650163	0.013498352
0.0019614084	0.9980386
0.9982969	0.001703153
0.9950051	0.004994951
0.9980051	0.0019948957
0.0040574702	0.99594253
0.17288174	0.8271183
0.0065693883	0.9934307
0.010245043	0.989755
0.0021389418	0.9978611
0.0026462323	0.9973538
0.99305224	0.0069477283
0.007054146	0.99294585
0.002268657	0.9977314
0.96802425	0.031975754
0.1173529	0.8826471
0.9969048	0.0030952326
0.040179882	0.9598201
0.021617824	0.97838223
0.99700254	0.0029974522
0.9910739	0.008926102
0.9969453	0.0030547322
0.99446255	0.0055373907
0.99433714	0.0056628124
0.0068208654	0.9931791
0.9972373	0.002762699
0.9966365	0.0033634666
0.021100486	0.97889954
0.94149166	0.058508378
0.99572444	0.0042756074
0.0048188297	0.99518114
0.02463271	0.97536725
0.05454065	0.94545937
0.0020288553	0.9979711
0.002682784	0.99731725
0.01623782	0.9837622
0.9952467	0.0047533293
0.9983064	0.001693633
0.99631125	0.0036886937
0.0019138695	0.9980862
0.0038774125	0.99612254
0.023865921	0.97613406
0.9898526	0.010147382
0.004306397	0.99569356
0.99692094	0.003079068
0.9837939	0.01620611
0.082884796	0.9171152
0.9940673	0.005932655
0.99684477	0.0031552177
0.007631946	0.99236804
0.99837637	0.0016235898
0.0022695768	0.99773043
0.98995715	0.010042797
0.9974763	0.0025237266
0.0020756628	0.9979243
0.005632257	0.9943678
0.001812739	0.99818724
0.031801146	0.9681989
0.076392636	0.9236074
0.9940388	0.005961196
0.9922964	0.0077035893
0.03792373	0.9620763
0.0021369683	0.997863
0.015990576	0.9840095
0.018694784	0.9813052
0.9974425	0.002557465
0.0020996812	0.99790037
0.123648666	0.8763513
0.9960401	0.00395993
0.9984421	0.0015579195
0.005308364	0.99469167
0.9940698	0.0059301914
0.9022139	0.09778605
0.13647142	0.8635286
0.0023510389	0.997649
0.058155224	0.94184476
0.1748048	0.82519513
0.9941626	0.0058373506
0.0037563595	0.9962437
0.9964245	0.0035755462
0.021746209	0.9782537
0.9835534	0.01644654
0.9951917	0.004808377
0.6906925	0.3093075
0.0023821362	0.9976178
0.13620377	0.8637963
0.0018432373	0.9981567
0.01250178	0.9874982
0.995362	0.004638054
0.99703753	0.0029625092
0.99721473	0.0027852417
0.94834507	0.05165494
0.0043156096	0.9956844
0.002723981	0.997276
0.99692035	0.003079703
0.99132687	0.008673115
0.99649066	0.0035093583
0.9716371	0.02836281
0.9700485	0.02995146
0.4183529	0.58164716
0.0018411119	0.9981589
0.0023805923	0.99761933
0.9319044	0.06809558
0.9674118	0.032588124
0.02862692	0.9713731
0.9015035	0.09849652
0.006947058	0.9930529
0.015209163	0.98479086
0.98835176	0.011648195
0.07380744	0.9261925
0.995375	0.004625049
0.08728297	0.91271704
0.003539159	0.99646086
0.98754174	0.012458316
0.004739699	0.9952603
0.99767834	0.0023217131
0.023762356	0.97623765
0.93609536	0.06390465
0.9964457	0.0035543225
0.04631553	0.9536845
0.99733835	0.0026616226
0.0043116943	0.99568826
0.0018451086	0.9981548
0.9952236	0.0047764303
0.9947536	0.005246444
0.004484962	0.99551505
0.072984874	0.9270151
0.9981158	0.0018842383
0.9983291	0.0016709022
0.9928075	0.007192535
0.4156341	0.5843659
0.0028160051	0.997184
0.0023224333	0.9976776
0.1325606	0.86743945
0.9978404	0.0021595128
0.99575555	0.004244454
0.0054683513	0.99453163
0.001796481	0.9982035
0.0061972816	0.99380267
0.9979005	0.002099487
0.063641556	0.93635845
0.028699419	0.97130054
0.9978157	0.0021842425
0.0023458628	0.99765414
0.0036434587	0.9963566
0.9981937	0.0018063397
0.20727873	0.7927213
0.9763356	0.023664394
0.045237537	0.95476246
0.99546534	0.0045347
0.9969009	0.003099115
0.9886036	0.011396345
0.008782969	0.991217
0.8198285	0.18017147
0.036687575	0.9633124
0.9945157	0.0054842685
0.98273575	0.017264243
0.003248192	0.9967518
0.019338636	0.9806614
0.9967435	0.003256499
0.06769869	0.93230134
0.09522885	0.9047711
0.99821305	0.0017869191
0.9875946	0.012405364
0.99771225	0.0022877716
0.38483116	0.6151688
0.0029780972	0.99702185
0.079927064	0.920073
0.9970908	0.0029091197
0.65205866	0.3479414
0.0023695142	0.9976305
0.99699056	0.0030094148
0.9980782	0.0019217143
0.9971271	0.0028729117
0.0025477428	0.9974522
0.0124910455	0.98750895
0.012994741	0.98700523
0.03162905	0.9683709
0.026258433	0.97374153
0.9626688	0.037331276
0.9559059	0.04409406
0.9984085	0.0015914773
0.017681157	0.9823188
0.040974285	0.95902574
0.032580145	0.96741986
0.99758554	0.0024144584
0.075447336	0.9245527
0.9970482	0.0029518562
0.0027752894	0.9972247
0.9983417	0.0016582996
0.36650866	0.6334914
0.010623152	0.9893769
0.0047057117	0.9952943
0.99507433	0.0049256603
0.99669915	0.0033008107
0.0053100586	0.99468994
0.009818621	0.9901814
0.99844617	0.0015538764
0.27106628	0.7289337
0.003099504	0.99690056
0.07855874	0.9214413
0.99696547	0.0030345533
0.038069878	0.96193016
0.99050635	0.009493696
0.0020559733	0.99794406
0.005778643	0.9942213
0.99810565	0.0018942927
0.9849503	0.01504971
0.9981623	0.0018376609
0.94988936	0.050110653
0.01643809	0.98356193
0.014893836	0.9851062
0.9713478	0.028652191
0.991855	0.008144923
0.0103787305	0.9896213
0.9666609	0.033339046
0.002364814	0.9976351
0.9938637	0.0061363154
0.028036794	0.97196317
0.023560759	0.97643924
0.0092229545	0.990777
0.065926954	0.93407303
0.0020263598	0.9979736
0.9949037	0.0050962674
0.003836281	0.9961637
0.99762064	0.0023793548
0.98427516	0.015724868
0.0051098927	0.9948901
0.0019715345	0.99802846
0.99347746	0.006522552
0.0021222087	0.99787784
0.9939381	0.006061867
0.992733	0.007266959
0.0077011622	0.9922989
0.99803525	0.0019647756
0.0036504671	0.99634945
0.0036040433	0.996396
0.004040099	0.99595994
0.9912828	0.008717185
0.004778636	0.9952213
0.99723876	0.0027611717
0.0036799666	0.99632
0.9906798	0.009320191
0.012507543	0.98749244
0.0021448857	0.9978551
0.013916906	0.9860831
0.009546279	0.9904537
0.0058257594	0.9941743
0.9933373	0.0066627716
0.9676463	0.032353703
0.99238175	0.0076182936
0.994163	0.0058370573
0.029590756	0.9704093
0.002847857	0.9971521
0.0021533035	0.9978467
0.017244337	0.9827557
0.00990112	0.9900989
0.005414619	0.99458545
0.9975641	0.002435969
0.99736696	0.0026330384
0.99834144	0.0016585253
0.003839318	0.9961606
0.009197326	0.99080265
0.0130994795	0.9869005
0.005159148	0.9948408
0.9970029	0.0029971073
0.0023227269	0.99767727
0.042681012	0.95731896
0.9924591	0.0075409184
0.9855428	0.01445728
0.99591297	0.004086961
0.0030652143	0.9969348
0.76968026	0.2303198
0.007656347	0.9923436
0.9926791	0.0073208795
0.9688826	0.031117367
0.55544066	0.44455934
0.9984534	0.0015466124
0.04624443	0.95375556
0.99520457	0.004795417
0.0021558828	0.9978441
0.0019367002	0.99806327
0.99792457	0.0020754002
0.9972481	0.0027518847
0.98949414	0.010505807
0.99577326	0.004226786
0.0019548414	0.9980451
0.016393488	0.98360646
0.9976381	0.002361873
0.01925548	0.98074454
0.99837273	0.00162725
0.9946629	0.0053370656
0.009563291	0.99043673
0.99514467	0.0048553203
0.97825843	0.021741593
0.99626935	0.003730648
0.0024455963	0.9975545
0.9962308	0.0037691826
0.002199758	0.9978002
0.99641055	0.0035894425
0.99839395	0.00160607
0.0032597575	0.9967403
0.9417034	0.058296606
0.008843409	0.9911566
0.98994	0.01006003
0.9973978	0.002602252
0.019691827	0.9803082
0.99846673	0.0015332841
0.017495634	0.9825044
0.048617616	0.9513824
0.015315685	0.9846843
0.009114012	0.990886
0.98643863	0.013561332
0.41038373	0.58961624
0.9468317	0.053168263
0.036910187	0.9630899
0.0025296938	0.9974704
0.65677536	0.34322467
0.9967055	0.0032945746
0.83079493	0.1692051
0.99764556	0.0023543772
0.95269674	0.047303244
0.0029341367	0.99706584
0.63413537	0.36586466
0.998343	0.0016569422
0.0025420042	0.99745804
0.032612875	0.9673871
0.091754325	0.9082457
0.99844766	0.0015522925
0.9980262	0.0019737477
0.99531364	0.0046863086
0.041937627	0.95806235
0.99732214	0.0026779096
0.9727567	0.02724335
0.027798258	0.97220176
0.9980823	0.0019177838
0.0025485258	0.9974515
0.9976152	0.002384762
0.0048455703	0.9951544
0.28917235	0.71082765
0.0022056669	0.9977944
0.99140996	0.008590008
0.008856254	0.9911438
0.99043626	0.009563743
0.9961087	0.0038912427
0.019684885	0.9803151
0.99030775	0.009692248
0.004052107	0.9959479
0.012290501	0.9877095
0.002073872	0.9979261
0.04321565	0.95678437
0.93332285	0.06667709
0.3067349	0.69326514
0.003389812	0.9966101
0.07781527	0.9221847
0.99832433	0.0016756
0.12886822	0.8711318
0.9960419	0.003958151
0.013224888	0.98677516
0.9984769	0.0015231299
0.9955888	0.0044112843
0.96867776	0.0313222
0.0019623647	0.99803764
0.99786407	0.0021359425
0.99585235	0.004147626
0.9923873	0.0076127504
0.9905996	0.00940046
0.99643815	0.0035619165
0.99176776	0.008232259
0.9966145	0.003385533
0.0019485523	0.9980514
0.005950251	0.9940498
0.9949374	0.00506256
0.0630818	0.9369182
0.007160137	0.9928398
0.002035782	0.99796426
0.01187627	0.9881237
0.98718494	0.012815011
0.0020750694	0.9979249
0.10389838	0.8961016
0.04368765	0.9563123
0.012573874	0.98742616
0.72426695	0.27573305
0.107014164	0.8929858
0.6053667	0.39463323
0.99685574	0.0031442314
0.043014083	0.9569859
0.0025550458	0.997445
0.0021477288	0.9978523
0.9954568	0.0045432253
0.9960991	0.003900823
0.07129928	0.9287007
0.032297213	0.9677028
0.035008937	0.96499103
0.044690274	0.9553097
0.990886	0.009113969
0.060057923	0.93994206
0.45632437	0.54367566
0.00429011	0.9957099
0.9964114	0.0035886066
0.0039748685	0.9960251
0.99817204	0.0018279587
0.010213218	0.98978674
0.43622607	0.56377393
0.0033096152	0.9966904
0.9354539	0.0645461
0.99371606	0.006284013
0.9953206	0.00467941
0.0019448414	0.9980552
0.0029989658	0.997001
0.985084	0.014916016
0.6356498	0.36435026
0.9981219	0.0018780213
0.56733346	0.43266657
0.99700576	0.0029941893
0.99136144	0.008638586
0.994595	0.0054050544
0.9949812	0.0050188135
0.9285653	0.07143468
0.43740842	0.5625916
0.9834241	0.016575819
0.9938127	0.0061873225
0.0044849794	0.99551505
0.005477051	0.9945229
0.94726837	0.05273167
0.99784756	0.002152407
0.44688627	0.55311376
0.06282185	0.9371782
0.9984029	0.001597155
0.99580526	0.004194738
0.0060494766	0.9939505
0.054525398	0.9454746
0.008220664	0.99177927
0.05571832	0.94428176
0.0021138801	0.9978861
0.99837446	0.0016255017
0.7959708	0.20402922
0.99808455	0.0019154258
0.009237258	0.99076277
0.114249304	0.88575065
0.1363617	0.86363834
0.9897446	0.010255452
0.030274943	0.96972513
0.0030914932	0.9969085
0.007713094	0.9922869
0.006206922	0.993793
0.98688877	0.01311118
0.96077144	0.039228488
0.38822463	0.6117754
0.0032257482	0.99677426
0.9957794	0.0042206035
0.48052981	0.51947016
0.9980596	0.0019404144
0.08024456	0.9197554
0.9981408	0.0018592329
0.0024486599	0.9975514
0.04392089	0.95607907
0.14290337	0.8570967
0.99799854	0.0020014008
0.9765841	0.02341597
0.9984016	0.0015984038
0.9981154	0.0018846348
0.979459	0.020541014
0.9945438	0.005456192
0.99731785	0.0026821948
0.9305375	0.06946249
0.95487005	0.045129973
0.9907947	0.009205246
0.008978395	0.9910216
0.99132174	0.008678332
0.0034649477	0.99653506
0.9974022	0.0025978521
0.0035662926	0.99643373
0.9765835	0.023416566
0.07796311	0.92203695
0.996166	0.0038339817
0.0028343373	0.9971656
0.99663013	0.003369809
0.0065568616	0.99344313
0.0019633754	0.9980367
0.9973596	0.0026403966
0.99118173	0.0088183
0.99549747	0.0045026103
0.03583739	0.9641626
0.019534288	0.98046577
0.0020088684	0.9979911
0.99613273	0.0038672409
0.994549	0.0054510143
0.9966068	0.0033932
0.20984463	0.7901554
0.0022263953	0.9977736
0.9983829	0.0016170423
0.9827784	0.017221669
0.013082564	0.9869175
0.99702424	0.0029757596
0.17867662	0.8213234
0.02558077	0.9744193
0.0044845347	0.9955155
0.013026031	0.986974
0.05837541	0.94162464
0.99806017	0.0019398163
0.014269561	0.9857304
0.9977962	0.0022038124
0.012571879	0.9874281
0.0080260355	0.99197394
0.9966807	0.0033192425
0.0047361916	0.9952638
0.9605278	0.03947221
0.0019762819	0.99802375
0.004514775	0.9954853
0.80944765	0.19055234
0.9968093	0.003190658
0.009013163	0.99098676
0.0021561764	0.99784386
0.19894613	0.8010539
0.038817853	0.9611822
0.9896576	0.010342424
0.99658114	0.0034189296
0.004232158	0.99576783
0.99748933	0.0025106224
0.072958335	0.92704165
0.9974306	0.0025693483
0.9976373	0.0023626853
0.0018237351	0.9981762
0.99832207	0.0016778717
0.18014827	0.8198517
0.001980037	0.99801993
0.002554852	0.9974451
0.013549134	0.9864508
0.0028108933	0.9971891
0.9860443	0.01395571
0.9972838	0.0027162095
0.028583236	0.9714167
0.004308129	0.99569184
0.9283706	0.071629465
0.98653376	0.013466229
0.9944207	0.0055792504
0.9944449	0.0055551725
0.0019951588	0.99800485
0.046632536	0.9533675
0.9921957	0.0078043165
0.997241	0.0027589495
0.9514343	0.048565667
0.005690206	0.9943098
0.9891461	0.010853899
0.9976769	0.0023231339
0.08981598	0.910184
0.99283594	0.0071639954
0.0023082858	0.99769175
0.0024407292	0.9975593
0.011272512	0.98872745
0.9965373	0.0034626564
0.9977131	0.002286958
0.04658627	0.9534137
0.6261753	0.37382472
0.009064995	0.990935
0.95810986	0.041890133
0.99490094	0.005099015
0.9977829	0.002217184
0.9881123	0.011887645
0.0058335876	0.9941664
0.0018483732	0.9981516
0.039505653	0.96049434
0.9981997	0.0018002162
0.99834	0.0016599898
0.9891838	0.010816244
0.99315274	0.00684721
0.06899118	0.9310088
0.029437391	0.97056264
0.99675	0.003250033
0.001914838	0.99808514
0.0023490968	0.9976509
0.9983973	0.0016026603
0.9963785	0.0036214888
0.99623555	0.0037644873
0.9866649	0.013335133
0.00809774	0.9919023
0.010728348	0.98927164
0.0021963343	0.9978036
0.024585033	0.975415
0.7775685	0.22243151
0.0076528993	0.9923471
0.9952146	0.004785369
0.99793243	0.0020675953
0.9971426	0.0028573708
0.02328611	0.9767139
0.040753882	0.9592461
0.9940018	0.005998232
0.02493773	0.97506225
0.028138185	0.97186184
0.99448806	0.0055120126
0.9775899	0.022410048
0.0066232504	0.9933768
0.9372667	0.06273335
0.08800546	0.9119946
0.9978428	0.0021571426
0.98842794	0.011572038
0.9272549	0.07274511
0.9737259	0.02627412
0.002451459	0.9975485
0.9606161	0.039383844
0.042547546	0.9574525
0.99461323	0.00538671
0.0021379795	0.99786204
0.027753273	0.9722467
0.0021837098	0.9978163
0.9970431	0.0029569566
0.013145175	0.9868548
0.014642538	0.98535746
0.9960156	0.0039843605
0.0019000807	0.9981
0.9965653	0.003434789
0.06185966	0.93814033
0.998059	0.0019409815
0.8161679	0.18383206
0.99012953	0.009870447
0.8781126	0.12188735
0.01620291	0.98379713
0.9835001	0.016499817
0.034163028	0.965837
0.002566238	0.9974337
0.993544	0.006456075
0.9926642	0.0073358477
0.9962077	0.0037922608
0.99812204	0.0018780037
0.9744033	0.025596712
0.9984328	0.0015671424
0.0021383974	0.99786156
0.0028400333	0.99715996
0.9974031	0.0025969257
0.003220523	0.9967795
0.9010049	0.09899506
0.005525265	0.9944747
0.0074369637	0.99256307
0.9324377	0.067562215
0.0018934924	0.9981065
0.014461792	0.98553824
0.005513628	0.9944864
0.99782664	0.0021733814
0.9983889	0.0016111243
0.9957716	0.004228372
0.0042421776	0.99575776
0.10663871	0.8933613
0.0031382337	0.9968618
0.99631447	0.0036855126
0.9934824	0.0065176166
0.015770389	0.9842296
0.0020682467	0.9979317
0.99173284	0.008267207
0.07984872	0.9201513
0.0018786059	0.9981213
0.0070443167	0.9929557
0.008955019	0.991045
0.9974502	0.002549773
0.99532735	0.0046725967
0.9916618	0.008338238
0.61912364	0.3808763
0.17245354	0.8275465
0.99496233	0.0050377054
0.9957897	0.004210261
0.9970251	0.0029749847
0.9942814	0.005718571
0.0038586135	0.9961414
0.0017550421	0.998245
0.0076827854	0.9923172
0.15588848	0.8441115
0.99367744	0.0063225254
0.09226279	0.9077372
0.00921481	0.99078524
0.9983944	0.0016056083
0.0022718431	0.99772817
0.0022054426	0.9977946
0.99772054	0.0022793952
0.026206227	0.97379375
0.0020393382	0.9979607
0.9976864	0.0023135848
0.9960026	0.0039973822
0.997142	0.0028579142
0.0046319207	0.9953681
0.035384327	0.96461564
0.99636614	0.0036338263
0.0039994707	0.99600047
0.001780921	0.9982191
0.0022071493	0.99779284
0.01523046	0.9847696
0.014768025	0.985232
0.024520772	0.9754792
0.23788485	0.7621152
0.9888405	0.011159494
0.95791507	0.042084903
0.016473165	0.9835269
0.9866425	0.013357568
0.015775926	0.9842241
0.08839855	0.9116015
0.99734575	0.0026542367
0.9700795	0.029920485
0.99638087	0.0036191638
0.99654573	0.003454311
0.9975231	0.0024768747
0.99552613	0.004473877
0.0065534557	0.9934465
0.9967315	0.0032684666
0.9974125	0.0025874916
0.49212122	0.50787884
0.0019476921	0.99805236
0.28404704	0.715953
0.50432277	0.49567726
0.0031395673	0.9968604
0.070865355	0.92913467
0.0024429476	0.99755704
0.1899369	0.8100631
0.9397419	0.060258072
0.9974782	0.0025217861
0.99716645	0.0028335114
0.08721815	0.9127819
0.016036242	0.9839638
0.48478845	0.5152115
0.009925096	0.99007493
0.99710745	0.002892514
0.99538475	0.0046152463
0.015932687	0.9840673
0.012292817	0.9877072
0.023480367	0.9765196
0.34359863	0.6564014
0.0029349725	0.997065
0.9982767	0.0017232634
0.0024088875	0.99759114
0.99669147	0.0033085032
0.9980071	0.0019929176
0.9973908	0.0026092315
0.99543166	0.0045683663
0.02280405	0.977196
0.9964587	0.003541248
0.002016142	0.9979838
0.0030388893	0.99696106
0.0058372845	0.99416274
0.0057618166	0.99423814
0.0023999386	0.9976
0.09755966	0.9024403
0.0025429344	0.9974571
0.790859	0.20914106
0.99836665	0.0016333908
0.99695253	0.003047442
0.021745224	0.9782548
0.061328445	0.9386715
0.9983658	0.0016341964
0.011263991	0.988736
0.99736845	0.0026315602
0.0064083342	0.9935916
0.99035186	0.009648157
0.9980221	0.0019779303
0.9972	0.002799984
0.002553186	0.9974469
0.0048558568	0.9951441
0.93889415	0.061105877
0.9938775	0.006122552
0.99404573	0.0059542917
0.0023384874	0.9976615
0.9968855	0.003114557
0.0019869704	0.998013
0.0074611874	0.99253887
0.039362025	0.960638
0.9740893	0.02591068
0.998279	0.001721064
0.16479726	0.8352027
0.92787397	0.07212602
0.997874	0.0021260295
0.0021264793	0.99787354
0.013979155	0.98602086
0.9870407	0.012959336
0.29900715	0.7009929
0.99847156	0.0015284409
0.018823387	0.9811767
0.99841714	0.0015828627
0.09203135	0.90796864
0.9548741	0.045125913
0.02762007	0.9723799
0.9969267	0.0030732946
0.012405417	0.9875946
0.5655199	0.43448007
0.9968184	0.0031816142
0.0017675454	0.9982324
0.13154794	0.8684521
0.9497377	0.050262257
0.0042681023	0.9957319
0.99605465	0.0039453465
0.004466913	0.9955331
0.99344206	0.006557877
0.014471453	0.9855285
0.001900815	0.99809915
0.99747807	0.0025219207
0.03310415	0.9668959
0.98402655	0.015973425
0.010346592	0.9896534
0.99779874	0.0022012282
0.9968189	0.0031811395
0.9853615	0.0146385
0.9951074	0.004892639
0.0036644887	0.9963355
0.997274	0.0027260724
0.9974058	0.00259421
0.9952384	0.004761545
0.0025997856	0.9974003
0.0035980633	0.9964019
0.972446	0.027553972
0.002000123	0.99799985
0.039586943	0.9604131
0.98628867	0.013711327
0.99810934	0.0018906991
0.0047359033	0.99526405
0.0692364	0.93076354
0.9948592	0.005140855
0.9906571	0.00934291
0.9950177	0.0049823364
0.99846065	0.0015393619
0.97547454	0.024525413
0.99828416	0.0017157985
0.9967694	0.0032305662
0.10771644	0.8922835
0.004534827	0.9954652
0.0017925535	0.99820745
0.99591774	0.0040822825
0.9972988	0.0027012778
0.9965749	0.0034251737
0.9939078	0.006092218
0.9925776	0.0074223317
0.067026414	0.93297356
0.11447659	0.88552344
0.99737465	0.002625346
0.99756855	0.0024314725
0.99779034	0.0022096436
0.0035658923	0.9964341
0.02227576	0.97772425
0.0020325098	0.9979674
0.016143652	0.9838563
0.99016166	0.009838381
0.9976169	0.002383097
0.9964497	0.0035502478
0.99081576	0.009184234
0.99698144	0.003018542
0.009515391	0.9904846
0.9973571	0.0026428993
0.004808943	0.9951911
0.82986677	0.17013323
0.9938797	0.006120298
0.99827766	0.0017224015
0.009642464	0.9903576
0.04659633	0.95340365
0.004239451	0.9957606
0.0023023458	0.99769765
0.9932301	0.006769934
0.003935095	0.99606496
0.02894117	0.9710588
0.997013	0.0029870493
0.9961486	0.0038513988
0.99195236	0.008047613
0.0021028526	0.99789715
0.112511836	0.8874881
0.014937245	0.9850627
0.9940475	0.00595248
0.0031675023	0.99683255
0.043488592	0.95651144
0.14108333	0.8589167
0.9967038	0.0032962002
0.0024581845	0.9975418
0.008343326	0.99165666
0.004161752	0.9958383
0.96288943	0.03711052
0.0028212974	0.9971787
0.0046734214	0.9953265
0.0091704335	0.9908296
0.039406393	0.9605936
0.9913128	0.008687221
0.9982829	0.0017171353
0.8998532	0.10014679
0.99558985	0.0044101784
0.14929269	0.85070735
0.9964908	0.0035092365
0.99261224	0.0073877173
0.0049607344	0.9950393
0.99171317	0.008286888
0.0019282904	0.99807173
0.99082524	0.009174714
0.043856733	0.95614326
0.07434476	0.92565525
0.010506933	0.98949313
0.8498826	0.15011738
0.008030091	0.9919699
0.0027866315	0.9972134
0.0032127912	0.9967872
0.883281	0.11671902
0.07039042	0.92960954
0.9977742	0.002225802
0.99224234	0.0077576805
0.8354151	0.16458486
0.0024930134	0.99750704
0.98508805	0.0149119105
0.9983941	0.001605897
0.99338865	0.0066113924
0.0140583115	0.9859417
0.9965957	0.0034042816
0.99748397	0.002516062
0.0022391577	0.9977608
0.13762152	0.8623785
0.030857863	0.9691421
0.072133765	0.92786616
0.0021064188	0.99789363
0.0060650143	0.99393505
0.99843174	0.0015681873
0.0026445135	0.99735546
0.9969613	0.0030386294
0.9958687	0.004131366
0.988736	0.011264012
0.97490066	0.02509934
0.9932201	0.006779835
0.99539256	0.0046074595
0.0018691568	0.99813086
0.007870628	0.99212945
0.9983992	0.0016007721
0.9958269	0.0041730716
0.99401045	0.005989578
0.9975992	0.002400776
0.95095146	0.049048517
0.0027094353	0.99729055
0.0034457943	0.99655426
0.98044235	0.019557655
0.2227659	0.7772341
0.9888548	0.011145149
0.007715897	0.9922841
0.008548702	0.9914513
0.01399003	0.98600996
0.998409	0.0015910183
0.0034771631	0.9965229
0.99566025	0.004339777
0.99684983	0.0031501541
0.99798906	0.0020109613
0.016358832	0.98364115
0.0018333677	0.99816656
0.9982728	0.0017272646
0.0025133875	0.9974866
0.046750326	0.9532497
0.99295723	0.0070428196
0.003220512	0.9967795
0.0018199137	0.99818015
0.11638785	0.88361216
0.0557957	0.9442043
0.031968843	0.9680312
0.003279499	0.9967205
0.9914527	0.008547284
0.9972784	0.0027216645
0.86519367	0.13480636
0.40113252	0.5988674
0.014326481	0.98567355
0.99771845	0.0022815457
0.99837756	0.001622407
0.05948536	0.9405146
0.7694954	0.23050462
0.01160982	0.9883902
0.004743011	0.99525696
0.99728036	0.002719557
0.9929717	0.0070283487
0.0051424303	0.99485755
0.99720436	0.0027955808
0.0020416665	0.9979583
0.04596144	0.95403856
0.01691114	0.9830889
0.03446945	0.9655306
0.029769843	0.97023016
0.8895355	0.11046447
0.0072795264	0.9927205
0.0029128264	0.9970872
0.040512834	0.95948714
0.043603797	0.95639616
0.9962534	0.0037466434
0.009792093	0.99020797
0.99726593	0.0027340737
0.6535616	0.3464384
0.9980488	0.0019512391
0.0025093069	0.99749064
0.0024023922	0.99759763
0.006939985	0.99306
0.07773634	0.9222637
0.9927026	0.0072973697
0.027697116	0.97230285
0.99766266	0.0023373477
0.9959365	0.0040634866
0.9964875	0.0035125213
0.0020597999	0.9979401
0.0020763048	0.9979236
0.9587294	0.041270632
0.9939698	0.006030238
0.0067147976	0.9932852
0.014913942	0.9850861
0.1463729	0.8536271
0.99630994	0.003690054
0.0057129725	0.9942871
0.32898065	0.6710193
0.9933066	0.0066934084
0.018900106	0.9810999
0.9779138	0.022086218
0.9861136	0.013886404
0.020146063	0.9798539
0.9041775	0.095822506
0.9958703	0.004129663
0.9973272	0.0026727947
0.9982765	0.0017235784
0.06349696	0.93650305
0.9911742	0.008825763
0.87641555	0.12358447
0.051844906	0.9481551
0.05237593	0.9476241
0.012899958	0.9871
0.0069565154	0.99304354
0.96278775	0.037212204
0.018319685	0.9816803
0.9854976	0.014502394
0.84922373	0.15077633
0.0051453733	0.99485457
0.004350283	0.99564976
0.84387517	0.15612482
0.0028692645	0.9971308
0.9915705	0.008429485
0.0017960566	0.9982039
0.0026924978	0.99730754
0.99760926	0.0023907505
0.002038535	0.9979615
0.08053394	0.9194661
0.004505554	0.9954945
0.0024348893	0.99756515
0.99702233	0.0029776758
0.99792457	0.0020754181
0.037469	0.96253103
0.08224754	0.91775244
0.0025412682	0.99745876
0.012545813	0.9874542
0.04338606	0.95661396
0.44129288	0.5587072
0.9980026	0.001997456
0.9920053	0.007994719
0.0022233867	0.99777657
0.107220925	0.89277905
0.4530808	0.54691917
0.9977652	0.0022347984
0.0032546208	0.99674535
0.0023724309	0.99762756
0.9819842	0.018015813
0.002850206	0.99714977
0.9981345	0.0018654516
0.002031191	0.99796873
0.96850026	0.03149973
0.0032968738	0.9967031
0.9972676	0.0027323957
0.99590516	0.004094767
0.06968615	0.9303138
0.030371089	0.96962893
0.02110417	0.97889584
0.9915173	0.008482757
0.060405996	0.93959403
0.99640685	0.0035930679
0.0048550903	0.9951449
0.0022915036	0.99770844
0.9983193	0.0016806097
0.006729893	0.9932701
0.0035932902	0.99640673
0.9956143	0.004385733
0.4558704	0.5441296
0.99358714	0.0064128325
0.98106617	0.018933803
0.48000708	0.51999295
0.05592602	0.944074
0.98185456	0.018145472
0.003286489	0.9967135
0.99753076	0.0024692253
0.9982949	0.0017050998
0.94231164	0.057688385
0.003064713	0.99693525
0.9955591	0.0044409316
0.9975642	0.0024357904
0.9967367	0.0032633229
0.0043254523	0.99567455
0.9977552	0.0022447833
0.9832434	0.016756538
0.99709177	0.0029081989
0.9960788	0.0039211884
0.11320317	0.8867969
0.002782089	0.9972179
0.0019113526	0.99808866
0.0018683163	0.9981317
0.9877281	0.0122718355
0.0033115912	0.9966884
0.99691975	0.003080214
0.021169502	0.9788305
0.012899417	0.9871006
0.9557641	0.044235807
0.9941387	0.0058612465
0.0074942126	0.9925057
0.9769661	0.023033883
0.0023443655	0.99765563
0.98195744	0.0180426
0.99838734	0.0016127357
0.9966408	0.0033591762
0.0022345965	0.9977654
0.0026127023	0.99738735
0.9354497	0.06455029
0.064629525	0.93537045
0.011864329	0.9881357
0.98329955	0.016700426
0.99412584	0.0058741476
0.96481377	0.03518618
0.99528706	0.004712864
0.9963678	0.003632216
0.97466487	0.025335101
0.84228027	0.15771972
0.9550273	0.044972707
0.0064187753	0.9935813
0.9958157	0.00418428
0.0019411137	0.99805886
0.0639941	0.93600583
0.84097517	0.15902486
0.94570696	0.054293074
0.0049484763	0.99505156
0.0017826122	0.9982174
0.9794804	0.020519603
0.034462575	0.96553737
0.99494475	0.005055197
0.98913854	0.010861447
0.8913199	0.10868014
0.0038898399	0.99611014
0.96295464	0.037045375
0.98755985	0.0124401655
0.9982716	0.0017284433
0.9979798	0.0020202114
0.0022994278	0.99770063
0.0030055	0.9969945
0.0023650592	0.9976349
0.9982705	0.0017295
0.99813133	0.0018686916
0.051853858	0.9481461
0.11387955	0.88612044
0.026601503	0.9733985
0.0061258897	0.99387413
0.98168063	0.018319365
0.013174733	0.9868253
0.004724247	0.99527574
0.99806136	0.0019385722
0.0020718656	0.99792814
0.033451848	0.9665482
0.99405694	0.0059430464
0.03706505	0.962935
0.9953105	0.004689474
0.038138766	0.9618612
0.038636576	0.9613634
0.016626015	0.983374
0.04468603	0.955314
0.019202312	0.9807977
0.015899397	0.9841006
0.9740148	0.025985172
0.08537737	0.91462266
0.99781823	0.0021817987
0.03624106	0.96375895
0.02268486	0.9773152
0.982427	0.01757298
0.9720543	0.027945748
0.107085936	0.89291406
0.016003214	0.9839968
0.99693334	0.0030666983
0.041935507	0.95806456
0.0018632901	0.99813664
0.9944576	0.0055424166
0.0017780954	0.99822193
0.9933402	0.0066597736
0.99645483	0.0035451977
0.004645474	0.99535453
0.98726547	0.012734524
0.002199978	0.99780005
0.99829453	0.0017054424
0.0753788	0.92462116
0.009531612	0.99046844
0.9943516	0.005648365
0.9978707	0.002129297
0.99489117	0.0051088403
0.002057032	0.997943
0.23594731	0.7640527
0.064111054	0.935889
0.9727551	0.027244864
0.0062823007	0.9937177
0.028464964	0.9715351
0.014919842	0.9850802
0.13941076	0.8605892
0.9964251	0.0035749483
0.9983846	0.0016154536
0.023402654	0.97659737
0.91985315	0.08014689
0.99739873	0.0026013239
0.0106521845	0.9893478
0.002032847	0.9979672
0.9903983	0.009601718
0.992665	0.0073349373
0.9982839	0.0017160125
0.98910564	0.010894313
0.018777367	0.9812227
0.0032522315	0.99674773
0.72451854	0.2754815
0.012787707	0.98721224
0.99623126	0.003768735
0.9983021	0.0016978419
0.03678172	0.9632183
0.99833435	0.0016656686
0.004764	0.995236
0.7003702	0.29962987
0.99722517	0.0027748803
0.00616242	0.99383754
0.001886119	0.9981139
0.99349654	0.006503413
0.9749707	0.02502929
0.9955369	0.004463095
0.9731396	0.02686044
0.99683243	0.0031676323
0.98338586	0.01661409
0.0021768708	0.9978231
0.023673745	0.9763263
0.9910748	0.008925209
0.003301474	0.99669844
0.99762875	0.0023712327
0.030851666	0.96914834
0.072814465	0.92718554
0.0035026644	0.99649733
0.0024935117	0.99750656
0.027514938	0.9724851
0.99838996	0.0016100077
0.012589957	0.98741
0.00310504	0.99689496
0.99800044	0.0019995633
0.75304073	0.24695924
0.99836785	0.0016321159
0.008057753	0.9919423
0.9935029	0.006497122
0.99845815	0.0015418592
0.14621344	0.8537865
0.99787664	0.0021233622
0.00220675	0.9977932
0.9935381	0.0064619593
0.0022630943	0.99773693
0.26212493	0.73787504
0.9975896	0.0024104177
0.91101223	0.08898777
0.9980732	0.0019268026
0.0340215	0.96597856
0.014692013	0.985308
0.99808407	0.0019159794
0.0041202903	0.99587965
0.9976342	0.0023658492
0.0068044597	0.99319553
0.001958275	0.99804175
0.046802655	0.9531973
0.97355676	0.026443202
0.0027816312	0.9972184
0.037197717	0.96280223
0.043180674	0.9568193
0.004981941	0.995018
0.006217579	0.99378246
0.99819595	0.0018040746
0.9969695	0.0030305076
0.9888009	0.011199069
0.0027155404	0.9972844
0.98695767	0.01304231
0.0018609654	0.998139
0.04732675	0.95267326
0.9967533	0.003246738
0.9887101	0.011289937
0.0026378261	0.9973622
0.0030374913	0.9969625
0.993381	0.0066189943
0.114855476	0.8851445
0.9859772	0.014022851
0.93796	0.062039994
0.0026410685	0.99735886
0.99766386	0.0023361258
0.47722977	0.5227702
0.0048275953	0.99517244
0.99355936	0.0064405915
0.015201135	0.98479885
0.99778396	0.0022160194
0.9983791	0.0016208685
0.9911617	0.008838227
0.002175231	0.9978248
0.9972422	0.0027578124
0.9152622	0.084737815
0.7593164	0.24068357
0.0018010562	0.9981989
0.9978472	0.0021527633
0.004818628	0.9951814
0.054910135	0.9450898
0.072821125	0.92717886
0.0036194373	0.9963806
0.005132102	0.9948679
0.99633515	0.0036648714
0.99836737	0.0016326865
0.09796893	0.9020311
0.026745975	0.973254
0.9683312	0.031668805
0.85230386	0.1476962
0.9979266	0.0020733846
0.0017831075	0.9982168
0.9970074	0.002992557
0.9383326	0.061667394
0.9967794	0.00322061
0.1153909	0.88460904
0.99290836	0.007091618
0.0018312783	0.9981687
0.99556583	0.0044341655
0.9974732	0.0025268558
0.086336024	0.91366404
0.98916	0.010839983
0.035851326	0.96414864
0.9956904	0.0043095653
0.003062654	0.9969374
0.98562187	0.01437818
0.011322067	0.9886779
0.07237856	0.9276215
0.9872236	0.012776341
0.03045654	0.9695434
0.99418133	0.005818652
0.024543582	0.9754564
0.9824338	0.01756619
0.9814362	0.018563807
0.9962174	0.0037825778
0.088033065	0.9119669
0.0023186556	0.9976814
0.0047756997	0.99522424
0.7935521	0.2064479
0.99393314	0.0060668336
0.99262816	0.0073719155
0.67203087	0.32796916
0.9885937	0.011406272
0.9982237	0.0017762969
0.05875263	0.94124734
0.9969798	0.0030201925
0.001967369	0.9980326
0.11305769	0.88694227
0.0023319619	0.99766797
0.97517085	0.024829151
0.04104159	0.95895845
0.9980319	0.001968062
0.004036799	0.9959632
0.014342697	0.98565733
0.98983824	0.010161727
0.065549806	0.9344502
0.0058637816	0.9941362
0.02893291	0.97106713
0.09011651	0.9098835
0.9982894	0.0017105506
0.0055387276	0.9944613
0.00395186	0.99604815
0.0026368203	0.99736315
0.9019476	0.09805235
0.99751854	0.0024815046
0.99603456	0.0039654844
0.001833133	0.9981668
0.9977283	0.0022717242
0.9982054	0.0017945579
0.0042200023	0.99578
0.99775344	0.0022465845
0.0023445105	0.9976555
0.99543494	0.0045650303
0.9983125	0.0016875137
0.9984201	0.0015798263
0.007643475	0.99235654
0.14024764	0.85975236
0.99466467	0.0053353803
0.9968509	0.0031491169
0.005338822	0.99466115
0.019894902	0.9801051
0.964807	0.035193004
0.028843144	0.97115684
0.0020466004	0.9979534
0.99762505	0.0023749685
0.0025188494	0.99748117
0.0029376238	0.9970624
0.0023401869	0.9976598
0.9983411	0.0016589502
0.9974533	0.0025467104
0.36314	0.63686
0.049835153	0.9501648
0.9958117	0.0041883793
0.997818	0.0021820185
0.9948264	0.0051736077
0.99292564	0.0070744017
0.0034974194	0.99650264
0.8210772	0.17892271
0.9913557	0.008644358
0.001953033	0.998047
0.0035617813	0.99643826
0.0029234593	0.9970765
0.98911124	0.010888694
0.9975948	0.0024052102
0.01386151	0.9861385
0.9920723	0.007927674
0.84591097	0.15408906
0.99730396	0.002696052
0.0019875388	0.9980124
0.0070518283	0.9929482
0.99454355	0.0054564252
0.99551374	0.0044862805
0.9960471	0.0039528757
0.9981213	0.0018787126
0.864881	0.13511904
0.24517708	0.7548229
0.9638439	0.036156107
0.02770901	0.972291
0.99746597	0.0025339874
0.99799937	0.0020006334
0.14298981	0.85701025
0.011269356	0.9887306
0.0033921362	0.9966079
0.91265535	0.08734457
0.9964675	0.0035325561
0.9851832	0.014816851
0.00205951	0.9979405
0.07300782	0.9269922
0.0018947617	0.99810517
0.9275958	0.072404146
0.9952394	0.0047606216
0.9967253	0.003274652
0.9973104	0.0026895863
0.03129867	0.96870136
0.9981686	0.0018314238
0.003381436	0.9966185
0.085661985	0.91433805
0.0032941208	0.99670595
0.9971284	0.0028716172
0.027911233	0.97208875
0.9984504	0.0015496389
0.010420315	0.98957974
0.99390125	0.0060987645
0.9968773	0.0031227018
0.9809157	0.019084265
0.0018883878	0.9981116
0.78029925	0.21970071
0.05471781	0.94528216
0.009465172	0.99053484
0.0046205814	0.99537945
0.0026432474	0.9973568
0.9154529	0.08454706
0.010835004	0.989165
0.99618226	0.0038177387
0.006080052	0.99391997
0.99836296	0.0016370057
0.9814171	0.018582854
0.014322252	0.98567766
0.98446214	0.015537848
0.0022375027	0.99776244
0.9596065	0.04039346
0.042713847	0.9572862
0.99760205	0.0023979966
0.0018020312	0.998198
0.9973169	0.0026831555
0.007446878	0.99255306
0.99813545	0.001864484
0.9964527	0.0035473409
0.99577576	0.0042243144
0.9962882	0.0037117817
0.9968137	0.0031862871
0.0019167035	0.99808335
0.0021404824	0.99785954
0.35507783	0.64492214
0.9948769	0.0051230486
0.9983935	0.0016065257
0.060870174	0.9391298
0.98999923	0.010000777
0.00641447	0.9935855
0.9934442	0.0065558525
0.004498892	0.9955011
0.0018013822	0.9981987
0.05645992	0.94354004
0.98692095	0.013079056
0.0017042315	0.9982957
0.0027329556	0.997267
0.0023724162	0.99762756
0.03883438	0.96116567
0.99801564	0.0019843641
0.986974	0.013026031
0.13376181	0.8662382
0.01312087	0.98687917
0.0058408217	0.9941592
0.026549852	0.9734501
0.8559149	0.14408506
0.0029937478	0.99700624
0.002597264	0.9974027
0.10733721	0.89266276
0.9983286	0.0016713603
0.99362177	0.00637821
0.97409785	0.025902227
0.9007706	0.099229395
0.9835931	0.016406925
0.60901994	0.39098
0.018485555	0.9815144
0.0019467339	0.9980533
0.99602246	0.0039775637
0.0020569458	0.9979431
0.9956923	0.0043077413
0.997474	0.0025260071
0.9973423	0.0026576838
0.97827893	0.021721039
0.0037188279	0.9962812
0.98528254	0.014717463
0.9983145	0.001685558
0.002242519	0.9977575
0.0019683696	0.9980317
0.8051692	0.19483078
0.08599726	0.9140027
0.0047470764	0.99525297
0.0071478565	0.99285215
0.99037325	0.009626721
0.19806662	0.80193335
0.16702366	0.83297634
0.02556783	0.9744322
0.096881375	0.9031186
0.018445287	0.9815547
0.002958724	0.9970413
0.8973785	0.10262151
0.99626875	0.003731183
0.002657273	0.99734277
0.0035936947	0.99640626
0.9972555	0.002744561
0.99742824	0.0025717902
0.002302891	0.99769706
0.22899768	0.77100235
0.0033970415	0.9966029
0.96353686	0.03646311
0.0023100039	0.99768996
0.002140414	0.99785954
0.9968016	0.0031984174
0.9974285	0.002571493
0.9875394	0.012460556
0.9964893	0.0035107494
0.99584466	0.004155294
0.006348146	0.99365187
0.013086726	0.98691326
0.0038820233	0.99611795
0.002070233	0.9979298
0.9914704	0.008529616
0.017289463	0.98271054
0.7758691	0.22413093
0.993889	0.006110962
0.99600875	0.00399122
0.99843425	0.0015657226
0.9821931	0.017806875
0.0026336093	0.99736637
0.9952567	0.004743318
0.9966762	0.0033237794
0.9900197	0.00998029
0.0023213087	0.9976787
0.003436188	0.99656385
0.024785776	0.9752142
0.4873613	0.51263875
0.00458063	0.9954194
0.20504545	0.79495454
0.057652913	0.9423471
0.99445856	0.0055414126
0.9980558	0.0019442544
0.0019435328	0.9980565
0.99198407	0.0080160005
0.98818386	0.011816138
0.9872595	0.012740522
0.9940783	0.0059217205
0.9973425	0.0026574514
0.9963336	0.0036664184
0.9941962	0.0058037783
0.0029874453	0.9970125
0.0027369002	0.9972631
0.039989434	0.9600106
0.9939632	0.0060368693
0.056000043	0.94399995
0.95060974	0.049390323
0.99827206	0.001727873
0.0020253495	0.9979747
0.9367887	0.06321135
0.99712247	0.0028775735
0.004566376	0.9954336
0.99742043	0.0025795172
0.002292184	0.99770784
0.9936232	0.0063768416
0.9909079	0.009092101
0.9951886	0.0048114215
0.99260604	0.0073940074
0.9965263	0.0034736618
0.9980107	0.0019893812
0.99393725	0.006062752
0.03457138	0.9654286
0.9967115	0.0032884548
0.9981369	0.0018630667
0.9968194	0.0031806326
0.9939568	0.0060431845
0.9979545	0.002045461
0.97110164	0.028898366
0.005526963	0.99447304
0.005902747	0.99409723
0.9959735	0.004026523
0.007303466	0.9926965
0.996317	0.0036829943
0.006692971	0.99330705
0.99704117	0.0029588058
0.98739374	0.012606239
0.99829274	0.0017072438
0.96335554	0.036644477
0.96642447	0.033575516
0.9980101	0.001989936
0.095405705	0.9045943
0.017494127	0.9825059
0.9906565	0.009343492
0.99708384	0.002916152
0.0021194092	0.9978806
0.01635898	0.9836411
0.008275577	0.99172443
0.0019651216	0.9980349
0.024592662	0.9754073
0.9984068	0.0015932347
0.0049581006	0.99504185
0.95234	0.04765999
0.9976864	0.0023136244
0.29088262	0.7091174
0.9971282	0.002871863
0.050253063	0.94974697
0.05906338	0.9409366
0.018209724	0.9817903
0.06227053	0.9377295
0.0020885258	0.9979115
0.13189231	0.8681077
0.54390776	0.45609227
0.0045302184	0.9954698
0.0058095506	0.99419045
0.093028195	0.9069719
0.96103925	0.03896073
0.9974164	0.002583633
0.9874523	0.012547649
0.16120459	0.83879536
0.99286723	0.0071328306
0.0077253445	0.9922747
0.07861036	0.9213897
0.02708882	0.97291124
0.004843474	0.9951565
0.12689939	0.8731006
0.002003162	0.99799687
0.9931201	0.0068799937
0.017179599	0.9828204
0.044743598	0.9552564
0.9537578	0.046242137
0.030530253	0.9694697
0.0035771774	0.9964228
0.016191347	0.9838087
0.016568959	0.98343104
0.013903589	0.98609644
0.002925289	0.9970747
0.29401904	0.70598096
0.98597866	0.014021361
0.12700053	0.8729994
0.0028710056	0.997129
0.002541418	0.99745864
0.9791574	0.020842534
0.99138266	0.008617406
0.074230485	0.92576957
0.6858759	0.31412414
0.014200574	0.98579943
0.93920183	0.060798112
0.9930797	0.0069202757
0.9613567	0.038643364
0.9474086	0.052591372
0.0025957623	0.99740416
0.9764297	0.02357036
0.995288	0.0047120275
0.022238158	0.97776186
0.0028270222	0.99717295
0.0073196627	0.9926803
0.015382896	0.9846171
0.99683857	0.0031613954
0.010620958	0.9893791
0.0066179503	0.9933821
0.98962283	0.010377207
0.015795335	0.9842047
0.014307901	0.985692
0.99534816	0.0046518235
0.0019991153	0.9980009
0.005860878	0.9941392
0.9966708	0.0033292037
0.0025010589	0.9974989
0.9954829	0.0045170747
0.0073334933	0.99266654
0.0420015	0.95799845
0.99602216	0.0039778887
0.0056167226	0.9943832
0.99824476	0.0017552039
0.9931352	0.0068648215
0.9976675	0.0023324313
0.9931097	0.006890284
0.010654585	0.9893454
0.011195585	0.9888044
0.023388127	0.9766119
0.997248	0.0027519579
0.8864956	0.11350444
0.0017850267	0.99821496
0.003031398	0.99696857
0.9946396	0.005360389
0.03951583	0.9604842
0.0043505784	0.9956494
0.0025802362	0.9974197
0.9975418	0.0024582879
0.04103128	0.95896876
0.25068915	0.7493108
0.9983222	0.0016777343
0.0025205105	0.9974795
0.03730693	0.9626931
0.9952518	0.004748268
0.997938	0.0020619652
0.99316335	0.006836713
0.9961914	0.0038086132
0.03797434	0.9620257
0.8422932	0.15770675
0.92651916	0.073480874
0.99733317	0.0026668273
0.99764204	0.002358018
0.011478116	0.98852193
0.991626	0.008373909
0.0022053646	0.9977946
0.9958702	0.0041298084
0.99757963	0.0024204038
0.9959953	0.004004755
0.0020906439	0.99790937
0.9952361	0.0047639413
0.0033449857	0.996655
0.9891795	0.01082047
0.0022743694	0.99772567
0.93321073	0.06678931
0.9978598	0.0021402808
0.0055179023	0.99448216
0.71545905	0.28454092
0.0023208915	0.9976792
0.013214998	0.986785
0.0065871254	0.9934129
0.97441727	0.025582807
0.99474996	0.005250041
0.26426437	0.7357356
0.0048293825	0.99517065
0.99487054	0.005129444
0.0018410191	0.998159
0.104186244	0.89581376
0.0019693025	0.9980307
0.0030180886	0.9969819
0.005259597	0.9947404
0.011230965	0.98876905
0.0017200557	0.9982799
0.19155791	0.80844206
0.0026922568	0.9973078
0.90349776	0.096502215
0.010174262	0.9898258
0.9929987	0.007001245
0.0027076178	0.99729234
0.99447787	0.0055221533
0.99301803	0.0069820373
0.9947318	0.0052682185
0.99029493	0.009705057
0.93113714	0.068862855
0.91978365	0.08021638
0.0022432148	0.9977568
0.995776	0.004224068
0.038646612	0.96135336
0.039520387	0.9604796
0.0024695224	0.9975305
0.997152	0.00284796
0.99490094	0.0050990586
0.9947178	0.005282301
0.0018415783	0.9981584
0.004101271	0.99589866
0.9884998	0.011500233
0.9735257	0.026474364
0.018631795	0.98136824
0.90042263	0.09957743
0.9970431	0.002956876
0.97234297	0.027657013
0.005079198	0.9949208
0.0040897494	0.9959103
0.9102983	0.0897017
0.9905391	0.009460912
0.9971955	0.0028045173
0.9960729	0.0039270963
0.017301677	0.9826984
0.0033551506	0.99664485
0.99709594	0.0029040675
0.0062984554	0.9937016
0.9948591	0.005140957
0.99230015	0.007699821
0.99571913	0.0042808456
0.07925008	0.9207499
0.09995494	0.90004504
0.9947331	0.0052669095
0.01713506	0.982865
0.0024070665	0.99759287
0.0066732382	0.9933268
0.0021659075	0.99783415
0.017309502	0.9826905
0.99838793	0.0016120432
0.0038150554	0.9961849
0.9501349	0.049865138
0.004747497	0.9952525
0.00252495	0.9974751
0.9959611	0.004038854
0.0031778414	0.9968221
0.99720263	0.0027973824
0.0023641898	0.99763584
0.9847845	0.015215563
0.0021754317	0.99782455
0.99672264	0.0032773954
0.0022066408	0.9977933
0.0037704078	0.9962296
0.9983668	0.0016332361
0.0021214108	0.99787855
0.034410395	0.9655896
0.001996783	0.9980032
0.0019457799	0.99805427
0.99274844	0.00725154
0.01658218	0.9834178
0.08165074	0.91834927
0.99697113	0.003028802
0.008238069	0.9917619
0.002055654	0.9979443
0.35567236	0.64432764
0.0020764314	0.9979235
0.0029512837	0.9970488
0.65499425	0.34500578
0.9932643	0.0067356676
0.007319483	0.9926805
0.9952495	0.004750436
0.035800785	0.9641992
0.97630435	0.023695627
0.99677855	0.003221443
0.995783	0.004217108
0.088416725	0.91158324
0.9935759	0.0064241663
0.9951007	0.0048992927
0.99786747	0.0021325499
0.9972408	0.0027591882
0.99396086	0.006039214
0.0022917325	0.9977082
0.051156476	0.94884354
0.9943751	0.0056248563
0.0019630746	0.9980369
0.03343942	0.96656054
0.0093383305	0.9906617
0.0023043423	0.9976956
0.054145176	0.94585484
0.020636244	0.97936374
0.99785703	0.0021429402
0.99360436	0.0063957134
0.99846715	0.0015328468
0.9969014	0.003098661
0.9678621	0.032137856
0.99792874	0.0020712784
0.13848485	0.8615151
0.0025433756	0.9974566
0.0023364082	0.9976636
0.0022048233	0.9977952
0.99249786	0.007502137
0.0020943396	0.99790573
0.0020678039	0.9979322
0.8996961	0.10030395
0.97174835	0.028251601
0.9963198	0.003680278
0.010311166	0.98968875
0.11484333	0.8851567
0.9963018	0.0036981758
0.96814495	0.03185506
0.99680823	0.003191735
0.9971789	0.0028211395
0.96414036	0.03585962
0.7103879	0.28961217
0.2256781	0.77432185
0.8548302	0.14516978
0.9768787	0.023121329
0.0021041138	0.99789584
0.77604383	0.22395615
0.0022049262	0.9977951
0.9607161	0.03928392
0.99838793	0.0016121125
0.14243461	0.8575654
0.94101197	0.058988042
0.9977191	0.0022808511
0.12659732	0.87340266
0.02492196	0.97507805
0.0022435961	0.9977564
0.037535314	0.96246463
0.0027816049	0.9972184
0.99430966	0.0056903465
0.99607724	0.0039227083
0.98076713	0.019232882
0.11188725	0.8881128
0.99797946	0.0020205604
0.0031421054	0.9968579
0.8064937	0.1935063
0.044120245	0.9558798
0.0506269	0.9493731
0.9983518	0.0016482538
0.29608676	0.7039132
0.07445915	0.92554086
0.0021860297	0.99781394
0.9954307	0.004569336
0.99341935	0.0065806755
0.032621495	0.9673785
0.9746481	0.025351932
0.0017240528	0.998276
0.0051487815	0.9948512
0.9692128	0.030787287
0.9373539	0.06264611
0.005088479	0.9949115
0.9912747	0.008725285
0.9916045	0.008395545
0.02484323	0.9751568
0.0359488	0.96405125
0.046569325	0.95343065
0.9983413	0.0016586871
0.0030817871	0.9969182
0.002896734	0.9971033
0.0019998013	0.9980002
0.9931554	0.006844572
0.06618617	0.9338138
0.0027633214	0.9972366
0.0018605908	0.9981394
0.99695253	0.0030474362
0.008104471	0.9918955
0.0029910067	0.997009
0.018446252	0.9815538
0.9968731	0.0031269377
0.9909897	0.009010277
0.9898121	0.010187948
0.009351069	0.9906489
0.0024571747	0.99754286
0.014944284	0.9850557
0.007939268	0.9920608
0.011750048	0.98825
0.99828595	0.0017140205
0.0020513693	0.9979486
0.98243237	0.017567564
0.05741895	0.9425811
0.054930437	0.9450696
0.99621636	0.003783685
0.0023496489	0.9976503
0.6205311	0.37946892
0.9564243	0.043575734
0.9983311	0.0016688337
0.030110959	0.96988904
0.005370232	0.99462974
0.0037982466	0.9962018
0.7391598	0.2608402
0.9912431	0.008756921
0.99612135	0.0038785802
0.007790217	0.9922098
0.008399877	0.99160016
0.21618077	0.7838192
0.018043173	0.98195684
0.7545331	0.24546683
0.0031039224	0.996896
0.011293961	0.988706
0.99808204	0.0019180266
0.9968663	0.0031336541
0.99125975	0.008740276
0.984405	0.015594981
0.9981602	0.0018397752
0.0024958374	0.9975042
0.027770855	0.9722292
0.99849856	0.001501456
0.9814424	0.018557591
0.9780358	0.021964267
0.0018783056	0.9981217
0.99769396	0.0023060094
0.99794716	0.0020528291
0.004768121	0.9952318
0.006901687	0.9930983
0.006980464	0.9930195
0.9876747	0.012325276
0.99815434	0.0018456145
0.0027443105	0.99725574
0.0059646326	0.99403536
0.008856224	0.9911438
0.018735476	0.9812646
0.001896456	0.9981035
0.030155255	0.96984476
0.9982333	0.0017666599
0.9965733	0.0034266321
0.004203495	0.99579656
0.008492406	0.99150753
0.025000483	0.9749995
0.993572	0.006428033
0.992955	0.007045034
0.002363813	0.9976362
0.0017779837	0.99822205
0.99779606	0.0022039928
0.07312324	0.9268767
0.0027527956	0.99724716
0.9964977	0.003502318
0.02609954	0.9739005
0.11380192	0.88619816
0.05007357	0.9499264
0.0028422354	0.9971578
0.018657766	0.98134226
0.9669147	0.03308526
0.9963265	0.0036734426
0.7534078	0.24659222
0.022488572	0.9775114
0.9543715	0.045628496
0.9829723	0.017027669
0.99711573	0.0028842483
0.74728316	0.25271684
0.040454227	0.95954573
0.019147271	0.9808528
0.0019175995	0.9980824
0.99752706	0.0024729972
0.0020186834	0.99798137
0.031779006	0.968221
0.037695784	0.96230423
0.022711765	0.9772882
0.99420375	0.0057962523
0.9982632	0.0017368144
0.98742336	0.012576573
0.8474019	0.15259811
0.009960996	0.99003893
0.0019114491	0.99808854
0.042465307	0.9575347
0.010380043	0.98962003
0.0026865578	0.99731344
0.9984549	0.0015450476
0.9934036	0.006596336
0.8873044	0.11269563
0.86639744	0.13360254
0.99680555	0.0031944213
0.21689332	0.7831067
0.7952022	0.20479779
0.997489	0.0025110696
0.9973206	0.002679438
0.99046785	0.0095321005
0.024423435	0.9755765
0.9941829	0.00581706
0.9967	0.0033000251
0.006009036	0.99399096
0.0037534125	0.9962465
0.04851658	0.9514834
0.012695209	0.98730487
0.930979	0.06902094
0.0019181016	0.9980819
0.007339251	0.99266076
0.019388707	0.9806113
0.002193397	0.9978066
0.86613345	0.13386656
0.26699907	0.73300093
0.7736088	0.2263912
0.02246932	0.97753066
0.037946697	0.96205324
0.01157182	0.9884282
0.9321212	0.06787874
0.9972191	0.0027809408
0.9983896	0.001610434
0.9944166	0.0055834404
0.9971731	0.002826873
0.98976386	0.010236097
0.0027780435	0.99722195
0.9984125	0.0015874434
0.9964803	0.0035197085
0.93409425	0.06590576
0.0048518428	0.9951481
0.011631629	0.98836845
0.0018612709	0.99813867
0.07221618	0.92778385
0.99385506	0.0061448584
0.9659977	0.034002338
0.9638556	0.036144394
0.014825246	0.9851747
0.9931712	0.006828824
0.9707949	0.02920502
0.99712867	0.0028714016
0.0938005	0.9061995
0.06157543	0.9384245
0.01012317	0.9898768
0.0037110238	0.996289
0.0018520347	0.99814796
0.0018693674	0.9981306
0.00886055	0.9911395
0.8542203	0.14577968
0.0019663377	0.9980337
0.9912458	0.008754214
0.975966	0.024034
0.9908597	0.009140317
0.9870996	0.01290045
0.9983803	0.0016196767
0.9980319	0.0019680604
0.008989956	0.99101007
0.9951509	0.004849055
0.9966581	0.0033419156
0.99563545	0.0043645757
0.9972107	0.002789364
0.9951624	0.0048375707
0.0021596055	0.9978404
0.99315876	0.0068412595
0.0018535359	0.99814653
0.021753797	0.9782462
0.98526263	0.014737349
0.99640036	0.0035996346
0.0020723233	0.99792767
0.9983784	0.0016215583
0.99318767	0.0068122847
0.006550426	0.9934496
0.0050213593	0.9949786
0.017184705	0.9828153
0.9905338	0.00946619
0.99165946	0.00834054
0.08088316	0.9191168
0.0030757866	0.9969242
0.99826616	0.0017338083
0.0029232872	0.99707675
0.004214515	0.9957854
0.027508259	0.97249174
0.98954344	0.0104565155
0.049127694	0.9508723
0.001813105	0.9981869
0.99172795	0.008272087
0.99806935	0.0019306899
0.998014	0.0019860591
0.002002824	0.9979971
0.9977876	0.0022123714
0.002731916	0.9972681
0.9799744	0.020025654
0.9964922	0.0035077578
0.006278007	0.993722
0.05629828	0.94370174
0.025949996	0.97405
0.9980203	0.0019796705
0.004364638	0.99563533
0.057235405	0.9427646
0.0048419572	0.995158
0.001957015	0.99804294
0.4182151	0.5817849
0.9964095	0.003590534
0.12965806	0.87034196
0.13113819	0.8688618
0.39780393	0.60219604
0.0028666134	0.9971334
0.995667	0.0043329704
0.17309752	0.82690245
0.994319	0.005681013
0.021360612	0.97863936
0.015052197	0.98494774
0.99796766	0.0020323417
0.0019541765	0.9980458
0.9967321	0.0032679418
0.004668489	0.99533147
0.9951291	0.0048709274
0.0018779607	0.99812204
0.0022033765	0.99779665
0.9801216	0.019878358
0.0028440116	0.997156
0.02198898	0.978011
0.9898936	0.010106349
0.91847795	0.081522
0.98508006	0.014919919
0.9967409	0.0032591159
0.9911097	0.008890326
0.9973947	0.0026053004
0.006694943	0.993305
0.99366105	0.0063388916
0.0023351735	0.9976648
0.0018247537	0.99817526
0.9789468	0.021053147
0.044025976	0.95597404
0.047619004	0.952381
0.003035681	0.9969643
0.005445087	0.9945549
0.9209563	0.0790437
0.988565	0.011434994
0.9779243	0.022075778
0.991234	0.008766039
0.93434817	0.06565186
0.9954372	0.0045627444
0.9983083	0.0016916791
0.0141774025	0.9858226
0.9941525	0.005847454
0.9957228	0.0042771865
0.99428314	0.005716853
0.003327364	0.99667263
0.9652682	0.03473181
0.9857481	0.014251851
0.980767	0.019232973
0.019062229	0.9809378
0.014384884	0.98561513
0.0038019433	0.996198
0.049844336	0.9501557
0.9963685	0.0036315138
0.042207196	0.9577928
0.089604855	0.9103952
0.003201074	0.9967989
0.004389683	0.9956103
0.9932708	0.0067292266
0.024470612	0.9755293
0.0027162044	0.9972838
0.99571544	0.0042845486
0.9954562	0.004543738
0.0035793332	0.99642074
0.003327478	0.9966725
0.0053139795	0.994686
0.99440336	0.005596633
0.93871284	0.061287228
0.9927199	0.007280112
0.96724284	0.032757103
0.040114593	0.95988536
0.9984378	0.0015622126
0.0020354525	0.9979646
0.9730132	0.026986748
0.9927207	0.007279361
0.9909803	0.009019658
0.9981078	0.001892233
0.0023910333	0.9976089
0.789756	0.21024399
0.076850414	0.92314965
0.98320895	0.016791014
0.008205221	0.99179476
0.0021531947	0.99784684
0.9931612	0.006838804
0.03845288	0.9615471
0.9977754	0.0022245708
0.9873695	0.01263055
0.033403777	0.9665962
0.13086218	0.8691378
0.00374221	0.9962578
0.99455404	0.005445955
0.9778349	0.022165047
0.011350425	0.9886496
0.0020608413	0.99793917
0.9904991	0.009500945
0.29117352	0.7088264
0.0029058256	0.99709415
0.0048727226	0.9951272
0.9292662	0.070733756
0.0022993663	0.99770063
0.89690787	0.10309213
0.9972921	0.002707922
0.0064580897	0.99354184
0.003507141	0.9964928
0.99737513	0.002624888
0.9927094	0.0072905687
0.0032589457	0.9967411
0.9983681	0.0016318875
0.002248415	0.99775153
0.99787307	0.00212694
0.04735251	0.9526475
0.9799472	0.020052766
0.054919343	0.9450807
0.0038485937	0.9961514
0.9982844	0.0017155992
0.007555521	0.99244446
0.9948666	0.005133346
0.9780573	0.021942623
0.019295827	0.9807042
0.9982126	0.0017874481
0.0017085407	0.99829143
0.0053647445	0.9946353
0.0019520164	0.99804795
0.012457289	0.9875426
0.95201427	0.04798574
0.11917254	0.8808275
0.996111	0.0038890475
0.9982765	0.0017235589
0.0036443763	0.99635565
0.011505046	0.98849493
0.9984268	0.0015732605
0.98490614	0.015093836
0.99750584	0.0024941617
0.022311728	0.97768825
0.010436287	0.98956376
0.04768425	0.9523158
0.99769384	0.0023061037
0.997292	0.0027079657
0.11422537	0.8857746
0.0036541135	0.99634594
0.062061135	0.93793887
0.0024022986	0.99759775
0.99234796	0.0076520885
0.06624383	0.9337562
0.0052664047	0.9947336
0.0021847207	0.99781525
0.997358	0.002641895
0.9979399	0.0020601528
0.005265671	0.9947344
0.99770206	0.002297902
0.13810265	0.86189735
0.0018238411	0.9981762
0.99673164	0.0032683953
0.031229094	0.9687709
0.0041120746	0.99588794
0.0030771638	0.9969228
0.9971269	0.0028731509
0.9922472	0.0077528004
0.9884072	0.011592792
0.0036870681	0.9963129
0.0020162123	0.9979838
0.06673192	0.9332681
0.21951577	0.78048426
0.050573718	0.94942623
0.99840087	0.001599133
0.07945945	0.9205406
0.0042236103	0.9957765
0.011293914	0.9887061
0.08022331	0.9197767
0.99656576	0.0034342417
0.9984485	0.0015514635
0.0018479008	0.9981521
0.0022318657	0.99776816
0.9976526	0.0023474388
0.0026890337	0.997311
0.007890641	0.99210936
0.17695327	0.8230467
0.0036006677	0.9963993
0.087888286	0.91211176
0.0068699396	0.99313
0.9980642	0.0019357363
0.9934454	0.006554629
0.9059262	0.094073735
0.0021231682	0.9978769
0.9956124	0.004387549
0.9970898	0.0029102126
0.03866332	0.9613366
0.9973544	0.0026456483
0.008785484	0.9912145
0.9441944	0.055805624
0.0028573708	0.9971426
0.0035098651	0.99649006
0.99165374	0.008346293
0.003251714	0.9967483
0.038941305	0.9610586
0.0024505404	0.9975495
0.9974873	0.0025126704
0.03190934	0.96809065
0.0020481097	0.9979519
0.99817336	0.0018266732
0.99551904	0.0044809445
0.025580429	0.9744196
0.0019466578	0.9980533
0.9956233	0.0043766894
0.99682933	0.0031705992
0.99802125	0.0019787739
0.9937304	0.0062695486
0.05003973	0.9499603
0.99469143	0.0053086085
0.002423574	0.9975764
0.99794513	0.0020548287
0.015052459	0.9849475
0.00206653	0.9979335
0.009589261	0.9904108
0.042776912	0.95722306
0.9820665	0.017933419
0.02134935	0.9786507
0.0021254749	0.9978745
0.12409927	0.8759007
0.011134191	0.9888658
0.002164359	0.9978357
0.9850631	0.014936937
0.9534364	0.046563573
0.0018866145	0.9981134
0.0017435661	0.9982564
0.0023150868	0.99768496
0.9876166	0.012383435
0.07080585	0.92919415
0.992938	0.007062063
0.87265795	0.12734202
0.14502956	0.8549704
0.9979468	0.0020532024
0.15456079	0.84543926
0.994294	0.005706026
0.996678	0.0033220456
0.0063049025	0.9936951
0.96929955	0.030700436
0.9983657	0.0016343445
0.99623764	0.003762349
0.9810952	0.018904837
0.061599854	0.9384002
0.21199487	0.7880052
0.997227	0.0027729757
0.99565804	0.0043419553
0.00812235	0.9918777
0.13081609	0.86918396
0.008815683	0.9911843
0.9699469	0.030053068
0.9972766	0.0027233853
0.993915	0.006084958
0.032095954	0.9679041
0.0048988834	0.99510115
0.99840325	0.0015967854
0.009539686	0.9904604
0.0023197278	0.9976802
0.0028222504	0.9971777
0.9984066	0.0015934047
0.06163123	0.9383688
0.9910931	0.008906955
0.005758428	0.9942416
0.20440601	0.79559404
0.99841464	0.0015853009
0.05432649	0.94567347
0.004225853	0.9957742
0.034627188	0.9653728
0.0075453157	0.99245465
0.99374855	0.0062514227
0.9982798	0.0017202605
0.9933147	0.0066853166
0.045409273	0.9545907
0.99534446	0.00465557
0.0018794861	0.9981205
0.005719927	0.9942801
0.0030950322	0.9969049
0.012108317	0.9878917
0.92511696	0.07488307
0.0021424252	0.9978575
0.010407361	0.9895927
0.5579668	0.44203314
0.9918419	0.0081581045
0.99831676	0.001683312
0.99821293	0.0017871045
0.9957379	0.0042620553
0.9960555	0.0039445134
0.06598089	0.93401915
0.987778	0.012221963
0.020626703	0.9793732
0.0031414188	0.9968586
0.044633534	0.9553665
0.09593512	0.90406483
0.0025402748	0.9974597
0.9984296	0.0015703599
0.004239008	0.995761
0.98740655	0.012593508
0.010180895	0.9898191
0.002104248	0.9978957
0.9954094	0.0045905327
0.9906785	0.009321441
0.009859176	0.99014086
0.0034739028	0.99652606
0.01869648	0.98130345
0.9950471	0.0049528736
0.9981134	0.0018866336
0.045778792	0.9542212
0.97159946	0.028400578
0.005574102	0.9944259
0.99757725	0.002422795
0.99708205	0.002917909
0.0246217	0.9753783
0.968903	0.031097002
0.89585805	0.10414192
0.99503493	0.0049651093
0.9984022	0.0015978287
0.13155878	0.8684412
0.99548364	0.0045163394
0.024710696	0.97528934
0.002349601	0.99765044
0.011374914	0.98862505
0.003829972	0.99617
0.9904827	0.00951726
0.9983315	0.0016685113
0.88885665	0.11114337
0.0027046374	0.9972953
0.8964799	0.10352006
0.998346	0.0016540777
0.0021868038	0.9978132
0.993618	0.006381992
0.003179954	0.9968201
0.98150784	0.018492134
0.9980254	0.0019745973
0.9982358	0.0017641649
0.9364683	0.06353162
0.016722288	0.98327774
0.016716395	0.98328364
0.99587184	0.004128177
0.0018368793	0.99816316
0.1534147	0.8465853
0.99627006	0.0037299534
0.0047736857	0.99522626
0.9927763	0.007223751
0.9982986	0.0017014074
0.9932967	0.0067032687
0.033902675	0.96609735
0.9909836	0.009016411
0.9979221	0.0020778684
0.99634784	0.003652176
0.0049095736	0.99509037
0.9929616	0.007038372
0.0041063554	0.9958936
0.9622527	0.037747275
0.99498665	0.0050133374
0.9984164	0.0015835387
0.998145	0.0018549671
0.0031395257	0.9968605
0.99658465	0.0034153017
0.01819246	0.9818076
0.003526723	0.99647325
0.029566502	0.97043353
0.9812438	0.018756231
0.0040638046	0.99593616
0.0026803173	0.99731964
0.4027933	0.5972067
0.0043187565	0.9956813
0.99705017	0.0029498178
0.005956222	0.99404377
0.024592152	0.97540784
0.95756996	0.042430043
0.0026395554	0.9973604
0.03597296	0.9640271
0.9921744	0.007825679
0.981139	0.018860957
0.050458647	0.94954133
0.9983063	0.001693666
0.090458706	0.90954125
0.06285564	0.9371444
0.20463358	0.7953664
0.998197	0.0018030256
0.011871582	0.9881285
0.99695385	0.003046104
0.0066120843	0.99338794
0.9926761	0.0073239044
0.98565936	0.014340561
0.9898011	0.010198834
0.19322355	0.8067764
0.9889798	0.0110201845
0.0038894394	0.9961106
0.98866314	0.0113368295
0.9966235	0.0033765337
0.99841285	0.0015871193
0.9892385	0.010761434
0.12581433	0.8741857
0.99834	0.0016599677
0.99655765	0.0034423722
0.002958343	0.99704164
0.003627675	0.99637234
0.9907479	0.009252058
0.0025182758	0.99748176
0.017212067	0.9827879
0.0020910425	0.99790895
0.98869634	0.011303607
0.022984663	0.9770154
0.99825364	0.0017463905
0.0026258205	0.9973742
0.0052605327	0.9947395
0.002499356	0.9975006
0.0028045892	0.99719536
0.0025937583	0.9974062
0.9982691	0.0017308489
0.01940687	0.9805931
0.19755286	0.8024472
0.99456704	0.0054329843
0.0029028514	0.99709713
0.99732	0.0026800027
0.99471056	0.0052894815
0.003605797	0.9963942
0.9977952	0.002204771
0.99290574	0.007094238
0.018511679	0.98148835
0.99713445	0.0028655338
0.9796127	0.020387286
0.0030337223	0.9969663
0.023879873	0.97612005
0.9979876	0.0020123215
0.97184247	0.028157555
0.9981768	0.0018232056
0.02008602	0.97991395
0.12383586	0.8761642
0.9779784	0.022021571
0.99753845	0.0024615875
0.0027193928	0.9972806
0.40570173	0.59429824
0.9931598	0.00684021
0.9790571	0.02094287
0.6245249	0.3754751
0.013778857	0.9862212
0.0029867466	0.9970132
0.9950616	0.004938423
0.9753425	0.024657426
0.27852207	0.7214779
0.011261841	0.9887382
0.99737847	0.002621503
0.0018492118	0.99815077
0.045761116	0.9542389
0.008378495	0.9916215
0.99756455	0.0024354754
0.99795926	0.0020407108
0.78860915	0.21139085
0.99506795	0.004932078
0.0021079578	0.9978921
0.002209833	0.9977902
0.9910721	0.008927823
0.0026517601	0.9973482
0.004816708	0.9951833
0.092789926	0.9072101
0.0019760334	0.998024
0.99769384	0.0023061717
0.9819941	0.018005881
0.021549929	0.9784501
0.015829803	0.9841702
0.011428807	0.9885712
0.99737453	0.0026254146
0.9972619	0.0027381657
0.052978784	0.94702125
0.005580005	0.99442
0.9982286	0.0017714571
0.0053422367	0.9946577
0.0048822495	0.9951178
0.99783105	0.0021689518
0.9982691	0.0017309487
0.0021330207	0.997867
0.94458836	0.055411622
0.9865926	0.013407379
0.012852405	0.9871476
0.992304	0.007695982
0.994622	0.005378047
0.99849916	0.0015008477
0.04869006	0.9513099
0.03144695	0.96855307
0.0118959835	0.98810405
0.00810262	0.99189734
0.95743304	0.042567007
0.007262537	0.9927375
0.1130513	0.88694865
0.077332266	0.92266774
0.002500576	0.9974994
0.9934016	0.0065983552
0.9764148	0.023585236
0.99456984	0.005430115
0.9983369	0.0016630206
0.033883646	0.96611637
0.015363459	0.98463655
0.9982078	0.0017922292
0.9951891	0.004810942
0.0057227374	0.9942773
0.5694454	0.43055466
0.016490085	0.98350996
0.005298486	0.9947015
0.9663273	0.033672757
0.2268569	0.7731431
0.013175154	0.9868248
0.99735534	0.002644657
0.034344878	0.9656551
0.0055438615	0.9944561
0.99507624	0.004923791
0.99811065	0.0018892956
0.006463759	0.99353623
0.005597776	0.9944022
0.99516284	0.0048370888
0.99808586	0.0019141892
0.008167501	0.9918325
0.98655486	0.013445087
0.002118882	0.9978811
0.9982488	0.0017511534
0.9758136	0.02418641
0.711385	0.288615
0.008206914	0.9917931
0.99827063	0.0017293392
0.0032568614	0.99674314
0.98196685	0.018033192
0.9973568	0.0026432134
0.06600046	0.9339996
0.001832841	0.99816716
0.017347267	0.9826528
0.029944202	0.9700558
0.0023656196	0.9976344
0.9812276	0.018772393
0.9949122	0.00508781
0.027219307	0.9727807
0.8101801	0.18981992
0.0019013608	0.9980987
0.9978635	0.0021365616
0.95189726	0.048102718
0.9984237	0.0015763104
0.99842465	0.001575344
0.0025659427	0.9974341
0.0032836148	0.9967163
0.011008035	0.988992
0.9983948	0.0016052007
0.9961318	0.0038682201
0.9919326	0.008067385
0.0020040723	0.997996
0.0036965758	0.99630344
0.9946891	0.0053109177
0.9962237	0.0037762541
0.004361127	0.99563885
0.016552757	0.9834472
0.9923459	0.0076540443
0.03276101	0.96723896
0.94805545	0.051944505
0.9971027	0.002897275
0.05192518	0.9480749
0.006289264	0.99371076
0.007850673	0.99214935
0.99666166	0.003338328
0.004235399	0.9957646
0.9915181	0.008481923
0.012683601	0.98731637
0.003230763	0.9967693
0.64737296	0.352627
0.99797267	0.0020273014
0.0034412567	0.9965587
0.99233377	0.0076662917
0.9962972	0.0037028312
0.99799913	0.0020008544
0.0020419036	0.99795806
0.9978811	0.0021188892
0.0019330241	0.99806696
0.0026133922	0.99738663
0.020418612	0.9795814
0.017896833	0.9821032
0.99313337	0.0068666283
0.99620605	0.003793958
0.9971154	0.0028846448
0.9982811	0.0017189262
0.0019022676	0.9980977
0.99842465	0.0015753485
0.0023236775	0.9976763
0.0019673917	0.9980326
0.14930011	0.8506999
0.15350604	0.84649396
0.002239599	0.9977604
0.99799085	0.002009182
0.002313467	0.9976865
0.9974648	0.0025352053
0.9578053	0.042194746
0.0018855588	0.99811447
0.9982558	0.0017442186
0.9982023	0.0017976527
0.9823408	0.017659139
0.33062297	0.669377
0.99743444	0.0025656254
0.057735126	0.94226485
0.061758146	0.93824184
0.99835384	0.0016462354
0.0020148368	0.9979851
0.06395907	0.93604094
0.09176806	0.9082319
0.9902777	0.009722257
0.99514365	0.0048563224
0.99514574	0.0048542055
0.04448365	0.95551634
0.0020427902	0.9979572
0.031029556	0.9689705
0.9984036	0.0015963521
0.0018084223	0.99819154
0.9979311	0.0020688765
0.9910815	0.008918551
0.9947641	0.00523594
0.9796153	0.020384787
0.9983581	0.0016418821
0.0026508244	0.99734914
0.0032796205	0.9967204
0.9978265	0.0021734007
0.99843556	0.0015644857
0.997841	0.002158985
0.9975677	0.0024322602
0.009825949	0.99017406
0.98128456	0.01871551
0.99000555	0.009994411
0.98305804	0.01694203
0.059541985	0.940458
0.028262952	0.97173697
0.0063665374	0.9936334
0.004092707	0.9959073
0.033434276	0.96656567
0.9983127	0.001687276
0.0021067203	0.9978933
0.9826171	0.017382918
0.052764166	0.9472359
0.9979857	0.002014279
0.35992017	0.6400798
0.99739456	0.0026053973
0.9979626	0.0020374255
0.44600722	0.55399275
0.031065999	0.968934
0.9899837	0.010016365
0.62274593	0.37725404
0.0066058487	0.9933942
0.9973992	0.0026008463
0.9926651	0.007334847
0.9979171	0.0020828675
0.02313699	0.976863
0.0031867474	0.99681324
0.9945496	0.0054503833
0.05108381	0.9489162
0.0026312987	0.9973687
0.0020819758	0.99791807
0.9966018	0.003398128
0.16475295	0.83524704
0.003244515	0.9967554
0.012970544	0.98702943
0.99772245	0.002277582
0.72584677	0.27415326
0.0019021789	0.99809784
0.013666962	0.9863331
0.99842286	0.0015771481
0.0026711659	0.9973289
0.9099943	0.09000562
0.00672664	0.9932734
0.07649218	0.92350775
0.003416776	0.9965833
0.9951585	0.004841535
0.00487847	0.99512154
0.0059635616	0.99403644
0.02802353	0.97197646
0.9775124	0.02248754
0.03251395	0.967486
0.9199867	0.080013335
0.0021310688	0.9978689
0.9968353	0.0031646776
0.99262565	0.0073743938
0.037819903	0.9621801
0.05044939	0.94955057
0.020691939	0.97930807
0.011279551	0.9887205
0.99726725	0.002732723
0.002000188	0.99799985
0.004585977	0.995414
0.021682039	0.978318
0.0037069358	0.996293
0.022527454	0.97747254
0.9971318	0.0028681417
0.0020681266	0.99793184
0.9985109	0.0014891345
0.9883887	0.011611352
0.99842596	0.0015740561
0.0036774254	0.99632263
0.020392153	0.9796078
0.95801926	0.041980717
0.0017582804	0.99824166
0.9119673	0.088032715
0.07104427	0.92895573
0.997523	0.002476995
0.0046749352	0.9953251
0.9824845	0.017515454
0.99086	0.009140007
0.0068325954	0.99316746
0.04536741	0.95463264
0.0018622669	0.9981377
0.98403823	0.015961757
0.9949886	0.00501133
0.005838632	0.9941613
0.0017863202	0.99821365
0.027001532	0.97299844
0.0037042068	0.99629575
0.06479525	0.93520474
0.99544024	0.0045597004
0.0018603712	0.9981396
0.11824264	0.88175744
0.008386209	0.99161375
0.9893085	0.010691528
0.04613646	0.95386356
0.9917475	0.008252441
0.99787986	0.0021201435
0.0059206365	0.99407935
0.9976283	0.0023717787
0.005590805	0.99440914
0.04043043	0.9595696
0.9974341	0.0025658961
0.9920365	0.007963471
0.003865581	0.9961344
0.0028942837	0.9971058
0.9738096	0.026190463
0.022555273	0.97744477
0.0018524642	0.9981476
0.0039045918	0.9960955
0.00238693	0.9976131
0.95283586	0.047164094
0.007852266	0.99214774
0.036795683	0.9632043
0.9825618	0.017438138
0.0063120076	0.99368805
0.99845827	0.0015416837
0.08416184	0.9158382
0.9951603	0.004839722
0.008747248	0.9912527
0.3237424	0.6762576
0.9859875	0.014012504
0.00318178	0.9968182
0.99790514	0.002094873
0.003418016	0.996582
0.0039318367	0.9960681
0.9983359	0.001664142
0.0046601677	0.9953399
0.017828345	0.9821716
0.20954841	0.7904516
0.0058796247	0.9941203
0.97767854	0.022321455
0.78761774	0.21238227
0.0032458461	0.9967541
0.0029007364	0.9970993
0.0022696166	0.99773043
0.0065070833	0.9934929
0.0649667	0.93503326
0.0028295731	0.9971704
0.99184895	0.008151073
0.07665538	0.9233446
0.75093305	0.24906695
0.0067245816	0.9932754
0.12474154	0.87525845
0.996424	0.0035759297
0.0025639785	0.997436
0.756686	0.24331403
0.07968169	0.92031837
0.019148316	0.98085165
0.9925938	0.0074061253
0.0050990637	0.99490094
0.01347881	0.98652124
0.0026725177	0.99732745
0.9966953	0.0033047837
0.9924844	0.0075156405
0.0060484996	0.99395156
0.9967698	0.003230281
0.004585379	0.9954146
0.003255221	0.99674475
0.9979785	0.0020214634
0.009810086	0.99018997
0.12895048	0.8710496
0.12914726	0.87085277
0.027647022	0.972353
0.99826366	0.001736324
0.9882487	0.0117513
0.99462944	0.0053705378
0.994276	0.0057240613
0.08022186	0.9197781
0.9983559	0.0016439923
0.058416013	0.94158405
0.97880024	0.021199722
0.019041901	0.98095804
0.00819136	0.9918086
0.9961695	0.0038305216
0.007670882	0.9923292
0.9978237	0.0021763034
0.0020385098	0.9979615
0.09162309	0.9083769
0.9857992	0.014200774
0.042131867	0.95786816
0.0020392588	0.9979608
0.0037308605	0.9962691
0.81397223	0.1860278
0.01749442	0.98250556
0.24362029	0.7563797
0.0028297321	0.99717027
0.001981024	0.998019
0.10633069	0.89366925
0.9977575	0.002242519
0.9682749	0.03172507
0.9969747	0.0030252826
0.9878562	0.012143864
0.009441746	0.99055827
0.0076468503	0.99235314
0.9940613	0.0059386985
0.99725753	0.0027425038
0.12622392	0.8737761
0.0070222043	0.9929778
0.99496883	0.0050311508
0.0033689826	0.99663097
0.0032359355	0.99676406
0.9955918	0.0044081057
0.99297416	0.0070258533
0.0048125726	0.9951874
0.025541658	0.97445834
0.023215864	0.97678417
0.0114110485	0.9885889
0.99689937	0.003100683
0.089257956	0.91074204
0.99637187	0.0036281887
0.076024786	0.92397517
0.056533683	0.9434663
0.122923985	0.877076
0.06416102	0.935839
0.09095773	0.90904224
0.9958817	0.004118395
0.015765905	0.98423415
0.01385674	0.9861433
0.025166556	0.9748335
0.0029923408	0.99700767
0.14383729	0.8561627
0.007453006	0.992547
0.42587164	0.5741284
0.9923511	0.007648892
0.0682529	0.93174714
0.9948138	0.005186263
0.32480577	0.67519426
0.03084097	0.969159
0.031856004	0.96814406
0.99673575	0.0032642393
0.09443867	0.9055614
0.9944543	0.0055456683
0.99614125	0.0038587234
0.0018204073	0.99817955
0.99495834	0.0050416333
0.969943	0.030057002
0.9982718	0.0017281412
0.4997403	0.50025964
0.004773713	0.99522626
0.9983871	0.0016129038
0.0062266896	0.9937733
0.011689053	0.9883109
0.99136895	0.008631079
0.9956962	0.0043037664
0.9984341	0.001565806
0.997672	0.0023279972
0.011867444	0.98813254
0.0020418763	0.99795806
0.8062903	0.19370967
0.9685403	0.031459652
0.0022585918	0.99774146
0.026926756	0.9730733
0.9983962	0.0016037853
0.057069328	0.94293064
0.056588892	0.9434111
0.0018429531	0.9981571
0.9956499	0.0043501845
0.99751914	0.002480839
0.0024573186	0.99754274
0.014539924	0.9854601
0.036541227	0.9634588
0.072876684	0.9271233
0.9984719	0.0015280478
0.04179063	0.95820934
0.013110235	0.9868897
0.0043185595	0.9956814
0.0033512132	0.9966487
0.9827619	0.017238058
0.004438303	0.9955617
0.99781394	0.0021860818
0.99172837	0.008271665
0.9965688	0.0034312424
0.0056596724	0.9943403
0.99688774	0.003112205
0.025224213	0.97477585
0.0071310974	0.99286884
0.9781567	0.021843307
0.98966295	0.010336987
0.19511552	0.80488443
0.9984296	0.0015703607
0.99837375	0.0016262005
0.9972154	0.0027845292
0.0020527078	0.9979473
0.99239314	0.0076068626
0.001963243	0.9980368
0.05432284	0.9456771
0.0021266462	0.9978733
0.0028136105	0.99718636
0.013786428	0.9862135
0.9759493	0.024050692
0.0021913021	0.99780875
0.9927617	0.007238285
0.99027985	0.00972022
0.9229549	0.07704512
0.010742057	0.989258
0.093472704	0.9065273
0.0050932076	0.9949067
0.9925568	0.0074431924
0.0051424303	0.99485755
0.020973379	0.9790267
0.0020783253	0.99792165
0.041455224	0.9585448
0.0045376713	0.99546236
0.0031387021	0.99686134
0.9972583	0.0027416903
0.0019886713	0.99801135
0.99808514	0.001914836
0.9948436	0.0051563736
0.0037347905	0.99626523
0.99710566	0.0028943468
0.006588542	0.9934115
0.7684323	0.23156767
0.9958677	0.0041323123
0.9849203	0.015079666
0.004252706	0.99574727
0.1499801	0.85001993
0.9869431	0.013056859
0.006588542	0.9934115
0.0021666947	0.9978333
0.0050279605	0.994972
0.0019789876	0.998021
0.0017955534	0.99820447
0.020728188	0.9792718
0.057443246	0.94255674
0.006386602	0.9936134
0.0021177428	0.9978822
0.9962096	0.0037903732
0.98944163	0.010558312
0.0020155923	0.9979844
0.010885141	0.9891149
0.9983889	0.0016111532
0.8985718	0.101428226
0.98861444	0.011385546
0.9962639	0.0037360392
0.10196874	0.8980313
0.99139047	0.008609497
0.060509376	0.93949056
0.79984516	0.2001548
0.0020364968	0.99796355
0.062280837	0.93771917
0.99835336	0.0016466648
0.995908	0.004092013
0.9981761	0.0018238705
0.0019348079	0.9980652
0.004471741	0.9955283
0.9622124	0.03778764
0.99640936	0.003590667
0.9984717	0.0015283653
0.99554515	0.0044548167
0.012937109	0.9870629
0.99795496	0.0020450563
0.003514481	0.9964855
0.9703724	0.029627696
0.0063680797	0.9936319
0.9976519	0.0023481515
0.013364815	0.98663515
0.02211171	0.9778882
0.0043904604	0.9956096
0.9976882	0.00231181
0.99832684	0.0016731858
0.9968136	0.0031864569
0.9979595	0.0020404535
0.014489002	0.98551106
0.0023006727	0.9976993
0.11768695	0.882313
0.9978114	0.002188592
0.9981712	0.0018288047
0.031832725	0.9681673
0.050397452	0.9496025
0.04057152	0.9594284
0.99481237	0.0051876605
0.9902317	0.009768311
0.034627736	0.96537226
0.009893439	0.99010664
0.9792509	0.020749047
0.019678952	0.98032105
0.9963888	0.0036111835
0.0021132454	0.9978867
0.0029677374	0.9970323
0.0019445319	0.99805546
0.89543015	0.10456992
0.9279418	0.0720582
0.99841547	0.0015844948
0.96144557	0.038554434
0.99793243	0.0020675785
0.86309993	0.13690013
0.004073843	0.99592614
0.9935933	0.0064066947
0.001986837	0.99801314
0.002123142	0.9978769
0.98641866	0.013581319
0.9978624	0.0021375949
0.0034211269	0.9965789
0.9983234	0.0016765862
0.9983388	0.0016611186
0.00933976	0.99066025
0.99470645	0.005293517
0.040631868	0.95936817
0.9814478	0.018552259
0.9623956	0.03760431
0.99776113	0.0022387975
0.003033797	0.9969662
0.017311238	0.9826888
0.9984707	0.001529297
0.9933368	0.006663251
0.010254858	0.9897452
0.0050016865	0.99499834
0.009848944	0.99015105
0.2346243	0.7653757
0.0019209426	0.99807906
0.995783	0.004217104
0.9966822	0.0033177286
0.10022768	0.89977235
0.9729811	0.027018864
0.0021787651	0.9978212
0.994238	0.005761956
0.99671483	0.0032851335
0.0018884714	0.9981115
0.06232898	0.93767107
0.9980469	0.0019530961
0.9972675	0.0027324955
0.98480797	0.015192066
0.049336214	0.9506638
0.09686591	0.90313417
0.0038895076	0.9961105
0.0036577345	0.99634224
0.9984212	0.0015787904
0.0018194173	0.9981806
0.9391996	0.06080032
0.9961222	0.0038778032
0.96680576	0.033194244
0.9976044	0.002395655
0.9984189	0.0015810679
0.010291699	0.9897083
0.012532167	0.98746777
0.14326952	0.85673046
0.99127114	0.008728911
0.0067771263	0.99322283
0.9981785	0.0018215385
0.006183925	0.99381614
0.9982494	0.0017505767
0.002268851	0.99773115
0.0036630263	0.99633694
0.99847	0.0015299384
0.022853352	0.9771467
0.99783236	0.0021676023
0.0019649065	0.99803513
0.030507306	0.9694927
0.004892648	0.9951074
0.0018622465	0.9981377
0.012033264	0.9879667
0.011722924	0.988277
0.9790623	0.020937666
0.010782258	0.98921776
0.3219414	0.6780586
0.0019899777	0.9980101
0.017344883	0.98265505
0.0956058	0.9043942
0.9968348	0.0031652236
0.004617854	0.99538213
0.002256169	0.99774384
0.07555221	0.9244477
0.99833727	0.0016627136
0.0020253959	0.9979746
0.998362	0.0016380248
0.0020788286	0.99792117
0.80338275	0.19661726
0.9258146	0.07418541
0.1207748	0.87922525
0.0041234903	0.99587643
0.99813277	0.0018672656
0.996409	0.0035909414
0.99579084	0.0042090793
0.9981147	0.0018853167
0.99085	0.009150031
0.078714006	0.92128605
0.0034859441	0.996514
0.99451494	0.0054851295
0.0029710722	0.997029
0.980772	0.019227974
0.019403601	0.9805964
0.063112736	0.9368873
0.9960842	0.0039157686
0.0019449911	0.998055
0.13251442	0.8674856
0.0043242243	0.99567574
0.45388028	0.5461197
0.9873562	0.012643812
0.0019645568	0.9980355
0.009672482	0.99032754
0.99816257	0.0018374564
0.9960114	0.0039886357
0.99801874	0.0019812842
0.0032042267	0.99679583
0.9971443	0.0028556767
0.9979527	0.002047286
0.038474586	0.9615254
0.016106024	0.98389393
0.9972288	0.0027711748
0.88390106	0.116099
0.0059274742	0.9940725
0.003207895	0.99679214
0.9882107	0.011789393
0.9975448	0.0024551807
0.9949543	0.005045704
0.012025262	0.98797476
0.006219147	0.9937809
0.9884151	0.011584873
0.99541914	0.00458088
0.16213527	0.83786476
0.0031214282	0.9968786
0.18634596	0.81365407
0.99783427	0.002165792
0.9953679	0.0046321405
0.011028036	0.988972
0.9804967	0.019503372
0.0028710358	0.997129
0.9888381	0.011161989
0.9756999	0.024300132
0.99331325	0.0066867196
0.027421487	0.97257847
0.9938267	0.0061732526
0.9963762	0.0036237992
0.024732225	0.9752678
0.024619116	0.97538084
0.9777648	0.022235174
0.5744996	0.42550042
0.049017567	0.9509824
0.81338394	0.18661611
0.308587	0.691413
0.6682769	0.33172312
0.0026282982	0.9973717
0.994759	0.0052410066
0.04479452	0.9552055
0.99104404	0.008955907
0.0051178383	0.9948822
0.99378383	0.006216177
0.0032351771	0.9967648
0.0023562675	0.99764377
0.0047528786	0.9952472
0.044526216	0.9554738
0.95676166	0.043238297
0.024367312	0.9756327
0.99696046	0.0030394527
0.9934801	0.0065199323
0.15774965	0.84225035
0.99830014	0.0016999268
0.9960743	0.00392569
0.9971992	0.0028008553
0.03410105	0.96589893
0.99781585	0.0021841023
0.9680848	0.031915173
0.0018163706	0.99818355
0.95508945	0.04491055
0.0050992495	0.9949007
0.9982382	0.0017617631
0.9911775	0.008822427
0.8887043	0.11129574
0.06892725	0.9310728
0.0036189577	0.9963811
0.9596295	0.04037054
0.0025147218	0.9974853
0.004645037	0.995355
0.99673444	0.003265507
0.0031999212	0.99680007
0.0029970845	0.9970029
0.023093065	0.97690696
0.00595817	0.99404186
0.003451525	0.9965485
0.9884015	0.011598471
0.003001499	0.99699855
0.0023999822	0.9976
0.03891595	0.96108407
0.012823357	0.9871767
0.9965096	0.0034903565
0.979567	0.02043305
0.03436615	0.96563387
0.9973099	0.0026900864
0.0030896303	0.9969104
0.9525057	0.047494337
0.99822587	0.0017741193
0.09691272	0.90308726
0.9963225	0.0036774639
0.99450785	0.005492178
0.7194903	0.28050974
0.97399074	0.026009273
0.008174715	0.9918252
0.02052007	0.9794799
0.9175551	0.08244491
0.99409074	0.005909254
0.9961195	0.0038805043
0.15030454	0.84969544
0.057428714	0.9425713
0.004181716	0.9958183
0.9983418	0.0016581865
0.99794656	0.0020534387
0.9850854	0.0149146
0.67607456	0.32392544
0.99417734	0.0058226585
0.9962341	0.0037658806
0.006395474	0.9936046
0.99817383	0.0018261602
0.039149296	0.9608507
0.99520147	0.004798465
0.0021851482	0.9978149
0.003185648	0.9968143
0.25895134	0.7410487
0.0057780137	0.994222
0.99743015	0.0025698168
0.9975902	0.002409855
0.0033855636	0.9966144
0.004398582	0.9956014
0.9432662	0.056733824
0.091628745	0.90837127
0.12535536	0.87464464
0.0028954726	0.99710447
0.0031760472	0.9968239
0.018344821	0.98165524
0.996438	0.0035619705
0.02722329	0.9727768
0.018661505	0.9813385
0.99146503	0.008534932
0.10712894	0.892871
0.08607306	0.9139269
0.014926109	0.9850739
0.99756265	0.0024373713
0.003939082	0.9960609
0.9959823	0.004017667
0.9979296	0.002070482
0.014196248	0.9858037
0.005319272	0.9946807
0.98145574	0.018544316
0.011705128	0.98829484
0.002720426	0.9972796
0.008559925	0.99144006
0.9935859	0.00641413
0.95903736	0.040962666
0.0043408237	0.99565923
0.99781907	0.0021809891
0.99769115	0.0023088413
0.9983797	0.0016202533
0.003695573	0.9963044
0.9780196	0.02198045
0.016691651	0.9833083
0.99624074	0.0037593052
0.9094344	0.09056568
0.98218864	0.017811345
0.9942175	0.0057824305
0.95192	0.04808006
0.028964587	0.9710354
0.036347937	0.96365213
0.007953939	0.9920461
0.990453	0.009546965
0.025810856	0.9741891
0.003055243	0.9969447
0.070434734	0.92956525
0.13133398	0.86866605
0.9925068	0.00749317
0.01893066	0.9810693
0.11601228	0.8839878
0.07074454	0.9292554
0.9929763	0.007023701
0.99654096	0.003458996
0.0037383172	0.99626166
0.094916604	0.9050834
0.9962591	0.0037409486
0.34050998	0.65949
0.009714346	0.9902857
0.0056906804	0.9943093
0.973244	0.026756043
0.9952578	0.0047421786
0.9973392	0.0026607595
0.9697119	0.030288104
0.9972228	0.0027772353
0.99099284	0.009007093
0.0028255105	0.9971745
0.002140139	0.9978599
0.97447586	0.025524158
0.0019970436	0.99800295
0.0047530704	0.99524695
0.9632996	0.036700454
0.0056498637	0.99435014
0.036682367	0.9633176
0.0020291256	0.9979709
0.885296	0.11470405
0.0019320825	0.9980679
0.0026692585	0.9973308
0.070484206	0.92951584
0.0025202273	0.99747974
0.0023863201	0.99761367
0.99600285	0.003997137
0.0022007802	0.9977992
0.9965676	0.0034323265
0.17549585	0.82450414
0.99597037	0.0040297057
0.9974395	0.0025604956
0.9819787	0.018021287
0.99787116	0.0021288616
0.9874172	0.012582732
0.07633568	0.9236643
0.99683607	0.003163894
0.007487545	0.99251246
0.99409276	0.005907285
0.9978649	0.0021350686
0.002021146	0.99797887
0.07164931	0.9283506
0.9977817	0.0022182767
0.9811298	0.018870162
0.0018558697	0.99814415
0.9923144	0.0076856143
0.99636567	0.0036342507
0.99475783	0.005242191
0.0025116692	0.9974884
0.04185947	0.9581405
0.0021888313	0.99781114
0.026636267	0.9733637
0.28640935	0.7135907
0.9881422	0.01185778
0.9877499	0.012250123
0.839643	0.16035704
0.046172537	0.95382744
0.07476061	0.9252394
0.0062116478	0.9937883
0.002246803	0.9977532
0.96980727	0.030192686
0.010761578	0.9892384
0.067804955	0.93219507
0.99107087	0.008929122
0.9918914	0.008108612
0.99801385	0.0019861024
0.005801952	0.9941981
0.99799997	0.0020000623
0.98047596	0.01952409
0.9983729	0.0016269997
0.028228886	0.9717711
0.2840482	0.7159518
0.9976433	0.0023566813
0.0026235888	0.99737644
0.01268902	0.987311
0.037965775	0.96203417
0.17118692	0.8288131
0.0073471786	0.9926528
0.003786055	0.996214
0.057908535	0.9420914
0.9464025	0.05359746
0.10010314	0.89989686
0.023604028	0.9763959
0.98744327	0.012556794
0.996702	0.0032979613
0.007405909	0.99259406
0.0027101866	0.9972899
0.9681569	0.031843152
0.032842908	0.96715707
0.99082476	0.0091752
0.04833409	0.95166594
0.004368548	0.99563146
0.0018446258	0.9981554
0.9962793	0.0037207045
0.0022735957	0.9977264
0.998166	0.00183404
0.2755782	0.72442186
0.005472025	0.994528
0.9975923	0.0024077124
0.00857275	0.9914273
0.9714912	0.028508797
0.39162523	0.6083748
0.0071805525	0.9928195
0.09838738	0.9016126
0.0019609139	0.99803907
0.0054964973	0.9945035
0.99543923	0.0045607607
0.010822639	0.9891774
0.994111	0.0058890195
0.99842536	0.0015747
0.12082235	0.8791777
0.9966467	0.0033532747
0.9860408	0.013959168
0.11310385	0.88689613
0.0843837	0.9156163
0.9842821	0.015717873
0.95599186	0.04400814
0.99754876	0.002451282
0.0018547993	0.9981452
0.07256154	0.9274384
0.9963219	0.0036781174
0.0043640747	0.9956359
0.0017732994	0.9982267
0.0020912923	0.9979087
0.998353	0.0016470505
0.9980585	0.0019414341
0.99804926	0.0019507199
0.99514693	0.0048531187
0.026226876	0.9737732
0.11382588	0.8861741
0.99812216	0.0018778499
0.95533985	0.044660185
0.11911621	0.8808838
0.9982212	0.0017787657
0.95959646	0.040403564
0.30569378	0.69430625
0.0036625252	0.99633753
0.030525384	0.9694746
0.99835145	0.0016485959
0.99598795	0.004011996
0.97627187	0.02372819
0.0020949265	0.99790514
0.994402	0.005598074
0.04125095	0.958749
0.0024101418	0.9975898
0.0063996753	0.99360037
0.020197041	0.979803
0.97816557	0.021834452
0.99714214	0.0028577861
0.99632674	0.0036732594
0.008013495	0.9919865
0.0025550842	0.99744487
0.003646853	0.99635315
0.99536455	0.004635474
0.28257784	0.7174222
0.97228247	0.0277175
0.9975891	0.0024108915
0.3764207	0.62357926
0.032372836	0.9676272
0.9944543	0.0055456976
0.99670804	0.00329192
0.056871243	0.94312876
0.9932327	0.0067672473
0.99798644	0.0020136032
0.002154884	0.99784505
0.99836355	0.001636494
0.9966233	0.0033767617
0.9877977	0.012202314
0.0021405995	0.9978594
0.9984114	0.0015885328
0.986371	0.013628948
0.03642039	0.9635796
0.7869011	0.21309887
0.9932795	0.006720442
0.9938308	0.006169182
0.002453364	0.9975466
0.9958697	0.0041303383
0.99687177	0.0031282103
0.13828138	0.8617186
0.0018606023	0.9981394
0.011577123	0.98842293
0.7092402	0.29075983
0.0025953995	0.99740463
0.1684996	0.83150035
0.0057111904	0.9942888
0.010584167	0.9894159
0.012928843	0.9870711
0.024941795	0.9750582
0.11920347	0.8807965
0.7024334	0.29756662
0.9936325	0.0063675735
0.01062986	0.9893701
0.16108052	0.8389195
0.99727243	0.002727556
0.9946767	0.0053233257
0.0058162524	0.9941837
0.0020087329	0.9979913
0.9968459	0.0031541083
0.0025900134	0.99741
0.005134932	0.9948651
0.0023480647	0.997652
0.0020256506	0.99797434
0.039264005	0.96073604
0.9954998	0.0045001865
0.99463826	0.0053617577
0.9976648	0.0023352094
0.09661201	0.903388
0.9978902	0.002109784
0.9981205	0.001879547
0.847813	0.152187
0.006454891	0.9935452
0.09815851	0.9018415
0.99664295	0.003357012
0.9945464	0.005453662
0.014799516	0.9852005
0.019554475	0.98044556
0.9636217	0.0363783
0.9938579	0.006142064
0.0034453769	0.9965546
0.564061	0.43593904
0.9833487	0.016651232
0.102773875	0.8972261
0.9944301	0.0055699013
0.008158278	0.9918417
0.9792371	0.020762924
0.9975781	0.0024219677
0.99814844	0.0018515482
0.15566958	0.8443304
0.0074307183	0.99256927
0.0059578824	0.9940421
0.0065482506	0.9934517
0.9887334	0.011266637
0.028148944	0.97185105
0.99167377	0.008326205
0.008393422	0.9916066
0.98727566	0.012724264
0.0059868814	0.99401313
0.0020484964	0.99795157
0.99752134	0.00247858
0.0045551537	0.9954449
0.95788574	0.042114288
0.06477754	0.93522245
0.027576229	0.9724238
0.0019678243	0.99803215
0.009523241	0.9904767
0.007558668	0.9924413
0.097945124	0.9020549
0.9755422	0.024457835
0.011051452	0.9889486
0.99132794	0.008672125
0.99768627	0.0023137876
0.96999544	0.0300045
0.0035190533	0.99648094
0.001946354	0.99805367
0.9983334	0.0016666489
0.04377708	0.9562229
0.014562729	0.98543733
0.002556774	0.9974432
0.23323317	0.76676685
0.10261607	0.897384
0.005320388	0.99467963
0.003011272	0.9969887
0.9948671	0.0051329476
0.001932603	0.99806744
0.991829	0.008171021
0.00964711	0.9903529
0.99179757	0.00820244
0.045492135	0.9545078
0.13579477	0.8642052
0.66354233	0.33645764
0.20404927	0.7959507
0.9980191	0.0019808523
0.014563186	0.98543686
0.022098096	0.97790194
0.0018373532	0.9981627
0.0039462703	0.9960537
0.034990378	0.9650097
0.9980204	0.001979614
0.97684824	0.023151826
0.99724543	0.0027545686
0.9931479	0.006852076
0.0032755206	0.99672455
0.9866116	0.013388363
0.99843186	0.001568138
0.99844825	0.001551768
0.003238748	0.99676126
0.99710554	0.0028944265
0.9827407	0.017259317
0.9962275	0.0037724748
0.04392799	0.956072
0.9829853	0.017014625
0.9982836	0.001716358
0.050917335	0.94908273
0.987071	0.012929027
0.9984339	0.0015660834
0.9949496	0.005050455
0.0022842633	0.9977157
0.9178007	0.082199246
0.0018817201	0.9981183
0.00253134	0.9974687
0.0022648566	0.99773514
0.07828948	0.9217105
0.0076317554	0.9923683
0.9984232	0.0015767758
0.036054745	0.9639452
0.97826916	0.021730863
0.998262	0.001738001
0.997626	0.0023739869
0.3317314	0.6682686
0.004227451	0.99577254
0.12764367	0.8723563
0.99748	0.0025200562
0.96278745	0.037212573
0.9980021	0.001997855
0.99762195	0.0023780966
0.024033574	0.9759664
0.0084212	0.9915788
0.002637411	0.99736255
0.0021094088	0.99789065
0.99757904	0.0024210254
0.9982736	0.0017263587
0.037074566	0.9629255
0.003725473	0.9962746
0.182914	0.8170859
0.002064127	0.9979359
0.9945398	0.005460194
0.039328486	0.96067154
0.045085363	0.9549146
0.003657828	0.9963421
0.117157444	0.88284254
0.9928207	0.007179315
0.2041705	0.7958295
0.0020286834	0.99797136
0.108883336	0.8911167
0.01457944	0.9854205
0.12957306	0.8704269
0.8672279	0.13277209
0.995849	0.0041509205
0.9983553	0.0016446734
0.050998423	0.94900155
0.9915481	0.008451879
0.99435127	0.0056486884
0.99844176	0.0015583099
0.99628556	0.0037144774
0.9971232	0.0028767553
0.0079358015	0.9920642
0.01597068	0.98402935
0.0019207799	0.9980792
0.0022563664	0.9977436
0.0020626415	0.99793744
0.98961604	0.0103839915
0.9970872	0.0029128569
0.9921881	0.0078118746
0.002053128	0.9979469
0.0020598508	0.9979401
0.997981	0.002018961
0.0046487115	0.9953513
0.021416465	0.9785836
0.0027446605	0.9972554
0.009133639	0.99086636
0.9979171	0.0020829171
0.0020883856	0.99791163
0.99827194	0.0017280763
0.23279072	0.7672093
0.06815856	0.93184143
0.0034437957	0.9965563
0.002687544	0.9973124
0.0021447593	0.99785525
0.96908087	0.030919151
0.9854387	0.014561304
0.010879073	0.9891209
0.9975472	0.0024527656
0.0019012693	0.9980988
0.9958333	0.0041666357
0.99670047	0.0032995169
0.001936951	0.998063
0.9971584	0.0028416447
0.99771833	0.0022816597
0.9468861	0.053113874
0.15596487	0.84403515
0.16305138	0.83694863
0.08096785	0.9190321
0.09922168	0.9007783
0.9970893	0.0029107165
0.99789774	0.0021022782
0.0058618197	0.99413824
0.044169795	0.9558302
0.99271953	0.007280422
0.020898303	0.9791018
0.99218315	0.00781685
0.9801145	0.019885547
0.002198597	0.99780136
0.0057203607	0.9942796
0.9970208	0.0029791768
0.9974235	0.0025764632
0.9947555	0.005244508
0.01816913	0.9818309
0.9945868	0.0054131653
0.013419995	0.9865801
0.0039647627	0.9960353
0.99811625	0.0018837182
0.005238546	0.9947614
0.008007008	0.99199295
0.006011956	0.99398804
0.5566602	0.4433398
0.99453425	0.005465738
0.9965623	0.0034377428
0.99843127	0.001568692
0.9956399	0.004360061
0.094115645	0.9058844
0.99409086	0.005909074
0.9916284	0.0083715655
0.9980044	0.0019956785
0.98640335	0.013596589
0.0070155542	0.9929844
0.00652173	0.9934783
0.9569316	0.043068424
0.76900625	0.23099369
0.015050552	0.98494947
0.99832386	0.0016761363
0.9955337	0.004466234
0.9973712	0.0026288473
0.99737215	0.002627813
0.99789846	0.002101574
0.9951898	0.0048102434
0.94181347	0.058186606
0.99708813	0.0029118957
0.020924991	0.979075
0.040094845	0.95990515
0.0621411	0.93785894
0.98307174	0.016928319
0.99831855	0.001681502
0.013246474	0.9867535
0.8463664	0.15363367
0.9777139	0.022286111
0.9925447	0.007455271
0.98870194	0.011298041
0.0024782417	0.9975217
0.9982759	0.0017241233
0.002136387	0.9978636
0.0035420286	0.996458
0.99757344	0.002426519
0.0019771191	0.9980229
0.9983943	0.0016056969
0.0021571722	0.9978428
0.9915787	0.008421295
0.9984023	0.0015977627
0.9951019	0.004898028
0.093777016	0.906223
0.0024316157	0.9975683
0.99150497	0.008495082
0.002556526	0.99744344
0.052973278	0.94702667
0.9845754	0.015424603
0.84962416	0.15037586
0.8378686	0.16213137
0.0032776836	0.9967223
0.9846777	0.0153222885
0.002636261	0.99736375
0.0021780727	0.9978219
0.99494004	0.005059962
0.9979633	0.0020366663
0.9957768	0.0042231693
0.8085918	0.19140816
0.9935727	0.0064272955
0.0019047038	0.99809533
0.9982305	0.0017694951
0.0032732887	0.99672663
0.052277576	0.94772243
0.0024439842	0.997556
0.007788742	0.9922112
0.00212149	0.99787855
0.38432175	0.61567825
0.009349692	0.9906503
0.99474335	0.005256634
0.9965294	0.0034705885
0.0028958116	0.9971042
0.0025979113	0.9974021
0.99843067	0.0015693107
0.9558505	0.044149544
0.04212638	0.95787364
0.9799969	0.020003138
0.0064794417	0.99352056
0.99726784	0.0027322243
0.048993003	0.95100695
0.99246186	0.007538171
0.14890751	0.85109246
0.041295163	0.9587048
0.9981425	0.0018574753
0.038661517	0.9613385
0.99715	0.0028499975
0.0022970038	0.997703
0.99771285	0.0022872104
0.009826306	0.9901737
0.99761546	0.0023845774
0.9931844	0.006815635
0.73746467	0.26253536
0.0024816024	0.9975184
0.03244081	0.96755916
0.007666941	0.99233305
0.0030776937	0.9969223
0.0022473712	0.9977526
0.9969746	0.0030253946
0.0053535495	0.9946464
0.9984181	0.0015819595
0.995103	0.004897029
0.9963605	0.0036395106
0.11652145	0.8834786
0.0018662349	0.99813384
0.9984445	0.0015555003
0.0020539549	0.9979461
0.12247279	0.8775272
0.882743	0.11725702
0.3597817	0.64021826
0.01159581	0.98840415
0.0025769079	0.99742305
0.99441296	0.0055870046
0.9800361	0.019963874
0.032647815	0.96735215
0.9978155	0.0021845452
0.0019800595	0.99801993
0.9953649	0.0046350406
0.9901411	0.009858878
0.99485165	0.005148323
0.0018930977	0.99810684
0.021266362	0.97873366
0.99731284	0.0026871162
0.9984486	0.0015513721
0.7452618	0.25473818
0.015065113	0.9849349
0.98073053	0.019269453
0.08007418	0.91992587
0.9948833	0.005116777
0.0031697494	0.9968303
0.99638724	0.003612769
0.011954913	0.98804516
0.004325501	0.99567443
0.0021709597	0.997829
0.0033086909	0.99669135
0.0054073534	0.9945926
0.007963629	0.9920364
0.007875216	0.99212486
0.0019155708	0.9980844
0.0018998727	0.9981001
0.0031778084	0.99682224
0.9976184	0.0023815446
0.90214753	0.097852446
0.6758133	0.32418668
0.96596396	0.03403603
0.0017934069	0.9982066
0.9959936	0.0040063737
0.98851305	0.011486872
0.0043066978	0.9956934
0.74140763	0.2585924
0.9954958	0.0045041656
0.13892251	0.8610775
0.8989824	0.10101761
0.9125424	0.08745757
0.8239447	0.17605536
0.0021467838	0.9978532
0.9983039	0.0016960986
0.9496958	0.050304197
0.97294205	0.027057983
0.9976399	0.0023601796
0.04349202	0.9565079
0.09281538	0.9071846
0.034695346	0.96530473
0.071395986	0.92860395
0.0028291915	0.99717087
0.9958334	0.0041665626
0.976891	0.023109015
0.0048598247	0.9951402
0.016492467	0.9835075
0.0037176071	0.9962824
0.99774146	0.002258508
0.0018851024	0.99811494
0.9899594	0.010040569
0.9983652	0.0016347622
0.0118262535	0.9881738
0.99041665	0.009583421
0.0022600428	0.9977399
0.9528898	0.047110185
0.8958837	0.10411625
0.8869409	0.11305907
0.9973043	0.0026957071
0.9674228	0.032577243
0.996427	0.0035729883
0.9952343	0.0047656596
0.067008786	0.9329912
0.001971128	0.9980288
0.99837273	0.0016272934
0.081575826	0.9184242
0.0023521092	0.99764794
0.99445915	0.005540871
0.98464864	0.015351389
0.007229193	0.99277085
0.04876694	0.9512331
0.821345	0.17865503
0.9954638	0.0045361747
0.0031903184	0.99680966
0.98867255	0.011327471
0.03461422	0.9653858
0.0022416934	0.99775827
0.96019244	0.03980752
0.031914484	0.9680855
0.21017992	0.7898201
0.99705565	0.0029443195
0.99301434	0.0069856416
0.99754876	0.0024512094
0.003364624	0.9966354
0.9939547	0.0060453075
0.031719495	0.9682805
0.9877089	0.012291109
0.004448067	0.9955519
0.023763452	0.9762365
0.99095726	0.009042753
0.9980925	0.0019075596
0.027907643	0.9720924
0.007943704	0.9920563
0.9969427	0.0030572482
0.07188222	0.9281178
0.99500114	0.0049988683
0.0024398877	0.99756014
0.010875038	0.989125
0.008410567	0.9915895
0.0058433893	0.9941566
0.9975503	0.0024497153
0.9939313	0.006068772
0.028463777	0.9715362
0.9981602	0.0018398315
0.00968372	0.99031633
0.4252222	0.57477784
0.9929947	0.007005251
0.0022485668	0.9977514
0.9981482	0.0018518048
0.99720335	0.0027966627
0.0042108465	0.9957891
0.01437372	0.9856263
0.036283426	0.96371657
0.0058436077	0.99415636
0.0064819804	0.993518
0.99081963	0.009180364
0.006782045	0.993218
0.9940229	0.0059771393
0.040660817	0.9593392
0.0043138936	0.9956862
0.98684627	0.013153715
0.0022558535	0.9977442
0.0032105749	0.9967894
0.0023027456	0.9976973
0.002523848	0.99747616
0.04686787	0.9531321
0.028002057	0.971998
0.9983929	0.0016071284
0.9978769	0.0021231875
0.996021	0.0039790277
0.9614996	0.03850041
0.007791415	0.9922086
0.98030293	0.0196971
0.048405387	0.9515946
0.9982786	0.001721377
0.07081651	0.9291835
0.009274942	0.9907251
0.9982754	0.0017245697
0.0029964151	0.9970036
0.9973176	0.002682346
0.99450195	0.00549803
0.9903272	0.009672834
0.99705875	0.0029412655
0.006408869	0.9935912
0.9660385	0.033961516
0.99644923	0.003550781
0.9877529	0.012247146
0.0022383695	0.9977616
0.036657203	0.9633428
0.99844223	0.0015578038
0.0025760552	0.997424
0.0817431	0.9182569
0.9984864	0.0015136171
0.0052746194	0.9947254
0.023805816	0.97619414
0.99605894	0.0039410954
0.005259076	0.99474084
0.9981755	0.0018244546
0.9957982	0.004201783
0.9979201	0.0020799679
0.99785477	0.0021452615
0.9945745	0.0054255896
0.009437247	0.9905627
0.9865463	0.01345366
0.3291953	0.67080474
0.9960996	0.0039003466
0.025932694	0.9740673
0.9961552	0.0038447457
0.008345378	0.99165463
0.98887444	0.011125596
0.0018318868	0.9981681
0.0020516207	0.99794835
0.004372158	0.9956279
0.9972736	0.0027264017
0.015452921	0.9845471
0.0019955917	0.9980044
0.0027376215	0.99726236
0.97360307	0.026396926
0.9984592	0.0015407313
0.99775666	0.002243358
0.9900941	0.009905937
0.003043111	0.99695694
0.98713964	0.0128603075
0.99785006	0.0021499218
0.8814393	0.11856064
0.045465082	0.9545349
0.99097896	0.009021004
0.9985311	0.0014688735
0.99719054	0.002809501
0.2513389	0.74866104
0.9617344	0.038265586
0.0021379548	0.99786204
0.28067976	0.7193203
0.02313565	0.9768644
0.9982938	0.0017061487
0.0025622302	0.9974377
0.0018349042	0.9981651
0.9965431	0.0034568843
0.003461959	0.99653804
0.9967129	0.0032871268
0.012579671	0.9874204
0.44272876	0.5572712
0.99691087	0.0030892105
0.99322563	0.0067743757
0.012370821	0.9876292
0.002208355	0.99779165
0.08716341	0.9128366
0.9851815	0.014818488
0.0019437604	0.9980563
0.020880831	0.9791191
0.9956886	0.0043113125
0.9912744	0.008725627
0.03577282	0.9642272
0.03916965	0.96083033
0.9807733	0.01922665
0.964805	0.035194963
0.99789786	0.0021021722
0.0025473356	0.9974527
0.24611937	0.7538807
0.99843544	0.0015645601
0.99813867	0.0018613446
0.024613157	0.97538686
0.9968991	0.00310083
0.002106137	0.99789387
0.17448847	0.8255115
0.99764234	0.0023575893
0.9980489	0.0019511126
0.9840013	0.015998686
0.9964529	0.0035471134
0.004880276	0.9951198
0.0023243586	0.9976756
0.060305774	0.9396942
0.99624544	0.0037545436
0.0026379519	0.9973621
0.0039760787	0.9960239
0.99833375	0.0016662674
0.9567716	0.043228384
0.0042561996	0.9957438
0.995846	0.0041540274
0.990357	0.009643033
0.9971507	0.0028492685
0.009826644	0.99017334
0.9954	0.004600047
0.99583226	0.004167724
0.044564854	0.95543516
0.99531835	0.0046816673
0.99815494	0.0018450322
0.0041960804	0.9958039
0.07529275	0.9247073
0.98480487	0.015195149
0.025396474	0.9746035
0.9958942	0.004105759
0.9983565	0.0016434736
0.0025425751	0.99745744
0.0059358785	0.99406415
0.9941386	0.005861436
0.9835856	0.016414406
0.98061025	0.019389756
0.9836301	0.016369862
0.9928439	0.0071560093
0.9882101	0.011789926
0.9923366	0.0076634046
0.014926501	0.9850735
0.0030204337	0.9969796
0.9886585	0.011341491
0.025301332	0.9746987
0.9959714	0.0040286267
0.011977632	0.9880223
0.00276132	0.99723864
0.7761932	0.22380681
0.0051478003	0.99485224
0.95829195	0.04170799
0.9957807	0.004219275
0.98746175	0.01253826
0.99523455	0.004765488
0.99773717	0.002262793
0.99801445	0.0019854957
0.9930736	0.0069263536
0.0028218906	0.9971781
0.014239651	0.9857604
0.0026504816	0.9973495
0.022662774	0.9773373
0.002237224	0.9977628
0.9929738	0.0070262193
0.997832	0.0021680119
0.9978886	0.0021113448
0.0019939668	0.99800605
0.0040501026	0.99594986
0.0018288819	0.9981711
0.002862963	0.99713707
0.98773617	0.012263897
0.0041239313	0.99587613
0.9950523	0.0049476875
0.33219823	0.6678018
0.0077748545	0.99222517
0.017141495	0.98285854
0.042551093	0.9574489
0.9894386	0.010561401
0.05448172	0.9455183
0.9978549	0.0021451018
0.9899856	0.010014388
0.99689436	0.0031056008
0.0038025428	0.99619746
0.9961052	0.0038948597
0.006141383	0.99385864
0.06429812	0.93570185
0.0017774691	0.99822253
0.57316047	0.42683956
0.8994225	0.1005775
0.11276808	0.887232
0.9749624	0.025037516
0.030294333	0.9697057
0.9975987	0.0024012544
0.9219012	0.078098744
0.9972103	0.002789661
0.9921502	0.007849803
0.99145937	0.008540624
0.9968971	0.003102942
0.99620676	0.0037931902
0.99582773	0.0041723084
0.008152338	0.99184763
0.0062685325	0.99373144
0.0044228192	0.9955772
0.010811082	0.9891889
0.0074094147	0.99259055
0.995577	0.00442309
0.07246737	0.9275326
0.9873931	0.012606903
0.99833053	0.0016694788
0.99564594	0.0043540252
0.9586082	0.041391734
0.9914718	0.00852818
0.012535603	0.9874644
0.9856389	0.014361086
0.03459929	0.9654007
0.0052797403	0.9947202
0.9949586	0.0050414056
0.01437795	0.9856221
0.9977754	0.0022246568
0.058057904	0.94194204
0.010814417	0.9891856
0.018373972	0.98162603
0.0017799345	0.99822
0.9976337	0.0023663153
0.062445857	0.9375541
0.9942934	0.0057065403
0.0019778514	0.9980222
0.0021492396	0.9978508
0.97379464	0.026205352
0.045375466	0.9546245
0.03840912	0.9615908
0.0053163064	0.9946837
0.99166334	0.008336669
0.99760085	0.0023992176
0.9970374	0.0029625949
0.01572242	0.98427755
0.0071049333	0.99289507
0.9386441	0.061355915
0.03845833	0.9615417
0.0023669996	0.997633
0.7949663	0.20503378
0.0018122904	0.9981877
0.99694103	0.0030589143
0.056576252	0.94342375
0.9970483	0.0029517103
0.9780066	0.021993399
0.0020846117	0.9979153
0.014444153	0.9855559
0.9982932	0.0017067238
0.99708766	0.0029123
0.99358255	0.006417376
0.0021414063	0.9978586
0.07331448	0.9266856
0.0022168201	0.99778324
0.9984107	0.0015892666
0.21759805	0.782402
0.002272695	0.99772733
0.99840975	0.0015902142
0.99354786	0.0064521544
0.9615002	0.03849978
0.0056214537	0.9943785
0.9951708	0.004829254
0.0030412392	0.99695873
0.018250981	0.98174894
0.02442692	0.9755731
0.99057835	0.009421655
0.99839044	0.0016095556
0.020482786	0.9795172
0.0021314523	0.99786854
0.97917503	0.020825006
0.0030197706	0.99698025
0.9974591	0.0025408897
0.31835252	0.6816475
0.0030761068	0.99692386
0.011060086	0.98893994
0.0036572532	0.9963427
0.98354924	0.016450705
0.0032121285	0.9967879
0.98965454	0.01034549
0.009556609	0.9904434
0.99791986	0.002080209
0.05852553	0.94147444
0.0022085654	0.9977914
0.01262584	0.9873741
0.9938933	0.006106637
0.0027547362	0.9972453
0.0028293906	0.9971706
0.0049544983	0.99504554
0.0031027913	0.9968972
0.004192502	0.9958075
0.0020930872	0.9979069
0.8461397	0.15386024
0.866598	0.13340195
0.00500313	0.9949969
0.9980876	0.0019123472
0.0029054887	0.9970945
0.99845934	0.0015406992
0.0024797018	0.99752027
0.00407917	0.9959208
0.9857631	0.014236892
0.03670217	0.9632978
0.9984274	0.0015726269
0.008768459	0.9912315
0.9975128	0.0024871316
0.99760014	0.0023998634
0.9876418	0.012358197
0.062496774	0.9375032
0.9625096	0.037490364
0.9943527	0.0056472556
0.9959521	0.0040478273
0.9984674	0.0015325813
0.95138276	0.04861725
0.0018642498	0.9981357
0.0017437198	0.99825627
0.016285732	0.9837143
0.9811685	0.018831495
0.0052008545	0.99479914
0.9984535	0.0015464843
0.0037985314	0.99620146
0.9925632	0.0074367905
0.32832244	0.6716776
0.0025042873	0.9974957
0.98265404	0.01734599
0.99810225	0.0018977417
0.002224552	0.9977755
0.013394299	0.9866057
0.8315202	0.16847977
0.008724225	0.9912758
0.051170435	0.9488296
0.9982151	0.0017849307
0.036912464	0.96308756
0.9793275	0.020672452
0.0021369886	0.997863
0.39051664	0.60948336
0.0018364176	0.99816364
0.001908929	0.99809104
0.9809475	0.01905253
0.99284524	0.007154797
0.09718474	0.9028152
0.99819356	0.0018064273
0.9969171	0.0030828656
0.99709	0.002910018
0.008189512	0.9918105
0.9794795	0.020520473
0.003457336	0.99654263
0.8398948	0.16010517
0.99603844	0.0039615138
0.019468496	0.9805315
0.0024064162	0.9975936
0.99190795	0.00809208
0.053865496	0.94613445
0.006813208	0.99318683
0.007511242	0.99248874
0.9984005	0.0015994833
0.17092669	0.82907325
0.9975069	0.0024931023
0.020460049	0.97954
0.28051126	0.71948874
0.9581913	0.0418087
0.018607523	0.98139244
0.9894253	0.010574719
0.99725085	0.002749095
0.9983816	0.0016184103
0.005426809	0.9945732
0.9934443	0.006555679
0.9687664	0.031233609
0.002102198	0.99789774
0.997315	0.0026849383
0.99635434	0.003645675
0.003990157	0.9960098
0.02037038	0.97962964
0.00181369	0.9981863
0.0066977157	0.99330235
0.14773321	0.8522668
0.058543876	0.9414562
0.020379614	0.9796204
0.9969369	0.0030631213
0.015537178	0.98446286
0.061876126	0.9381239
0.99842167	0.0015783154
0.012294196	0.98770577
0.011578639	0.98842144
0.002683381	0.99731666
0.9914984	0.008501571
0.99790925	0.002090768
0.85289156	0.14710845
0.9951624	0.0048375893
0.85614634	0.14385372
0.006117427	0.99388254
0.99763405	0.0023659812
0.84768033	0.15231971
0.9931653	0.0068346267
0.007174687	0.99282527
0.005262552	0.99473745
0.012490464	0.98750955
0.99846387	0.0015360934
0.9929355	0.007064457
0.99735886	0.002641062
0.09931839	0.9006816
0.0026286594	0.9973713
0.98934877	0.01065127
0.99780995	0.0021901056
0.0034967444	0.99650323
0.0019594682	0.9980406
0.9967018	0.0032982451
0.0052432097	0.9947568
0.00837917	0.9916208
0.99643964	0.0035603193
0.0021695732	0.99783045
0.006587543	0.99341244
0.005437518	0.99456245
0.0055199047	0.99448013
0.96963227	0.030367734
0.9373204	0.06267958
0.0069277445	0.9930722
0.98826665	0.0117333485
0.8850496	0.11495046
0.9792954	0.020704674
0.038552668	0.96144736
0.007767009	0.99223304
0.9478066	0.052193332
0.0019093923	0.99809057
0.025796121	0.97420394
0.9297358	0.07026421
0.99771464	0.002285396
0.99784493	0.0021550478
0.9761198	0.023880202
0.019628728	0.9803713
0.99838054	0.0016194013
0.002062038	0.997938
0.9948579	0.005142079
0.99684525	0.0031547842
0.99834275	0.0016571914
0.99842584	0.0015741857
0.4918452	0.5081548
0.9959245	0.004075522
0.99577844	0.004221497
0.16102305	0.8389769
0.0022542332	0.9977457
0.19685583	0.80314416
0.23754455	0.76245546
0.9918184	0.008181585
0.067325205	0.9326748
0.02785711	0.9721429
0.001846581	0.9981534
0.028179927	0.97182006
0.9959279	0.004072092
0.9982687	0.0017312684
0.001834012	0.998166
0.9961194	0.0038806186
0.9948178	0.0051822243
0.9955901	0.0044098827
0.99471164	0.0052883876
0.978737	0.021263026
0.98829216	0.011707886
0.002071509	0.9979285
0.0038064355	0.9961935
0.9886298	0.011370142
0.075780034	0.92422
0.103414945	0.8965851
0.0030613886	0.9969386
0.05663237	0.94336766
0.001915272	0.9980848
0.009724103	0.99027586
0.2888451	0.7111549
0.9922019	0.007798019
0.014118451	0.98588157
0.9965917	0.00340839
0.048348945	0.95165104
0.0038562424	0.9961437
0.9983474	0.0016525529
0.003729257	0.9962708
0.0018990844	0.99810094
0.99376464	0.006235365
0.0017562287	0.9982438
0.9963021	0.003697874
0.9963606	0.0036394487
0.569993	0.43000692
0.0033154339	0.9966846
0.99501365	0.004986373
0.016382184	0.9836179
0.029418815	0.9705812
0.09557705	0.90442294
0.0023768842	0.99762315
0.0020327093	0.9979673
0.0020887235	0.9979113
0.9949496	0.005050427
0.0018216096	0.99817836
0.10446258	0.8955374
0.02015076	0.9798493
0.0019192629	0.99808073
0.0019592163	0.99804085
0.9965593	0.0034406057
0.040763374	0.9592367
0.004266731	0.9957333
0.004234655	0.9957653
0.99572855	0.004271456
0.041311137	0.95868886
0.99622333	0.0037766132
0.9897329	0.010267115
0.9592448	0.040755205
0.9981797	0.0018203224
0.9976751	0.0023248915
0.83498013	0.16501983
0.06756585	0.9324341
0.9545567	0.045443323
0.9982785	0.0017214703
0.0036473696	0.9963527
0.042747345	0.9572527
0.013616844	0.9863832
0.040803067	0.9591969
0.9965431	0.003456858
0.99699914	0.0030009113
0.9969362	0.0030638361
0.35285863	0.64714134
0.9910268	0.008973234
0.0062470697	0.9937529
0.003548959	0.996451
0.99785054	0.0021494585
0.99808794	0.0019120405
0.00606604	0.993934
0.025269935	0.9747301
0.985524	0.014475948
0.9061996	0.09380046
0.9981036	0.0018963278
0.0019292184	0.9980708
0.9975109	0.00248903
0.019909738	0.98009026
0.013550798	0.9864492
0.98704135	0.012958622
0.0019297723	0.9980703
0.9954602	0.004539817
0.99839145	0.0016085276
0.0662988	0.9337012
0.013500918	0.9864991
0.9960472	0.0039527705
0.9897333	0.010266735
0.99370736	0.0062926714
0.98751915	0.012480839
0.99753356	0.0024663704
0.9969938	0.0030062173
0.0027652674	0.99723476
0.03000643	0.96999353
0.0032194436	0.9967805
0.9968156	0.003184343
0.95226455	0.047735415
0.99575764	0.0042423913
0.0022376156	0.9977623
0.20285884	0.79714113
0.015888575	0.9841114
0.021068322	0.9789316
0.99288106	0.007118948
0.97922796	0.020772088
0.2403423	0.7596577
0.017897772	0.9821023
0.011163051	0.9888369
0.014147671	0.98585236
0.0036413372	0.9963587
0.9963354	0.0036646524
0.0106465565	0.9893534
0.0024787558	0.9975212
0.050030094	0.94996995
0.99289674	0.0071032825
0.002339085	0.9976609
0.9980375	0.001962544
0.9971933	0.0028067771
0.077508435	0.9224916
0.99658185	0.003418192
0.9304918	0.06950823
0.9982907	0.0017093185
0.0027810493	0.99721897
0.0039265743	0.9960735
0.7553087	0.2446913
0.99147886	0.008521216
0.0029054873	0.9970945
0.0055523077	0.9944477
0.9956729	0.0043271137
0.9580825	0.04191747
0.99827456	0.0017254484
0.9968105	0.0031895374
0.998343	0.0016569817
0.010580328	0.9894197
0.0019777927	0.9980222
0.9969675	0.0030324992
0.01112632	0.9888737
0.0031465592	0.9968534
0.018875135	0.9811249
0.9975719	0.0024281242
0.10585272	0.8941473
0.034979012	0.965021
0.5104212	0.4895788
0.99837273	0.0016272444
0.9932267	0.0067732558
0.12752603	0.872474
0.0052544484	0.9947456
0.008389755	0.9916102
0.9732723	0.026727697
0.0030757543	0.9969242
0.027936162	0.9720639
0.16191033	0.83808964
0.99712473	0.0028752484
0.94800264	0.051997382
0.99788123	0.002118734
0.9973022	0.0026978168
0.00905185	0.99094814
0.0017322674	0.99826765
0.0594036	0.94059634
0.9956743	0.004325641
0.99738127	0.0026187545
0.9905749	0.009425081
0.002547292	0.9974527
0.9075492	0.09245075
0.96396583	0.036034204
0.0024643687	0.9975356
0.99806744	0.0019325874
0.9975349	0.0024651191
0.9863229	0.013677153
0.998409	0.001591079
0.0037986217	0.99620134
0.98477954	0.015220435
0.0068358644	0.9931641
0.997931	0.0020689869
0.99550664	0.004493305
0.9959791	0.004020889
0.3380735	0.6619265
0.0026479342	0.9973521
0.99588734	0.00411268
0.057654332	0.9423456
0.0068312422	0.9931687
0.0023261264	0.9976739
0.9923003	0.007699675
0.013157737	0.9868422
0.99719065	0.0028094104
0.95998114	0.040018886
0.99625045	0.0037496134
0.9729178	0.027082179
0.84779257	0.15220743
0.027747795	0.97225225
0.009519355	0.9904806
0.12485075	0.8751492
0.03205311	0.9679469
0.9955388	0.0044612037
0.99833494	0.0016650803
0.9906651	0.009334965
0.998319	0.0016809545
0.9970694	0.0029306067
0.9044117	0.095588334
0.01387784	0.9861222
0.00284173	0.9971583
0.94898105	0.051018953
0.029746976	0.97025305
0.002497393	0.9975026
0.9827	0.01729998
0.0060536508	0.9939464
0.97836554	0.021634502
0.9943763	0.0056237634
0.09539525	0.90460473
0.0019126778	0.99808735
0.002801207	0.9971988
0.0019737966	0.9980262
0.008771403	0.9912286
0.02349924	0.97650075
0.9980028	0.001997225
0.9865109	0.013489118
0.0043959976	0.99560404
0.00817909	0.99182093
0.088188976	0.91181105
0.0030434306	0.9969566
0.99834955	0.0016504979
0.006387981	0.993612
0.9980046	0.001995341
0.9972005	0.00279947
0.18729082	0.8127092
0.9967879	0.0032120703
0.9967051	0.0032948689
0.99639505	0.0036049813
0.99646616	0.0035338185
0.9969482	0.0030518787
0.0019889988	0.99801105
0.02685431	0.97314566
0.1147337	0.8852663
0.002287504	0.9977125
0.9922645	0.0077355644
0.9903342	0.0096657965
0.002073288	0.9979267
0.98978674	0.010213276
0.014655445	0.9853446
0.0018634755	0.9981365
0.03279853	0.9672015
0.08878398	0.911216
0.9981134	0.001886673
0.96334106	0.03665901
0.98292834	0.01707167
0.07240001	0.9276
0.0019297502	0.9980703
0.9053492	0.09465081
0.005718886	0.9942812
0.98779035	0.012209673
0.4470551	0.5529449
0.023234222	0.97676575
0.9970613	0.0029386517
0.8518608	0.14813918
0.9905584	0.00944159
0.0080357995	0.9919642
0.75771654	0.24228345
0.9971917	0.002808271
0.021907674	0.9780924
0.9946108	0.0053892145
0.0056101237	0.99438983
0.030876774	0.9691233
0.0046318676	0.9953681
0.9833565	0.016643519
0.99484634	0.0051537035
0.007984833	0.9920151
0.9978654	0.0021346717
0.99655414	0.0034458153
0.9936947	0.006305306
0.9975923	0.0024076917
0.008762178	0.9912378
0.99136275	0.008637325
0.9878806	0.012119392
0.002158155	0.99784184
0.9967559	0.0032441097
0.002409972	0.99759007
0.6027416	0.39725837
0.27191576	0.72808427
0.9862059	0.013794146
0.0018498306	0.9981502
0.99592966	0.0040703234
0.9874213	0.012578729
0.016550003	0.98345
0.0931826	0.90681744
0.012774176	0.98722583
0.9967918	0.0032082407
0.0029793903	0.99702054
0.99762696	0.0023730518
0.0018110555	0.9981889
0.00436698	0.99563295
0.9907925	0.009207473
0.9977984	0.0022015318
0.059432585	0.9405674
0.99700195	0.0029979993
0.9673185	0.032681506
0.99830294	0.0016970299
0.004996248	0.99500376
0.0018662694	0.9981337
0.9982664	0.0017336368
0.9983937	0.0016062626
0.0023062374	0.9976937
0.037162233	0.9628378
0.03875188	0.96124816
0.002162816	0.99783725
0.0031264948	0.99687356
0.0019536891	0.9980463
0.99829453	0.0017055301
0.4944968	0.5055032
0.99350786	0.0064921123
0.0031730265	0.99682695
0.0020633198	0.9979367
0.0036544811	0.9963456
0.9737795	0.026220538
0.03543654	0.9645635
0.99543226	0.004567807
0.9973552	0.0026448206
0.008248767	0.99175125
0.03358946	0.9664106
0.99345475	0.006545209
0.99360174	0.0063982746
0.99675107	0.003248907
0.018536143	0.98146385
0.0019495375	0.99805045
0.00248858	0.9975114
0.9982527	0.0017472875
0.015511533	0.9844885
0.9971545	0.0028455455
0.0023625	0.9976375
0.013844664	0.98615533
0.13038749	0.8696126
0.0038013167	0.9961987
0.9966904	0.003309565
0.015988158	0.98401177
0.0019638685	0.9980361
0.002181402	0.9978186
0.068811424	0.93118864
0.00384923	0.99615085
0.013504043	0.9864959
0.99666154	0.0033384834
0.99650854	0.0034914245
0.092183396	0.90781665
0.3131039	0.6868961
0.97107625	0.028923817
0.99615544	0.003844585
0.998181	0.0018190094
0.9947325	0.005267524
0.0037643763	0.99623567
0.9712748	0.028725259
0.0020061256	0.99799395
0.10042034	0.89957964
0.010236729	0.98976326
0.04133324	0.95866674
0.9909623	0.009037635
0.93508726	0.064912684
0.98203707	0.017962938
0.013469238	0.9865307
0.9977787	0.0022212733
0.99804986	0.0019501891
0.012367198	0.98763275
0.013946382	0.98605365
0.027462512	0.97253746
0.0017374802	0.9982626
0.0025180206	0.997482
0.040822074	0.959178
0.011428511	0.98857147
0.9982975	0.001702472
0.049805935	0.9501941
0.0029411367	0.99705887
0.011558106	0.9884419
0.039784312	0.96021575
0.9950718	0.0049281293
0.010260018	0.98974
0.0021975825	0.99780244
0.9972583	0.0027416626
0.81570363	0.18429643
0.98957855	0.010421475
0.0028673687	0.99713266
0.982767	0.01723302
0.004689846	0.9953101
0.9967008	0.0032991562
0.056968585	0.94303143
0.0027832666	0.9972167
0.0020427376	0.9979572
0.010599692	0.9894003
0.036359183	0.9636408
0.009856164	0.9901438
0.997996	0.0020040923
0.007250699	0.9927492
0.008075548	0.99192446
0.89900225	0.1009978
0.0019360845	0.99806386
0.9714125	0.028587526
0.99842346	0.0015765671
0.00319811	0.99680185
0.034071993	0.9659281
0.056961235	0.94303876
0.9906438	0.00935624
0.9982356	0.0017644353
0.99812156	0.0018784577
0.99637455	0.003625487
0.010085868	0.9899142
0.9967547	0.0032452324
0.0086316	0.99136835
0.0053682765	0.99463177
0.004714591	0.99528545
0.99819475	0.0018052206
0.9959746	0.0040253927
0.03493783	0.9650622
0.0032413583	0.99675864
0.0065255337	0.9934744
0.99512637	0.0048736064
0.9977202	0.0022797857
0.009744066	0.990256
0.99597114	0.0040288176
0.022968316	0.97703165
0.99787056	0.0021293864
0.99815243	0.0018475994
0.017298538	0.9827015
0.99779606	0.0022039318
0.002567818	0.9974322
0.006652119	0.9933478
0.33097962	0.6690204
0.99450475	0.005495226
0.008650212	0.9913498
0.9927475	0.007252564
0.99762625	0.0023738185
0.0054421704	0.99455786
0.14664328	0.85335666
0.0049035437	0.9950964
0.44686627	0.5531337
0.99700814	0.0029918756
0.0045710905	0.9954289
0.9793075	0.020692512
0.0021307077	0.99786925
0.9975859	0.0024141634
0.98759824	0.012401735
0.9974267	0.0025732545
0.96846145	0.03153858
0.0039131506	0.99608684
0.99689615	0.0031038297
0.5363429	0.46365705
0.997264	0.002735941
0.4806344	0.51936567
0.9974074	0.0025926272
0.88478744	0.115212575
0.9976077	0.002392229
0.9979819	0.0020180282
0.0031202177	0.9968798
0.0071598454	0.9928402
0.991614	0.008386048
0.013297967	0.986702
0.99635714	0.003642829
0.9843433	0.015656687
0.016700115	0.9832999
0.99823534	0.0017646267
0.9726989	0.027301108
0.99759465	0.0024052751
0.041911203	0.9580888
0.0023655545	0.9976344
0.9973232	0.0026767533
0.99458057	0.0054194075
0.008149547	0.99185044
0.9972063	0.002793755
0.002567112	0.9974329
0.31260425	0.68739575
0.0022274738	0.9977725
0.996332	0.0036679856
0.19314823	0.8068518
0.99356914	0.006430811
0.0040506846	0.99594927
0.96895427	0.031045701
0.0026673833	0.9973327
0.0042376197	0.9957624
0.9836459	0.016354091
0.0025716557	0.99742836
0.9981591	0.001840856
0.9916134	0.008386614
0.9368052	0.063194774
0.040307518	0.95969254
0.025286999	0.97471297
0.0035044558	0.99649554
0.019223377	0.9807766
0.0154646635	0.9845353
0.0027630301	0.99723697
0.0052397563	0.9947602
0.99761707	0.0023829523
0.20233625	0.7976638
0.009040676	0.9909593
0.99367404	0.0063260132
0.093347676	0.9066523
0.9835671	0.01643291
0.9940001	0.005999915
0.94951373	0.050486278
0.0029583597	0.99704164
0.9864049	0.0135951685
0.004136613	0.9958633
0.996702	0.003297922
0.9978338	0.0021662237
0.0059472793	0.9940527
0.8696682	0.13033177
0.99849415	0.0015059019
0.010215967	0.98978406
0.003823659	0.99617636
0.9962992	0.0037008265
0.00233925	0.99766076
0.9984145	0.0015855228
0.9984464	0.0015536428
0.99724185	0.0027581335
0.9983454	0.0016545885
0.9974462	0.002553877
0.050371233	0.9496287
0.053060733	0.94693923
0.99826163	0.001738347
0.9973024	0.0026975805
0.001958185	0.99804175
0.99817884	0.0018212178
0.5207712	0.47922876
0.9819119	0.018088078
0.068127684	0.93187225
0.009198621	0.9908014
0.0020233921	0.9979766
0.95423245	0.04576757
0.9982268	0.0017731636
0.06514172	0.9348583
0.9983182	0.0016818781
0.9978861	0.002113832
0.99670047	0.0032995027
0.9938607	0.0061392407
0.0018241379	0.99817586
0.03223177	0.9677682
0.99839205	0.0016078706
0.95794976	0.042050257
0.008275443	0.99172455
0.0018088614	0.9981912
0.9971523	0.0028476377
0.005510962	0.9944891
0.0023377014	0.9976623
0.996503	0.0034970504
0.123385966	0.87661403
0.00268926	0.99731076
0.996669	0.003330965
0.0040194453	0.9959805
0.0026698401	0.9973302
0.0102816615	0.9897183
0.9972162	0.0027837323
0.9913344	0.008665624
0.8504056	0.14959449
0.013678369	0.9863216
0.9819727	0.01802723
0.02473154	0.9752685
0.99825686	0.0017430998
0.99803096	0.0019690872
0.9825531	0.017446898
0.007457226	0.99254274
0.023096181	0.97690386
0.99732286	0.0026771554
0.7802084	0.2197916
0.0054903366	0.99450964
0.99510396	0.004896067
0.27351704	0.726483
0.9908365	0.009163473
0.9977228	0.0022772234
0.015060457	0.9849396
0.0025858125	0.9974141
0.004173392	0.99582654
0.017982472	0.9820176
0.0019951293	0.99800485
0.9925667	0.0074332645
0.016611287	0.9833888
0.9941841	0.0058158883
0.9356827	0.064317234
0.95607567	0.043924276
0.99713635	0.0028636325
0.9980253	0.0019747778
0.9951159	0.0048840935
0.99147487	0.008525124
0.99830556	0.0016944356
0.002262782	0.99773717
0.0053826454	0.9946174
0.008193595	0.9918064
0.0018384744	0.9981615
0.9326989	0.06730117
0.0019535176	0.9980465
0.9937111	0.006288889
0.8941502	0.10584976
0.9928565	0.0071435194
0.014176298	0.98582375
0.013090551	0.98690945
0.23159267	0.7684073
0.020658933	0.9793411
0.029694047	0.9703059
0.0030065805	0.9969934
0.9636684	0.03633164
0.0024620944	0.99753785
0.0027213034	0.99727875
0.9974956	0.0025044135
0.99829143	0.0017085316
0.9970958	0.0029041502
0.002110522	0.99788946
0.99770653	0.0022934035
0.97455215	0.025447806
0.26992384	0.7300762
0.08205735	0.91794264
0.011677856	0.9883222
0.99801636	0.0019836011
0.19123599	0.80876404
0.9940264	0.0059736157
0.99702674	0.002973296
0.9884595	0.011540501
0.9976683	0.0023316513
0.9956275	0.0043725073
0.010058101	0.9899419
0.0020974753	0.9979025
0.99718755	0.0028124524
0.0017740561	0.998226
0.9971751	0.00282484
0.004508693	0.9954913
0.96203727	0.0379627
0.0026699698	0.99733007
0.007425448	0.9925746
0.9915242	0.008475829
0.013411172	0.9865889
0.0019085583	0.9980914
0.0064606057	0.9935394
0.0037278591	0.9962721
0.9973418	0.0026581464
0.9447755	0.05522444
0.97687507	0.023124913
0.0997032	0.9002968
0.99777156	0.0022284598
0.9971341	0.0028658963
0.997147	0.0028529502
0.9919808	0.0080192285
0.0046533695	0.9953466
0.9984701	0.0015299123
0.98644537	0.0135546485
0.9937907	0.006209364
0.0020829171	0.9979171
0.0036395488	0.9963605
0.01007052	0.9899295
0.332474	0.66752595
0.9778021	0.0221979
0.00206193	0.9979381
0.9973966	0.0026033733
0.99543816	0.004561848
0.9975979	0.0024020977
0.5460602	0.4539398
0.08816372	0.91183627
0.0018494707	0.9981505
0.07406246	0.92593753
0.9675739	0.03242613
0.9968443	0.003155725
0.06905776	0.93094224
0.0026564482	0.9973436
0.99295616	0.007043789
0.0359187	0.9640813
0.043511707	0.9564883
0.998406	0.0015940146
0.013199187	0.9868008
0.9955859	0.0044140113
0.05956296	0.940437
0.0020153604	0.99798465
0.9968303	0.0031696828
0.00602916	0.9939709
0.95901394	0.04098609
0.004504115	0.9954959
0.002454138	0.9975459
0.9890408	0.010959185
0.99632215	0.0036778448
0.0040171253	0.9959829
0.0028141325	0.9971859
0.92945474	0.07054521
0.9957645	0.0042355154
0.9856887	0.014311313
0.09743338	0.9025667
0.9977214	0.0022786453
0.20340718	0.7965928
0.06039246	0.9396075
0.010863538	0.98913646
0.003024594	0.9969754
0.020332497	0.97966754
0.042330682	0.9576694
0.99827087	0.0017291533
0.9951068	0.004893238
0.9979042	0.002095824
0.99773777	0.002262177
0.99614006	0.0038599002
0.0051078983	0.9948921
0.99841106	0.0015889489
0.9984143	0.0015856706
0.011766631	0.9882334
0.99383825	0.0061617666
0.994966	0.0050340374
0.001978674	0.99802136
0.9976172	0.0023827357
0.0116010355	0.9883989
0.004833587	0.9951664
0.9696786	0.030321375
0.99780554	0.0021944833
0.0069725686	0.9930274
0.99845827	0.0015417367
0.028020931	0.9719791
0.99760264	0.002397374
0.98522085	0.0147791235
0.0020846266	0.9979153
0.97879124	0.021208776
0.001979582	0.9980204
0.68765634	0.3123437
0.006333289	0.9936667
0.036050413	0.96394956
0.006945574	0.99305445
0.009330953	0.990669
0.9514696	0.048530377
0.008938233	0.9910617
0.9300578	0.069942184
0.0069000795	0.9930999
0.0020639796	0.997936
0.011279689	0.98872036
0.0019708374	0.9980292
0.997502	0.0024979822
0.0018531546	0.9981469
0.9931242	0.0068757916
0.9954529	0.004547046
0.73961484	0.26038522
0.0020112859	0.9979887
0.9984592	0.0015408341
0.002779135	0.9972209
0.99797684	0.00202313
0.9894021	0.0105978865
0.99689734	0.003102623
0.06583413	0.9341659
0.003027225	0.9969728
0.13693798	0.863062
0.9780161	0.021983992
0.94766146	0.052338604
0.050121248	0.94987875
0.9978677	0.0021322311
0.99679357	0.0032064386
0.99513215	0.0048678615
0.0071232156	0.9928767
0.044460543	0.9555394
0.006106729	0.99389327
0.9608059	0.039194074
0.16170491	0.8382951
0.006075529	0.99392444
0.9978175	0.002182471
0.0064298054	0.9935702
0.9967098	0.0032901492
0.0036488948	0.9963511
0.1219717	0.87802833
0.0021687339	0.9978313
0.9979073	0.0020927647
0.004413982	0.99558604
0.14048406	0.8595159
0.99821836	0.0017816296
0.9861162	0.013883818
0.02630326	0.97369677
0.105082914	0.8949171
0.9964275	0.0035725778
0.0018227155	0.9981773
0.0018715399	0.9981285
0.025206009	0.974794
0.9966434	0.003356575
0.014555749	0.98544425
0.94675875	0.053241264
0.0021928137	0.9978072
0.9627964	0.037203666
0.12575138	0.8742486
0.0023988548	0.9976012
0.9199616	0.0800384
0.8020246	0.19797543
0.9983998	0.0016002222
0.9916735	0.008326481
0.042979393	0.9570206
0.99741673	0.0025831927
0.0030107698	0.9969893
0.029592674	0.97040737
0.9655416	0.03445837
0.034932807	0.96506715
0.28265673	0.7173433
0.0057017645	0.9942983
0.0020153911	0.99798465
0.008847225	0.9911528
0.41126883	0.58873117
0.0022815391	0.99771845
0.99418384	0.0058161695
0.0019779208	0.9980221
0.9982406	0.0017594402
0.9583063	0.04169372
0.010340734	0.98965925
0.8230368	0.17696323
0.007631047	0.99236894
0.9957325	0.004267523
0.9979103	0.00208963
0.9977003	0.0022996722
0.9919475	0.008052518
0.99101865	0.008981375
0.9972536	0.002746461
0.1625264	0.83747363
0.99749374	0.0025063322
0.0678468	0.9321532
0.9943809	0.005619136
0.0032622805	0.99673766
0.99049944	0.009500576
0.9955155	0.00448453
0.9978048	0.0021951539
0.05651909	0.94348097
0.99793243	0.0020675412
0.9928351	0.00716481
0.34037957	0.6596204
0.0017874839	0.9982126
0.99496526	0.0050346656
0.15145499	0.848545
0.0038962513	0.99610376
0.8862809	0.11371908
0.9279884	0.07201156
0.7721659	0.22783408
0.0023538666	0.99764615
0.9976421	0.0023578496
0.0033966722	0.99660337
0.88911927	0.11088079
0.0019839543	0.998016
0.030451752	0.9695482
0.99806184	0.0019381385
0.9983954	0.0016046269
0.99677014	0.0032299384
0.008760124	0.99123985
0.9968278	0.003172191
0.99526596	0.0047340295
0.9928262	0.007173749
0.024759581	0.97524035
0.006044935	0.9939551
0.0020808945	0.99791914
0.9419897	0.058010217
0.0022849783	0.997715
0.95446885	0.045531206
0.9969025	0.003097405
0.0025854842	0.99741447
0.99188083	0.008119177
0.99837226	0.0016278296
0.99720097	0.0027990579
0.0020891984	0.9979108
0.99722725	0.0027727608
0.9982298	0.0017701589
0.98770684	0.0122931935
0.0036128585	0.9963871
0.002740479	0.9972595
0.0060421787	0.99395776
0.010248781	0.9897512
0.0059125596	0.99408746
0.0024416556	0.99755836
0.9958781	0.0041219248
0.018759154	0.9812408
0.010034675	0.9899653
0.9952675	0.004732502
0.0068086856	0.9931913
0.9864265	0.013573534
0.9930288	0.0069711558
0.0017539773	0.9982461
0.0018552479	0.99814475
0.0025178816	0.9974821
0.0018542522	0.9981458
0.042458057	0.9575419
0.056320325	0.94367963
0.989267	0.01073305
0.93815726	0.061842754
0.99786997	0.0021300165
0.07075822	0.9292417
0.9950178	0.0049821464
0.003545012	0.99645495
0.05436349	0.9456365
0.9949708	0.0050291508
0.0033400862	0.9966599
0.07559272	0.9244073
0.012603811	0.9873962
0.99706775	0.002932257
0.02701711	0.9729829
0.9915725	0.008427469
0.73639214	0.26360786
0.020060634	0.97993934
0.9977545	0.002245454
0.9956552	0.004344803
0.015248549	0.9847514
0.03871156	0.9612885
0.011849077	0.98815095
0.9966635	0.0033364263
0.014615134	0.9853849
0.99767953	0.002320494
0.14266068	0.8573394
0.0022645397	0.9977355
0.92442113	0.0755789
0.9921555	0.007844486
0.99237144	0.0076285703
0.6198878	0.38011217
0.0018107488	0.9981893
0.994898	0.0051019476
0.9955611	0.0044388957
0.99630946	0.003690566
0.99750584	0.002494227
0.9951427	0.0048573664
0.0029353313	0.99706465
0.9383761	0.061623868
0.08262207	0.9173779
0.002171243	0.9978288
0.9961351	0.0038649605
0.4482767	0.5517233
0.076851845	0.9231482
0.0024480238	0.997552
0.9971105	0.002889511
0.99726284	0.0027371345
0.0058755768	0.9941245
0.005466975	0.99453306
0.0062267995	0.9937733
0.99674183	0.003258202
0.009377248	0.9906227
0.9967225	0.0032774485
0.10671121	0.8932888
0.9976847	0.0023152714
0.99837685	0.0016231897
0.06641247	0.93358755
0.0018356275	0.99816436
0.95570433	0.044295684
0.6173213	0.38267866
0.9961964	0.0038036013
0.9744425	0.025557553
0.003835454	0.99616456
0.9977864	0.0022135486
0.0075137955	0.99248624
0.85451335	0.14548664
0.9777094	0.02229058
0.007840042	0.9921599
0.0026108325	0.99738914
0.0033447566	0.9966552
0.0153142465	0.9846858
0.043074246	0.95692575
0.42214516	0.5778549
0.98972535	0.010274626
0.9963212	0.0036787812
0.99584925	0.004150765
0.9982761	0.0017238788
0.689654	0.31034598
0.9974395	0.002560432
0.91433233	0.08566764
0.9969764	0.0030236116
0.054693077	0.9453069
0.9974464	0.0025536462
0.99844944	0.001550554
0.061872363	0.93812764
0.9948997	0.0051003457
0.011063591	0.9889365
0.0024826212	0.99751735
0.0018875919	0.99811244
0.42417544	0.57582456
0.05373431	0.94626564
0.025783565	0.97421646
0.8384161	0.16158393
0.011777298	0.98822266
0.9957896	0.004210485
0.0029710943	0.9970289
0.008272345	0.9917277
0.9983491	0.0016509056
0.98497295	0.015027038
0.99417865	0.0058213556
0.006604484	0.9933955
0.01532544	0.9846746
0.99720556	0.0027944138
0.3012151	0.6987849
0.07372211	0.92627794
0.00830945	0.9916905
0.9952565	0.004743505
0.99485356	0.0051465016
0.007159358	0.99284065
0.0047849314	0.99521506
0.3247362	0.6752638
0.0019845143	0.9980155
0.054124005	0.945876
0.04555248	0.95444757
0.98577636	0.014223568
0.9970203	0.0029796695
0.99784935	0.0021506308
0.9983216	0.0016784134
0.97718924	0.022810744
0.998209	0.0017910268
0.8828986	0.117101364
0.0066406094	0.9933594
0.095860295	0.9041397
0.0018720012	0.998128
0.9738797	0.026120279
0.98799765	0.012002363
0.9979899	0.0020100656
0.0018511887	0.9981488
0.9933367	0.0066633644
0.018993046	0.9810069
0.17316109	0.8268389
0.005941829	0.99405813
0.9688495	0.03115046
0.50865835	0.49134165
0.0018752168	0.9981248
0.9952561	0.0047438713
0.0022387963	0.99776113
0.9861631	0.013836893
0.99818474	0.0018151979
0.9575019	0.042498067
0.0047989707	0.995201
0.019173736	0.98082626
0.006467812	0.9935322
0.99778867	0.0022112695
0.0061662705	0.9938338
0.020621037	0.97937894
0.9153492	0.08465075
0.99272925	0.0072707096
0.00180641	0.99819356
0.0034554603	0.99654454
0.005612495	0.99438745
0.0041789287	0.995821
0.0020484321	0.99795157
0.9980938	0.0019061709
0.9399025	0.060097564
0.004954853	0.9950452
0.9864232	0.013576778
0.98158765	0.018412296
0.002247917	0.99775213
0.009476237	0.99052376
0.99721646	0.0027835087
0.0019375742	0.99806243
0.045368537	0.95463145
0.99799937	0.002000664
0.99743074	0.0025692005
0.942032	0.057968035
0.0018580086	0.998142
0.9983747	0.0016252261
0.0064334376	0.9935666
0.007007076	0.992993
0.06905305	0.930947
0.99041754	0.0095823975
0.99810886	0.0018910859
0.009306821	0.99069315
0.9943574	0.005642577
0.0113316355	0.9886684
0.007628112	0.9923719
0.057936464	0.94206357
0.004317512	0.9956825
0.9964277	0.0035722787
0.9195734	0.08042654
0.9908236	0.009176397
0.9970764	0.0029236053
0.9813669	0.018633146
0.01749601	0.98250395
0.006809789	0.9931902
0.0050149076	0.9949851
0.9939149	0.006085111
0.98869216	0.011307867
0.0020457706	0.99795425
0.0045299213	0.99547005
0.094041176	0.90595883
0.998175	0.0018249663
0.0032405993	0.9967595
0.9215718	0.078428224
0.9967834	0.0032166294
0.0054461053	0.9945539
0.0034043577	0.9965957
0.9984158	0.0015841579
0.06243806	0.937562
0.99815494	0.0018449998
0.07231868	0.92768127
0.94746333	0.052536696
0.054185487	0.94581455
0.0063392515	0.99366075
0.0023704818	0.9976295
0.99779046	0.0022095533
0.0041913134	0.9958087
0.013042973	0.9869571
0.04522011	0.95477986
0.8785481	0.12145189
0.9937186	0.006281414
0.021786649	0.97821337
0.99591076	0.0040892754
0.9967332	0.0032668705
0.9943129	0.0056870817
0.011530889	0.9884692
0.0026816053	0.99731845
0.99708766	0.002912369
0.005216989	0.994783
0.8755751	0.12442488
0.99732506	0.002674866
0.004038097	0.99596196
0.070191324	0.9298086
0.98787385	0.0121260965
0.012347132	0.9876529
0.99615604	0.0038439822
0.99338585	0.0066141137
0.017249955	0.98275006
0.9943553	0.0056447345
0.08972212	0.91027784
0.9583394	0.04166059
0.9804304	0.01956955
0.0029908675	0.9970092
0.9967872	0.003212874
0.0018336892	0.9981664
0.011996914	0.98800313
0.9934465	0.006553471
0.02999585	0.9700042
0.9371054	0.0628946
0.99391514	0.006084811
0.9982054	0.0017945726
0.0050283736	0.99497163
0.010574669	0.9894253
0.9974022	0.0025978955
0.9830253	0.016974764
0.0023057282	0.9976942
0.99221206	0.007788013
0.9984452	0.001554831
0.006593181	0.9934068
0.040966474	0.95903355
0.9820326	0.017967388
0.0023219008	0.9976781
0.9979241	0.0020759385
0.009044577	0.9909554
0.9973496	0.0026503217
0.013043293	0.9869567
0.9958753	0.004124725
0.9923422	0.0076578045
0.9985097	0.0014902514
0.020753037	0.9792469
0.061644055	0.938356
0.010217441	0.9897826
0.9570026	0.042997416
0.07627416	0.9237258
0.09521459	0.90478545
0.99626714	0.0037328943
0.9899884	0.010011661
0.011109926	0.98889005
0.97792417	0.022075858
0.0026517084	0.9973483
0.012793108	0.9872069
0.99713147	0.0028684798
0.0037047598	0.9962953
0.0020734419	0.9979266
0.99825424	0.0017457337
0.0072803083	0.99271965
0.17281723	0.82718277
0.95835614	0.041643847
0.98542744	0.014572516
0.002004429	0.9979956
0.0021443763	0.9978556
0.004585459	0.9954145
0.0021170853	0.9978829
0.9978405	0.0021594253
0.03413101	0.965869
0.9984382	0.0015618296
0.01912645	0.9808735
0.080529965	0.91947
0.0019664518	0.9980336
0.98440754	0.015592477
0.0056982776	0.9943017
0.0035103487	0.9964896
0.02499407	0.9750059
0.97319806	0.026801942
0.99843913	0.0015609206
0.9889775	0.011022513
0.9952819	0.004718134
0.0018376294	0.9981623
0.99552464	0.004475424
0.998359	0.0016409961
0.0023285965	0.9976714
0.0027892867	0.9972107
0.0023807427	0.9976192
0.0960889	0.9039111
0.0019262797	0.9980737
0.99310714	0.0068928814
0.13272206	0.8672779
0.9977186	0.0022814167
0.9958532	0.004146811
0.998401	0.0015990417
0.027725713	0.97227436
0.9978703	0.002129671
0.06398311	0.9360169
0.018109662	0.9818903
0.102582686	0.8974173
0.99836737	0.0016326724
0.9927423	0.007257632
0.99522483	0.0047751046
0.982787	0.017212937
0.79147065	0.2085294
0.99322706	0.006772987
0.009924829	0.9900752
0.003733146	0.9962669
0.29113802	0.708862
0.17487057	0.8251295
0.0023816898	0.99761826
0.99278545	0.0072146193
0.99644995	0.0035500624
0.9967097	0.0032902902
0.99692804	0.003071936
0.0027875607	0.99721247
0.0051628132	0.99483716
0.0029701707	0.9970298
0.0027527302	0.9972473
0.9976688	0.0023311344
0.009458718	0.9905413
0.011001626	0.98899835
0.051335488	0.94866455
0.0022646107	0.9977354
0.021619149	0.97838086
0.06404935	0.9359506
0.9983215	0.0016785011
0.018793328	0.9812067
0.0024637303	0.9975363
0.052720428	0.94727963
0.99604213	0.0039578914
0.99621814	0.0037818481
0.99715924	0.0028407704
0.87130994	0.12869008
0.9966744	0.003325573
0.9765652	0.02343477
0.01646125	0.98353875
0.14182998	0.85817003
0.99677235	0.0032276225
0.03844398	0.961556
0.9660397	0.033960294
0.9967236	0.003276391
0.9948698	0.005130123
0.0023610373	0.99763894
0.021009088	0.9789909
0.0026838253	0.9973162
0.0035796221	0.9964204
0.9959187	0.0040813643
0.0020095704	0.9979905
0.98526996	0.014730088
0.99627423	0.0037258342
0.9956553	0.0043447493
0.92290676	0.077093214
0.0037205347	0.9962794
0.006184101	0.9938159
0.99601364	0.003986401
0.0023480668	0.997652
0.9531737	0.046826284
0.99814117	0.0018588098
0.98973924	0.0102608325
0.99758613	0.0024138244
0.1137255	0.8862745
0.0073916907	0.99260825
0.98119974	0.018800309
0.98932743	0.010672591
0.10425787	0.8957421
0.0031866143	0.99681336
0.9195352	0.08046474
0.91096336	0.089036636
0.993226	0.006773984
0.003941499	0.99605846
0.009344357	0.9906556
0.004125775	0.9958742
0.90912694	0.0908731
0.5504269	0.44957313
0.99079293	0.009207038
0.99586934	0.004130644
0.0020994672	0.9979005
0.59902906	0.40097097
0.91774535	0.0822547
0.9423636	0.057636444
0.9958199	0.0041800323
0.9983181	0.0016819566
0.99466056	0.005339395
0.9957567	0.0042433175
0.02664524	0.97335476
0.008917172	0.9910828
0.99545115	0.004548822
0.10460316	0.8953969
0.0018247787	0.99817526
0.002261676	0.99773836
0.99311465	0.006885355
0.041230045	0.9587699
0.99517775	0.0048222058
0.9930813	0.006918736
0.9955161	0.0044838786
0.0028965645	0.9971034
0.006376479	0.99362355
0.003448669	0.9965513
0.9977831	0.0022168537
0.003196335	0.99680364
0.0021563526	0.9978436
0.0019511351	0.9980489
0.0022969455	0.997703
0.11274116	0.8872588
0.0036202385	0.9963798
0.9948677	0.005132282
0.9703024	0.029697595
0.9960795	0.0039205607
0.001904408	0.9980956
0.0043039382	0.99569607
0.008595849	0.9914042
0.9975799	0.0024201388
0.009204681	0.9907953
0.2940391	0.70596087
0.005106486	0.99489355
0.9427804	0.05721961
0.0023318878	0.9976681
0.0022628251	0.99773717
0.9975478	0.002452189
0.9840289	0.015971115
0.002094479	0.9979055
0.015273954	0.984726
0.9975267	0.0024733192
0.051195145	0.9488049
0.9974074	0.002592673
0.038213536	0.96178645
0.00636415	0.9936359
0.7354397	0.26456025
0.9911349	0.008865063
0.047539636	0.95246035
0.024917033	0.975083
0.93331164	0.066688366
0.028965442	0.9710345
0.9984585	0.0015415165
0.024419555	0.9755804
0.97632	0.023679966
0.04424536	0.95575464
0.9982401	0.0017598522
0.0020272299	0.9979728
0.9981141	0.0018858468
0.9338725	0.06612744
0.9864891	0.0135109695
0.042024776	0.95797527
0.022668486	0.97733146
0.0022745186	0.9977254
0.006484029	0.99351597
0.0039062314	0.9960938
0.995747	0.004252971
0.9974106	0.0025893874
0.99686974	0.0031302213
0.0041882	0.9958118
0.9983265	0.0016734933
0.9984699	0.0015300987
0.9982924	0.001707657
0.005629526	0.9943705
0.04692742	0.95307255
0.0018453862	0.9981546
0.0049895984	0.9950104
0.0018850132	0.99811494
0.015093028	0.9849069
0.0018581129	0.9981419
0.003625938	0.9963741
0.28125665	0.7187434
0.99764913	0.002350909
0.016045647	0.9839543
0.033786733	0.96621335
0.050707586	0.94929236
0.99775934	0.002240687
0.023361398	0.9766386
0.029250482	0.97074956
0.034279138	0.9657209
0.054814897	0.9451851
0.9950871	0.004912925
0.021199945	0.97880006
0.96606743	0.033932604
0.0025002812	0.99749976
0.99305964	0.0069403895
0.009930313	0.9900697
0.68113464	0.31886536
0.9872895	0.012710544
0.060359623	0.9396404
0.99839777	0.0016022554
0.9914778	0.008522199
0.0029860938	0.9970139
0.99664825	0.0033517163
0.010102401	0.9898976
0.99149257	0.008507396
0.0018802376	0.9981198
0.004579608	0.9954204
0.011715358	0.9882846
0.99814844	0.0018515341
0.9940445	0.005955499
0.9979206	0.0020794314
0.9981987	0.0018013701
0.9950911	0.0049089217
0.50394386	0.4960561
0.9631997	0.03680028
0.0027145823	0.99728537
0.01184541	0.98815453
0.0053357594	0.9946642
0.9866817	0.013318317
0.0032200867	0.99678
0.99118656	0.008813433
0.99174726	0.008252738
0.12028143	0.87971854
0.0031603016	0.99683964
0.984999	0.015000987
0.0024506673	0.99754936
0.9952193	0.0047806734
0.9810539	0.01894612
0.99812335	0.0018766589
0.99822944	0.0017705212
0.9978999	0.0021000828
0.050593402	0.94940656
0.0027272475	0.9972728
0.9984113	0.0015886727
0.052650217	0.9473498
0.9953056	0.004694387
0.0024578902	0.99754214
0.9966815	0.0033184208
0.69085014	0.3091498
0.022597581	0.9774024
0.99060386	0.0093961535
0.7799374	0.22006261
0.99829334	0.0017066117
0.03882183	0.9611781
0.99794596	0.0020540408
0.002123851	0.99787617
0.015582044	0.9844179
0.043641318	0.9563586
0.022182515	0.9778175
0.9976368	0.0023632464
0.9979837	0.00201626
0.068419866	0.9315801
0.99662787	0.0033720646
0.021748029	0.97825193
0.997083	0.0029169698
0.99339867	0.0066012996
0.9560021	0.04399791
0.9970976	0.0029024552
0.99805695	0.0019429723
0.0053509222	0.9946491
0.9681377	0.03186228
0.99625266	0.0037473126
0.7916413	0.2083587
0.99841106	0.0015889156
0.0065994556	0.9934006
0.99338454	0.006615474
0.13346902	0.866531
0.0022606894	0.9977393
0.0032423062	0.9967577
0.99780995	0.002190017
0.9965604	0.0034395596
0.99323434	0.006765677
0.9942198	0.005780213
0.9972705	0.002729453
0.99583286	0.004167135
0.9974335	0.002566553
0.9900333	0.009966617
0.07704849	0.9229516
0.9952952	0.0047047785
0.93571275	0.06428717
0.9794459	0.020554136
0.0019587458	0.9980413
0.00336711	0.9966329
0.99788934	0.002110665
0.11643925	0.8835608
0.043514937	0.95648503
0.002329936	0.99767
0.019604376	0.9803956
0.010783082	0.9892169
0.0022643716	0.9977356
0.0073560937	0.9926439
0.012077821	0.98792213
0.99597114	0.004028791
0.04546891	0.9545311
0.0037357945	0.99626416
0.79814106	0.20185897
0.98408645	0.015913513
0.11475674	0.8852433
0.003114563	0.9968855
0.9904102	0.009589849
0.0021027306	0.99789727
0.015488067	0.984512
0.037373606	0.96262634
0.9967571	0.0032429628
0.032887515	0.9671125
0.95384747	0.04615246
0.043053497	0.95694643
0.025422296	0.97457767
0.03167641	0.96832365
0.022928286	0.9770717
0.08679004	0.91321
0.99761766	0.0023823017
0.9984127	0.0015872038
0.99520564	0.0047944365
0.0019790272	0.998021
0.032347437	0.96765256
0.0045262165	0.9954738
0.058219172	0.94178087
0.0018729192	0.99812704
0.0029404364	0.9970595
0.053851634	0.94614834
0.9967822	0.003217784
0.99517375	0.004826262
0.0021369702	0.997863
0.0029708208	0.99702924
0.9971029	0.002897023
0.0020819362	0.99791807
0.2746409	0.7253591
0.95377743	0.046222564
0.0023077829	0.9976922
0.0022671162	0.9977329
0.009830283	0.9901697
0.008858266	0.9911417
0.96900415	0.030995876
0.0021805821	0.9978194
0.030200498	0.9697995
0.9973271	0.0026729093
0.008278983	0.99172103
0.9974318	0.0025681695
0.028564828	0.9714352
0.017015018	0.98298496
0.97290987	0.027090145
0.9188395	0.08116041
0.60367566	0.3963243
0.016777223	0.9832228
0.7766207	0.22337924
0.9981552	0.0018447873
0.011001464	0.9889985
0.9953376	0.0046623447
0.0070217494	0.9929783
0.060000505	0.93999946
0.005642615	0.9943574
0.9944458	0.005554198
0.06312842	0.93687165
0.991865	0.008134959
0.99703014	0.0029698943
0.01410021	0.98589975
0.0024071282	0.99759287
0.9864783	0.0135217
0.0020769313	0.9979231
0.039779752	0.9602203
0.0019311891	0.99806887
0.0154945245	0.9845055
0.99802256	0.0019774993
0.011441198	0.98855877
0.99456847	0.0054316013
0.9420357	0.057964306
0.020127367	0.9798726
0.9841435	0.015856542
0.006515625	0.99348444
0.012931752	0.9870682
0.0031725378	0.9968274
0.998343	0.0016570354
0.004977194	0.9950228
0.30138728	0.69861275
0.9953473	0.004652667
0.020564428	0.97943556
0.9967834	0.0032166266
0.0019136791	0.99808633
0.99766016	0.0023397815
0.9605054	0.03949453
0.9852712	0.014728751
0.99839586	0.0016041106
0.99700886	0.002991132
0.9977932	0.0022067565
0.9980646	0.0019354451
0.0024565412	0.9975434
0.0051750736	0.994825
0.00781931	0.9921807
0.0022831429	0.9977169
0.084264085	0.9157359
0.3239735	0.67602646
0.015709488	0.9842905
0.0019602065	0.9980398
0.024548896	0.97545105
0.98756856	0.012431428
0.03646998	0.96353
0.035379566	0.9646204
0.99807054	0.0019295455
0.0021777558	0.9978223
0.0058471044	0.99415284
0.9090834	0.090916574
0.004136134	0.9958638
0.0024494773	0.99755055
0.005282985	0.99471706
0.99459153	0.005408454
0.99653256	0.00346745
0.9811484	0.018851591
0.044707537	0.9552924
0.074680135	0.9253198
0.0019081661	0.9980919
0.12012841	0.8798716
0.012596336	0.98740363
0.9984302	0.0015698324
0.9983907	0.0016093657
0.99728644	0.0027135836
0.9972799	0.002720083
0.9948021	0.0051978678
0.997741	0.002259013
0.9979221	0.0020778882
0.3362215	0.66377854
0.1381927	0.8618073
0.087165646	0.91283435
0.0028908656	0.9971091
0.97224617	0.027753878
0.0024190317	0.9975809
0.24278395	0.7572161
0.002258174	0.9977418
0.89774525	0.10225475
0.9939959	0.0060040937
0.9932795	0.0067204772
0.9935551	0.006444868
0.06598397	0.934016
0.99712497	0.002875082
0.0020416724	0.9979583
0.27345115	0.72654885
0.9844006	0.015599464
0.016041886	0.9839581
0.002914508	0.9970855
0.032436132	0.9675638
0.98967105	0.010328965
0.012569528	0.98743045
0.0043385513	0.99566144
0.0020325514	0.9979674
0.0027767918	0.99722326
0.94511926	0.054880787
0.99840516	0.0015948259
0.12032463	0.8796754
0.00508049	0.9949195
0.9969959	0.003004116
0.0024552823	0.9975447
0.086360805	0.9136391
0.99506086	0.0049391785
0.0024880525	0.997512
0.0523884	0.9476116
0.9626637	0.03733628
0.9979924	0.0020076078
0.9935998	0.006400196
0.9879144	0.012085596
0.0051053325	0.99489474
0.99683726	0.003162712
0.011508566	0.9884914
0.02309691	0.9769031
0.0075786863	0.9924213
0.042390373	0.95760965
0.9961194	0.0038806295
0.0040845443	0.9959155
0.06660268	0.93339735
0.10441294	0.8955871
0.0045431433	0.9954568
0.13113347	0.8688665
0.0023328974	0.9976671
0.9982108	0.0017892802
0.9977931	0.0022068834
0.9982767	0.0017233259
0.9773283	0.022671686
0.0026639653	0.997336
0.047041398	0.95295864
0.0034259877	0.99657404
0.998173	0.0018269618
0.99819934	0.0018006304
0.006678177	0.99332184
0.0048991553	0.9951009
0.031970557	0.96802944
0.9983524	0.0016476607
0.9627484	0.03725157
0.8390595	0.16094051
0.997985	0.0020149518
0.004010305	0.99598974
0.007901159	0.9920988
0.0071440674	0.9928559
0.015945783	0.98405427
0.9946402	0.0053598755
0.01353015	0.9864698
0.03704955	0.96295047
0.0020876462	0.99791235
0.99668497	0.0033149798
0.004506487	0.99549353
0.003981572	0.99601847
0.0038158607	0.9961842
0.00418887	0.9958111
0.011661113	0.9883388
0.98409915	0.01590084
0.003657889	0.9963421
0.561464	0.43853596
0.037392557	0.96260744
0.98334736	0.016652603
0.0037064324	0.9962936
0.9507078	0.049292184
0.0037368878	0.9962631
0.9881727	0.011827307
0.95920354	0.04079648
0.0061539863	0.993846
0.97290415	0.027095826
0.00235287	0.9976471
0.025415223	0.9745848
0.98471326	0.01528676
0.010057067	0.9899429
0.99741924	0.0025807864
0.7863023	0.21369769
0.9939545	0.006045499
0.00518927	0.9948107
0.9381773	0.061822727
0.9973763	0.0026237397
0.0026002699	0.9973997
0.03511058	0.96488947
0.0059552873	0.9940447
0.09970107	0.9002989
0.7960246	0.20397538
0.15463191	0.8453681
0.99384284	0.0061571193
0.99680567	0.0031943088
0.04222551	0.95777446
0.77261865	0.22738132
0.039869774	0.9601302
0.0102520315	0.989748
0.9769686	0.023031393
0.0061591207	0.9938408
0.15799151	0.8420085
0.01608953	0.98391044
0.99554104	0.0044589206
0.0020268916	0.99797314
0.9956489	0.004351103
0.7729947	0.22700533
0.99847764	0.0015224129
0.9982681	0.0017318338
0.9791703	0.020829635
0.995352	0.0046479814
0.9831245	0.01687555
0.99322355	0.0067765266
0.924126	0.07587395
0.99563086	0.0043691993
0.99796826	0.002031713
0.0753604	0.92463964
0.9916032	0.008396772
0.99036646	0.009633506
0.008086021	0.99191403
0.99615735	0.0038426954
0.009101704	0.9908983
0.051633134	0.9483668
0.011578978	0.9884211
0.055801935	0.9441981
0.21382493	0.7861751
0.0023994753	0.9976005
0.01943172	0.9805683
0.010657608	0.98934233
0.67314994	0.32685006
0.011180277	0.9888198
0.22712961	0.7728704
0.076177604	0.92382246
0.0018646385	0.9981353
0.98689425	0.013105731
0.99778557	0.002214445
0.0020658977	0.9979341
0.9394788	0.060521174
0.9809734	0.019026585
0.0019121022	0.9980878
0.9947515	0.00524856
0.023212293	0.97678775
0.9961201	0.0038798794
0.9432918	0.05670826
0.0896713	0.9103287
0.0022573061	0.9977428
0.99441165	0.005588377
0.9433672	0.05663281
0.99358034	0.0064196507
0.9493475	0.05065253
0.0018963225	0.9981036
0.99835676	0.0016432474
0.998218	0.0017819691
0.004386033	0.99561393
0.98943067	0.010569346
0.017049072	0.98295087
0.9969631	0.0030368676
0.008711114	0.9912889
0.0021665865	0.99783343
0.0024936823	0.9975063
0.0021627767	0.99783725
0.99773633	0.0022636047
0.9869348	0.013065237
0.9908689	0.009131145
0.9975363	0.0024636688
0.01940654	0.98059344
0.994949	0.005051011
0.0035840808	0.99641585
0.9983789	0.0016211477
0.9983652	0.0016347754
0.005147399	0.9948526
0.0055650775	0.9944349
0.0020659608	0.9979341
0.017749604	0.9822504
0.012014911	0.9879851
0.99836713	0.001632823
0.0187191	0.98128086
0.9940534	0.0059465286
0.9983541	0.0016459438
0.0020148233	0.9979851
0.9847551	0.015244914
0.9948873	0.0051127207
0.99274796	0.0072520245
0.018033523	0.9819665
0.985165	0.014834951
0.9681409	0.031859137
0.0020367606	0.9979633
0.0030542992	0.9969457
0.9583534	0.041646656
0.7939041	0.20609587
0.99672526	0.0032748063
0.5890062	0.4109938
0.99222517	0.007774862
0.040567268	0.9594327
0.0022292465	0.9977708
0.002251932	0.9977481
0.028658988	0.971341
0.99071723	0.009282789
0.0058039515	0.99419606
0.99791616	0.0020837917
0.9897569	0.010243195
0.124770015	0.87523
0.0019179397	0.99808204
0.9961319	0.0038680676
0.005762366	0.99423766
0.9982224	0.0017775807
0.3180016	0.68199843
0.001991298	0.99800867
0.9977137	0.002286343
0.0018380125	0.998162
0.1793015	0.8206985
0.004407315	0.99559265
0.015044381	0.9849556
0.004427758	0.9955722
0.006561501	0.99343854
0.0027694653	0.9972306
0.0019657277	0.9980343
0.007372624	0.99262744
0.005871998	0.994128
0.9979175	0.0020825586
0.9982912	0.0017088255
0.004814879	0.9951851
0.14851616	0.85148376
0.029804472	0.9701955
0.004887979	0.995112
0.0032739516	0.99672604
0.9873103	0.012689641
0.0018292239	0.99817073
0.99625236	0.0037476183
0.939268	0.06073206
0.9981797	0.0018203668
0.9759714	0.024028556
0.99742115	0.0025788157
0.0076171462	0.9923828
0.11122075	0.8887793
0.99214256	0.007857469
0.99251395	0.0074860463
0.048980158	0.9510198
0.0071799643	0.9928201
0.0029905604	0.9970094
0.9945615	0.005438561
0.9973066	0.0026933632
0.79318476	0.20681524
0.0088781165	0.9911219
0.46795273	0.5320473
0.98789924	0.012100795
0.9957034	0.004296543
0.02367463	0.97632533
0.0020224815	0.99797755
0.054361507	0.94563854
0.7212568	0.27874324
0.07449996	0.9255
0.9955662	0.0044338177
0.9956524	0.0043477085
0.99637246	0.0036275543
0.1155472	0.88445276
0.9980792	0.0019207889
0.9984602	0.00153985
0.98488426	0.015115714
0.0024186291	0.99758136
0.0068871872	0.99311274
0.0019195003	0.9980805
0.99246585	0.0075341654
0.05615998	0.9438401
0.13866797	0.861332
0.0033345765	0.9966654
0.9984792	0.0015207857
0.9957883	0.004211718
0.8918202	0.10817977
0.062438834	0.93756115
0.9982083	0.0017917482
0.021532385	0.9784676
0.99503773	0.0049622455
0.9933227	0.006677374
0.0017968726	0.99820316
0.013936871	0.9860632
0.0023337342	0.99766624
0.30928764	0.69071233
0.9963756	0.0036243778
0.9903054	0.009694532
0.1305439	0.8694561
0.12110139	0.87889856
0.03567942	0.96432054
0.015045398	0.9849546
0.018038318	0.98196167
0.8975838	0.102416165
0.005851874	0.99414814
0.12168489	0.87831515
0.11160962	0.88839036
0.006742754	0.9932573
0.03486131	0.9651387
0.9982705	0.0017294942
0.9975109	0.0024891177
0.9962913	0.0037087575
0.005464235	0.9945358
0.5352648	0.46473524
0.0023595348	0.9976405
0.99477935	0.0052206805
0.086641274	0.91335875
0.987176	0.012823991
0.0027264482	0.9972735
0.9946831	0.005316939
0.0021310495	0.9978689
0.0025131903	0.9974868
0.9971998	0.0028002053
0.0021207714	0.99787927
0.6875896	0.3124104
0.0029830234	0.997017
0.8737084	0.12629162
0.005759373	0.99424064
0.9860816	0.013918383
0.97992367	0.020076394
0.01756058	0.9824394
0.99838305	0.0016169208
0.15917246	0.8408275
0.9419067	0.05809331
0.05449014	0.94550985
0.0057704197	0.99422956
0.9964443	0.0035557398
0.9583359	0.04166413
0.0017377085	0.99826235
0.012225706	0.9877743
0.005498369	0.9945016
0.056810785	0.9431892
0.9886847	0.011315256
0.85509896	0.144901
0.08754541	0.91245466
0.015451296	0.9845487
0.96168005	0.038320024
0.0021058286	0.9978942
0.99799204	0.0020079701
0.005233817	0.99476624
0.035118837	0.9648811
0.002009251	0.9979907
0.99780184	0.0021981462
0.9982114	0.0017886602
0.9983663	0.0016336598
0.71189916	0.28810087
0.9982925	0.0017074649
0.014855769	0.98514426
0.9977829	0.0022171268
0.9753999	0.024600063
0.0017789216	0.9982211
0.99124545	0.008754486
0.9931104	0.0068895887
0.9847168	0.015283215
0.06555469	0.9344453
0.007709095	0.9922909
0.9978503	0.0021496834
0.11499312	0.88500684
0.9982998	0.0017002659
0.9480095	0.051990546
0.023631783	0.9763682
0.995765	0.0042350446
0.99781597	0.0021839838
0.718341	0.28165898
0.0426619	0.9573381
0.9976184	0.0023816377
0.0022812851	0.9977187
0.021290982	0.97870904
0.9947849	0.0052150865
0.015077881	0.9849221
0.0025932943	0.99740666
0.023563808	0.97643614
0.8685805	0.1314195
0.034590755	0.9654093
0.12618855	0.8738114
0.9958217	0.00417827
0.28269783	0.7173022
0.077553265	0.9224467
0.0023358536	0.9976642
0.0019254421	0.99807453
0.003058737	0.99694127
0.0034086185	0.99659145
0.99075454	0.009245426
0.0065692705	0.9934308
0.006732038	0.99326795
0.97368616	0.026313849
0.0073722117	0.9926278
0.0073304567	0.9926696
0.99484706	0.005152896
0.99022627	0.009773723
0.9875073	0.012492652
0.9967204	0.0032795656
0.97797614	0.022023799
0.9965822	0.0034177986
0.9774646	0.022535358
0.110892266	0.88910776
0.002388893	0.99761117
0.0019243739	0.9980756
0.9670573	0.032942716
0.99393433	0.0060657016
0.029336499	0.9706635
0.0022357916	0.9977642
0.62989193	0.37010807
0.26394555	0.7360545
0.9975025	0.0024975045
0.9939797	0.0060202708
0.98013395	0.019866006
0.99839836	0.0016016428
0.0020914327	0.9979086
0.9903476	0.009652359
0.0020524357	0.99794763
0.0022135167	0.9977864
0.98638606	0.013613893
0.005371088	0.99462897
0.0045474884	0.9954526
0.0028827442	0.9971173
0.07639977	0.9236002
0.017560745	0.9824393
0.0021736014	0.9978264
0.004322927	0.99567705
0.9980787	0.0019212534
0.99110925	0.008890797
0.019856863	0.98014313
0.0019477198	0.99805224
0.9978998	0.0021001706
0.9968014	0.003198578
0.0134149315	0.986585
0.99821186	0.0017881119
0.9971908	0.002809183
0.98649895	0.013501089
0.9959708	0.004029162
0.015253891	0.9847461
0.016003055	0.9839969
0.0061198077	0.99388015
0.10648694	0.8935131
0.0019982823	0.99800175
0.9976133	0.002386721
0.9943315	0.005668508
0.0052454337	0.99475455
0.06902796	0.930972
0.0019233559	0.9980767
0.9908556	0.009144417
0.99538136	0.0046186475
0.023416892	0.9765831
0.9962919	0.0037081123
0.9962858	0.003714163
0.99154186	0.008458087
0.9904716	0.009528401
0.99803144	0.001968598
0.064507276	0.9354927
0.004979935	0.99502003
0.02098989	0.9790101
0.98377854	0.016221482
0.996815	0.0031850366
0.014943266	0.9850567
0.99726355	0.0027364916
0.0073772417	0.99262273
0.01736619	0.98263377
0.9598331	0.040166978
0.03134821	0.96865183
0.9915133	0.00848665
0.0037723354	0.99622774
0.017756315	0.9822437
0.011066711	0.9889333
0.0019486989	0.9980513
0.99361163	0.006388345
0.040215302	0.95978475
0.07275329	0.9272467
0.028633924	0.9713661
0.4867015	0.51329845
0.98279184	0.017208196
0.0071375626	0.9928624
0.9928623	0.0071377386
0.9505238	0.049476247
0.0018804434	0.99811953
0.993403	0.006596955
0.99161094	0.008389021
0.0048917057	0.9951083
0.9924142	0.0075858664
0.0024762412	0.9975237
0.9819519	0.018048134
0.99567515	0.004324877
0.0020506247	0.9979494
0.0020882594	0.99791175
0.054175124	0.9458249
0.124951795	0.8750482
0.9983606	0.001639389
0.9969003	0.0030997072
0.99782795	0.00217206
0.020301668	0.9796983
0.0028593105	0.99714077
0.99706453	0.0029354272
0.005303492	0.9946965
0.01151325	0.98848677
0.0073677427	0.9926322
0.07543198	0.92456806
0.9778544	0.022145666
0.0038994635	0.99610054
0.12179019	0.87820977
0.05883202	0.941168
0.99316615	0.0068338634
0.9978822	0.0021177863
0.029213011	0.970787
0.0019464486	0.99805355
0.0021631531	0.9978369
0.5454672	0.45453277
0.013152995	0.986847
0.08549272	0.91450727
0.010452605	0.9895474
0.99671173	0.0032882704
0.0020230128	0.99797696
0.99821895	0.0017810541
0.031295836	0.96870416
0.9548805	0.045119446
0.06640239	0.9335976
0.997468	0.0025320698
0.9752315	0.02476853
0.9975242	0.0024757534
0.98641926	0.013580751
0.23737945	0.76262057
0.08979587	0.9102042
0.99771357	0.0022864074
0.9985285	0.0014714809
0.0033665178	0.99663347
0.99765635	0.0023436386
0.0047843815	0.99521565
0.001919676	0.9980804
0.00547086	0.9945292
0.89047277	0.10952716
0.6669581	0.33304194
0.026239507	0.97376055
0.99737704	0.0026229597
0.0020922327	0.99790776
0.042872198	0.9571278
0.0031521372	0.9968478
0.0017891743	0.9982108
0.0034345877	0.9965654
0.99796593	0.0020341512
0.9814789	0.018521141
0.9949444	0.0050556627
0.9947907	0.005209371
0.06466302	0.93533695
0.102064535	0.89793545
0.5473352	0.45266485
0.073077306	0.92692274
0.9977018	0.0022981786
0.010533777	0.98946625
0.018308457	0.98169154
0.9854615	0.014538476
0.05738738	0.94261265
0.998351	0.0016490937
0.97263294	0.027367009
0.00310509	0.99689484
0.002199977	0.99780005
0.0022973993	0.99770266
0.98737	0.012629942
0.99687874	0.0031212976
0.99840695	0.0015930404
0.9969414	0.0030585772
0.8784545	0.12154555
0.9976031	0.00239692
0.25701898	0.742981
0.99798644	0.0020135236
0.0018830227	0.99811697
0.9951847	0.004815321
0.0021728124	0.9978271
0.0030388378	0.9969612
0.055632915	0.9443671
0.99585885	0.0041411556
0.9980354	0.001964594
0.99364364	0.0063563352
0.9941315	0.00586847
0.0023049584	0.997695
0.02604537	0.9739546
0.0018297327	0.99817026
0.00238454	0.99761546
0.1751275	0.82487255
0.007594479	0.9924055
0.0069845505	0.9930154
0.1998674	0.80013263
0.002123138	0.9978769
0.99745697	0.0025430273
0.002963389	0.9970366
0.0041040885	0.995896
0.013849894	0.9861501
0.0039689527	0.996031
0.99580353	0.004196449
0.99733955	0.0026604482
0.0076214666	0.9923786
0.02500289	0.9749971
0.9979025	0.002097458
0.9961034	0.003896556
0.0026091149	0.9973909
0.010144225	0.98985577
0.0025511014	0.99744886
0.03272606	0.96727395
0.021653574	0.9783464
0.99776995	0.0022300803
0.9981614	0.00183859
0.0037103854	0.9962896
0.9873746	0.012625436
0.9943434	0.005656614
0.019316634	0.9806834
0.99738747	0.002612537
0.98434085	0.015659092
0.006326553	0.99367344
0.013094389	0.98690563
0.05851791	0.94148207
0.0062808655	0.9937191
0.9161164	0.083883606
0.9916716	0.008328339
0.004732673	0.9952674
0.0021517999	0.99784815
0.0019296308	0.9980704
0.015966335	0.9840337
0.019151773	0.9808482
0.007856825	0.99214315
0.050247367	0.94975257
0.0021749868	0.997825
0.059909966	0.94009006
0.9405744	0.05942558
0.007943287	0.99205667
0.98296654	0.017033458
0.99201703	0.007982964
0.009706569	0.9902934
0.0023643102	0.9976357
0.08004584	0.9199541
0.0018049509	0.9981951
0.002059559	0.9979405
0.044535894	0.9554641
0.0070032673	0.99299675
0.9979195	0.0020804605
0.9970579	0.0029420934
0.0020511737	0.9979488
0.9868075	0.01319252
0.0036493056	0.99635065
0.99008673	0.009913292
0.05884206	0.941158
0.032593608	0.9674064
0.0034121173	0.9965879
0.98931456	0.010685417
0.99345934	0.0065406463
0.9825498	0.017450184
0.9899809	0.01001908
0.9971631	0.0028368577
0.99286735	0.007132692
0.96649086	0.033509117
0.00487443	0.9951256
0.9983165	0.0016834385
0.07460791	0.9253921
0.97374886	0.026251081
0.004602146	0.99539787
0.003516332	0.9964837
0.004799549	0.9952004
0.99702686	0.0029731463
0.98936135	0.01063865
0.97749454	0.0225054
0.005251423	0.99474853
0.99828833	0.0017116918
0.014005298	0.9859947
0.9979286	0.002071375
0.012772047	0.9872279
0.002685876	0.99731416
0.002201182	0.99779874
0.009877458	0.9901225
0.99826473	0.0017352583
0.0055752047	0.9944248
0.04516983	0.95483017
0.9957767	0.0042233597
0.9966614	0.0033385996
0.0064127385	0.99358726
0.9969221	0.0030778851
0.0042387983	0.9957612
0.9967884	0.0032116522
0.06260933	0.9373907
0.0033108282	0.99668926
0.040169768	0.9598302
0.9865323	0.013467807
0.997886	0.0021139507
0.9633319	0.03666817
0.0073719355	0.99262804
0.99530256	0.004697411
0.0018979593	0.998102
0.9975466	0.0024533628
0.0020945938	0.9979054
0.99617213	0.003827926
0.0018217327	0.99817824
0.9979596	0.0020403692
0.99845076	0.0015492081
0.96489745	0.03510259
0.0041504866	0.9958495
0.98771626	0.012283689
0.99850285	0.0014971236
0.99374145	0.006258561
0.0020173572	0.9979826
0.99582183	0.004178119
0.9981129	0.0018870878
0.04113071	0.95886934
0.004509866	0.99549013
0.99772054	0.002279451
0.9930276	0.0069723506
0.9886439	0.011356076
0.9964064	0.0035935615
0.00220556	0.9977945
0.0046578594	0.99534214
0.0023360671	0.997664
0.19510774	0.80489224
0.001919695	0.99808025
0.97746164	0.022538329
0.9977064	0.0022935474
0.99219704	0.0078030173
0.001916346	0.9980837
0.021174029	0.978826
0.014222646	0.9857773
0.0031420724	0.9968579
0.054513615	0.9454864
0.98780954	0.01219051
0.008430953	0.9915691
0.9984842	0.0015158512
0.0746831	0.9253169
0.9974638	0.0025362184
0.0028398454	0.9971602
0.9957386	0.0042614127
0.9897014	0.010298639
0.9956827	0.00431727
0.25801015	0.74198985
0.0055206977	0.9944793
0.996899	0.003100942
0.99672973	0.003270252
0.12550144	0.87449855
0.95706546	0.04293456
0.99738735	0.0026126038
0.003249432	0.9967506
0.97709846	0.022901585
0.9940071	0.0059928657
0.9963457	0.0036543144
0.0064134556	0.9935866
0.99772364	0.0022763384
0.046050776	0.9539493
0.02735516	0.9726449
0.9633274	0.036672622
0.0069659585	0.993034
0.052158013	0.94784194
0.004600047	0.9954
0.9770259	0.022974072
0.95728314	0.042716846
0.001960537	0.99803954
0.0017369176	0.99826306
0.9964483	0.0035516818
0.9903374	0.00966263
0.9976549	0.002345103
0.96712244	0.032877643
0.0030964233	0.9969036
0.9964897	0.0035102786
0.879677	0.12032299
0.99619186	0.0038081065
0.9979177	0.0020823325
0.047805477	0.9521945
0.019312546	0.98068744
0.9966247	0.0033752648
0.9913101	0.008689875
0.02303164	0.97696835
0.0026845373	0.99731547
0.07007763	0.92992234
0.00297359	0.9970264
0.04852252	0.95147747
0.0020526084	0.9979474
0.98870057	0.011299437
0.021973101	0.97802687
0.9796117	0.020388285
0.03569902	0.96430105
0.027804876	0.97219515
0.96374553	0.036254417
0.43557757	0.5644224
0.9912846	0.008715404
0.0019352629	0.9980647
0.98873246	0.011267573
0.05117284	0.9488271
0.98273855	0.01726151
0.9977857	0.0022142818
0.00464692	0.9953531
0.008120098	0.9918799
0.9975684	0.0024314956
0.022650143	0.9773498
0.0018720494	0.998128
0.00512851	0.9948715
0.6081251	0.3918749
0.99838746	0.0016125253
0.07092387	0.92907614
0.0022395796	0.9977604
0.042337503	0.95766246
0.001955641	0.9980444
0.0024941247	0.99750584
0.0031030893	0.99689686
0.9950329	0.0049670883
0.59895694	0.401043
0.99556136	0.004438687
0.0052640745	0.9947359
0.0039937235	0.9960063
0.0018434376	0.9981566
0.9984471	0.0015528713
0.12743028	0.87256974
0.017033082	0.9829669
0.0019432646	0.9980567
0.9960576	0.003942331
0.8282776	0.17172241
0.0023626934	0.9976373
0.007935628	0.9920644
0.7731289	0.22687106
0.99811316	0.0018868607
0.008209376	0.99179065
0.93052226	0.069477685
0.9979214	0.0020785886
0.9973807	0.00261931
0.9950067	0.0049932576
0.99768865	0.002311345
0.99507856	0.00492142
0.99382186	0.0061780903
0.998166	0.001833977
0.99803716	0.001962843
0.0021285494	0.9978714
0.9973442	0.0026557962
0.9935881	0.006411866
0.09141643	0.9085836
0.01192085	0.98807913
0.997663	0.0023369943
0.9983853	0.0016147348
0.0019548498	0.9980451
0.9926158	0.0073841796
0.0050007566	0.9949993
0.99839836	0.0016016826
0.994951	0.005048965
0.0019851725	0.9980148
0.9828351	0.01716489
0.036515873	0.9634841
0.03442711	0.96557295
0.99527574	0.0047242935
0.13110588	0.8688941
0.0055196504	0.9944804
0.99572265	0.0042773536
0.9900983	0.009901662
0.09699571	0.9030043
0.9978758	0.0021241754
0.9960998	0.0039001375
0.0043229554	0.99567705
0.0030498856	0.9969501
0.020253308	0.9797467
0.05672779	0.9432722
0.99712175	0.0028782727
0.0035118437	0.9964882
0.017458778	0.98254126
0.99674314	0.0032568614
0.001975305	0.9980247
0.008815608	0.9911844
0.9975369	0.0024630844
0.032399576	0.9676004
0.9863572	0.013642749
0.9967344	0.0032657061
0.99361366	0.0063863355
0.99819225	0.0018077536
0.9982628	0.0017372477
0.0019043656	0.9980957
0.9962842	0.0037158965
0.99600047	0.0039994707
0.99645954	0.0035404135
0.0032072251	0.99679273
0.9984938	0.001506183
0.0022548877	0.9977451
0.99420893	0.0057910997
0.99822944	0.0017706116
0.99850804	0.0014919562
0.8574559	0.14254402
0.99424654	0.0057534645
0.20473589	0.7952641
0.9835602	0.016439792
0.91629994	0.08370004
0.99755764	0.0024423224
0.0019934278	0.99800664
0.002220482	0.99777955
0.05592658	0.94407344
0.0034250144	0.99657494
0.9912015	0.008798467
0.0022072187	0.99779284
0.99688256	0.0031174228
0.98796123	0.012038729
0.0023844016	0.9976156
0.99769187	0.0023082045
0.043350905	0.95664907
0.9941216	0.0058783786
0.027235439	0.97276455
0.0018117505	0.9981882
0.9977047	0.0022953663
0.9772085	0.022791458
0.99609536	0.0039046882
0.091920696	0.9080793
0.99335325	0.0066466886
0.9947194	0.0052805874
0.99717075	0.0028292965
0.996345	0.0036550192
0.99473923	0.0052608377
0.025269935	0.9747301
0.9966678	0.0033321937
0.99134654	0.008653425
0.23169176	0.7683083
0.88580424	0.114195734
0.18771383	0.8122862
0.9984249	0.0015750891
0.0022354852	0.99776447
0.0054139355	0.994586
0.99701333	0.0029866842
0.0036918602	0.9963082
0.99841523	0.0015847312
0.028778076	0.9712219
0.021837354	0.9781626
0.99499667	0.0050032814
0.88138646	0.1186135
0.9250948	0.074905135
0.96709085	0.032909118
0.99819833	0.0018017028
0.0020800252	0.99792
0.98454213	0.015457856
0.9904929	0.009507171
0.9232498	0.07675024
0.9946714	0.0053285672
0.99665666	0.0033433647
0.9963439	0.0036561277
0.991105	0.008894966
0.99687994	0.003120053
0.9781949	0.021805136
0.08246387	0.91753614
0.0026045474	0.9973954
0.006800127	0.9931999
0.06508347	0.93491656
0.99780303	0.0021969029
0.023465782	0.97653425
0.002905465	0.9970945
0.011887636	0.9881124
0.02720562	0.97279435
0.0023226563	0.9976774
0.002955687	0.99704427
0.88070005	0.119300015
0.9948138	0.005186189
0.005069117	0.9949309
0.9950808	0.004919223
0.09866065	0.9013393
0.0033419444	0.9966581
0.046865977	0.95313406
0.060328476	0.93967146
0.9968341	0.0031659717
0.9973381	0.0026619036
0.055280734	0.94471925
0.99832743	0.0016725502
0.011519503	0.98848045
0.0017854177	0.9982146
0.98547506	0.014524913
0.0074162814	0.99258375
0.9912066	0.008793386
0.037322957	0.96267706
0.0021091918	0.9978908
0.004326097	0.99567384
0.98814034	0.011859651
0.0035799828	0.99642
0.0022077246	0.99779224
0.9961274	0.0038726272
0.058410924	0.9415891
0.008737836	0.9912622
0.9976611	0.002338849
0.0020369815	0.9979631
0.009229118	0.9907708
0.013321035	0.9866789
0.012508222	0.9874917
0.99366814	0.006331852
0.040877037	0.9591229
0.963835	0.036164943
0.9953317	0.0046683187
0.93165195	0.06834809
0.026009658	0.9739904
0.99746597	0.0025340347
0.99796706	0.0020329084
0.006109468	0.9938905
0.0046135467	0.9953864
0.9984372	0.0015627437
0.9897466	0.010253376
0.9773951	0.022604834
0.010660826	0.9893392
0.0034843378	0.99651563
0.034401067	0.96559894
0.97638345	0.023616573
0.9906504	0.009349595
0.0020963647	0.9979036
0.0025643052	0.99743575
0.99831945	0.0016805448
0.78978187	0.21021809
0.9890939	0.01090615
0.98700714	0.012992839
0.8731037	0.12689634
0.0073946794	0.9926053
0.014679798	0.98532015
0.002057031	0.997943
0.0020349023	0.9979651
0.9950258	0.0049742158
0.116185196	0.8838148
0.02158895	0.9784111
0.0026270172	0.997373
0.9954094	0.0045905984
0.9937453	0.006254683
0.023122016	0.97687805
0.00190665	0.9980933
0.97025776	0.029742269
0.0034857423	0.99651426
0.12018248	0.87981755
0.9875037	0.012496306
0.005075494	0.9949244
0.9966943	0.003305701
0.018793086	0.98120695
0.99270564	0.0072943447
0.9975247	0.0024753225
0.002322241	0.99767774
0.9894772	0.010522718
0.99669707	0.003302984
0.04504248	0.95495754
0.005523625	0.9944764
0.03448837	0.96551156
0.002522242	0.9974777
0.9072595	0.09274048
0.993335	0.0066650254
0.03729337	0.9627067
0.998287	0.0017129863
0.9956541	0.0043458836
0.9223574	0.07764266
0.0027602685	0.9972397
0.11374609	0.88625395
0.9931867	0.006813311
0.0019577192	0.9980422
0.0022033362	0.99779665
0.028457278	0.9715427
0.0018522235	0.99814785
0.9890042	0.010995858
0.005231876	0.99476814
0.99806577	0.0019342351
0.99719834	0.0028016837
0.96386147	0.036138497
0.83720547	0.16279453
0.0027377098	0.99726224
0.9969337	0.0030663337
0.9915393	0.008460711
0.99402195	0.005977997
0.06284846	0.9371515
0.9954816	0.004518376
0.97335386	0.026646154
0.9680359	0.031964093
0.9983773	0.0016226037
0.001952061	0.99804795
0.17858821	0.8214118
0.026220778	0.97377914
0.9701862	0.029813807
0.977114	0.022886025
0.010785004	0.98921496
0.99453294	0.005467039
0.9979639	0.0020360567
0.03530344	0.9646966
0.99601525	0.003984688
0.97661793	0.0233821
0.9966742	0.0033258244
0.0019034586	0.9980965
0.99741983	0.0025801307
0.0155057665	0.98449427
0.9635071	0.036492918
0.004193718	0.9958062
0.99703765	0.0029624007
0.005818839	0.9941811
0.0038164873	0.99618345
0.009016769	0.99098325
0.0021390202	0.99786097
0.99655056	0.0034494163
0.99010885	0.009891154
0.007851832	0.9921482
0.9980015	0.0019984944
0.07122923	0.92877084
0.9953382	0.0046617384
0.0023107908	0.99768925
0.9938524	0.0061475732
0.012598935	0.98740107
0.9968088	0.0031911677
0.034437742	0.9655623
0.0020017228	0.9979983
0.002325458	0.9976745
0.5527954	0.44720465
0.9924973	0.0075026583
0.024185091	0.9758149
0.99682826	0.0031717662
0.9939912	0.0060088057
0.0020270543	0.9979729
0.9977969	0.0022030992
0.07159494	0.9284051
0.99180883	0.00819121
0.9982724	0.0017275795
0.012148795	0.9878512
0.03910853	0.96089154
0.99771523	0.0022847806
0.0030704995	0.99692947
0.03380621	0.96619374
0.04530672	0.95469326
0.9984535	0.0015464511
0.058656055	0.94134396
0.9982786	0.0017213605
0.9970095	0.0029904523
0.99769527	0.002304702
0.017464908	0.9825351
0.77552235	0.22447763
0.993893	0.006106967
0.0473517	0.95264834
0.0020326346	0.9979673
0.9966434	0.0033566135
0.99580234	0.004197683
0.042447034	0.9575529
0.09456957	0.9054304
0.0038441396	0.9961559
0.0036064754	0.9963935
0.9815161	0.018483857
0.070976496	0.92902344
0.025357578	0.97464246
0.043417525	0.9565824
0.89215016	0.10784979
0.99817276	0.0018272663
0.99591136	0.0040886505
0.9919469	0.008053103
0.9971318	0.0028681075
0.00203779	0.99796224
0.0038605826	0.99613947
0.010839287	0.9891607
0.995135	0.004864979
0.9959369	0.004063081
0.00572712	0.9942729
0.006500641	0.9934994
0.9964341	0.0035658958
0.00808794	0.991912
0.91716534	0.082834646
0.015448868	0.98455113
0.060199805	0.9398002
0.9954057	0.004594302
0.99774987	0.0022501745
0.9972626	0.0027373843
0.9907169	0.009283113
0.99094087	0.009059056
0.99694985	0.0030501669
0.9831254	0.016874537
0.9879617	0.012038269
0.9939454	0.0060545625
0.9438746	0.05612545
0.9810052	0.01899482
0.99806195	0.0019380206
0.97568196	0.024318047
0.03129942	0.9687006
0.029421631	0.9705784
0.07024933	0.92975074
0.032506514	0.96749353
0.0023979053	0.99760216
0.1827321	0.81726795
0.0019728998	0.998027
0.98184264	0.018157437
0.055193022	0.944807
0.10131401	0.898686
0.48427275	0.5157272
0.93140286	0.068597145
0.9931504	0.006849578
0.04478132	0.9552187
0.008994273	0.9910058
0.043672275	0.9563277
0.99762315	0.002376866
0.9828063	0.017193655
0.9959971	0.004002891
0.047838107	0.95216185
0.004458091	0.9955419
0.0687155	0.9312844
0.9978479	0.0021520844
0.0054364176	0.99456364
0.14215061	0.85784936
0.99774325	0.0022567615
0.99584985	0.004150156
0.0018725697	0.9981274
0.0019488734	0.99805117
0.9499535	0.050046522
0.002111202	0.99788874
0.9981194	0.0018805042
0.9981592	0.0018407159
0.9979474	0.0020525886
0.9943123	0.005687735
0.002123748	0.9978763
0.9947635	0.0052364543
0.97804743	0.021952532
0.99726874	0.0027312576
0.048713923	0.9512861
0.16769072	0.8323093
0.9911999	0.008800114
0.9954	0.00460003
0.99842715	0.00157285
0.019653147	0.9803468
0.9884035	0.011596515
0.024691064	0.97530895
0.9386806	0.06131944
0.17586404	0.82413596
0.988062	0.011937925
0.0048633446	0.9951367
0.9949772	0.0050228178
0.114591934	0.8854081
0.99625236	0.003747679
0.08388775	0.91611224
0.0027351386	0.99726486
0.03242017	0.9675798
0.9973654	0.0026345965
0.91819185	0.08180813
0.9959688	0.004031193
0.0019101222	0.99808985
0.99709415	0.0029057853
0.0020812014	0.9979188
0.0049360623	0.99506396
0.7322182	0.26778182
0.99725926	0.002740737
0.010385814	0.9896142
0.04130797	0.958692
0.0018235928	0.99817646
0.0065819165	0.9934181
0.010120567	0.9898795
0.99757403	0.0024259638
0.0025529927	0.997447
0.99761534	0.0023846712
0.9969035	0.0030964848
0.013885165	0.98611486
0.028910171	0.97108984
0.05024898	0.94975096
0.39779007	0.6022099
0.0038348783	0.99616516
0.87639457	0.12360544
0.0039254776	0.99607456
0.004753919	0.9952461
0.0036594016	0.9963406
0.0041269143	0.99587303
0.968733	0.03126702
0.9969212	0.0030788453
0.8659919	0.13400812
0.96428794	0.03571208
0.0067398297	0.9932602
0.9970584	0.0029415803
0.9959722	0.0040278174
0.98058057	0.019419422
0.97584903	0.024150968
0.996959	0.0030411035
0.011976002	0.98802394
0.023288285	0.97671175
0.9934469	0.006553073
0.9941592	0.0058408105
0.054691557	0.9453085
0.004825415	0.9951746
0.087598	0.91240203
0.99720395	0.0027960513
0.99765694	0.0023429873
0.99516726	0.004832734
0.0051593613	0.9948407
0.99623775	0.0037622703
0.0022384992	0.9977615
0.024061624	0.9759384
0.9898627	0.010137328
0.99796665	0.0020334038
0.0023928222	0.9976071
0.0069963573	0.99300367
0.027286422	0.9727136
0.0018752766	0.99812466
0.9763647	0.023635326
0.8006906	0.19930945
0.97560424	0.024395745
0.99805284	0.0019471889
0.9890698	0.010930123
0.99725324	0.0027468214
0.040535454	0.95946455
0.005122679	0.9948774
0.9970011	0.0029989148
0.99489117	0.0051087774
0.0029662945	0.9970337
0.99836034	0.0016397046
0.99685067	0.0031493278
0.0020730353	0.99792695
0.0026820672	0.99731797
0.9984158	0.0015841352
0.005706854	0.9942932
0.9979354	0.0020645591
0.07246043	0.9275395
0.99812084	0.0018791462
0.0020811558	0.9979189
0.9983588	0.001641193
0.003867682	0.9961324
0.00536509	0.994635
0.024424296	0.97557575
0.9942134	0.005786599
0.005850071	0.9941499
0.013197964	0.98680204
0.010192853	0.9898072
0.013344244	0.9866557
0.002770261	0.99722975
0.007358563	0.9926414
0.0034694357	0.9965306
0.011414985	0.98858494
0.99634993	0.0036500236
0.99612695	0.0038730428
0.0026276521	0.9973724
0.003735789	0.99626416
0.9948367	0.005163295
0.08490725	0.91509277
0.99060434	0.009395657
0.07127617	0.9287238
0.99431723	0.005682808
0.9959197	0.0040802867
0.98925006	0.010749888
0.008354538	0.9916455
0.002315611	0.99768436
0.98248625	0.017513717
0.016402632	0.98359734
0.0030781312	0.99692184
0.9935173	0.0064827944
0.036287747	0.9637122
0.15535703	0.844643
0.99783784	0.0021621233
0.99698275	0.0030172134
0.9969072	0.0030928382
0.8319112	0.16808887
0.001855301	0.99814475
0.9908043	0.009195714
0.98331577	0.016684227
0.044976704	0.95502335
0.0024331743	0.9975668
0.99474347	0.005256567
0.011184779	0.98881525
0.002197106	0.9978029
0.9974023	0.0025977634
0.9981974	0.0018026163
0.9961761	0.0038239097
0.9907444	0.009255582
0.91934764	0.08065234
0.9949698	0.0050302586
0.043398447	0.9566015
0.9977907	0.0022093074
0.0022015444	0.9977984
0.00714787	0.99285215
0.9981635	0.0018365401
0.0025903683	0.99740964
0.9984195	0.0015804351
0.0041271616	0.9958728
0.15589704	0.84410304
0.99808794	0.001912077
0.04849389	0.9515061
0.0037626922	0.9962373
0.051643666	0.94835633
0.9654974	0.03450262
0.99456525	0.005434762
0.0019778467	0.9980222
0.96064174	0.039358296
0.99834585	0.0016541491
0.94693816	0.053061858
0.99496436	0.005035712
0.00327046	0.9967295
0.0025764303	0.99742365
0.012184969	0.987815
0.9962075	0.0037925493
0.9323055	0.06769453
0.00328762	0.9967123
0.99771935	0.0022806148
0.9972631	0.002736869
0.99672997	0.0032699783
0.99164456	0.008355399
0.003300157	0.99669987
0.9978496	0.0021504448
0.09872711	0.9012729
0.21642989	0.78357005
0.00671929	0.9932807
0.9873976	0.012602441
0.0020765807	0.9979234
0.9922943	0.0077056447
0.033637427	0.9663626
0.0021301948	0.99786973
0.15012908	0.849871
0.95463884	0.045361146
0.012863778	0.98713624
0.0074038375	0.9925962
0.36994028	0.6300597
0.2656005	0.7343995
0.005775196	0.99422485
0.99828196	0.0017180665
0.0035918239	0.99640816
0.98729765	0.012702341
0.9954841	0.004515954
0.01385842	0.9861415
0.9958818	0.0041181915
0.99632156	0.0036784217
0.9731367	0.026863297
0.0019352682	0.9980647
0.015633475	0.98436654
0.0021655364	0.9978345
0.99449027	0.0055097286
0.011483504	0.98851645
0.03582317	0.9641768
0.047631502	0.95236844
0.99848723	0.0015127395
0.9975478	0.0024522333
0.010314709	0.9896853
0.003138377	0.9968617
0.99735653	0.0026435053
0.99732274	0.002677297
0.0020097692	0.99799025
0.020983784	0.9790162
0.0031570888	0.996843
0.004968493	0.9950315
0.03082631	0.96917367
0.0022268891	0.9977731
0.004705377	0.99529463
0.9976599	0.0023400555
0.9966403	0.0033596936
0.016231751	0.9837683
0.990271	0.009729008
0.11901051	0.88098943
0.9753593	0.024640715
0.9985421	0.0014579576
0.99402964	0.005970412
0.99822277	0.0017772474
0.99840695	0.0015930572
0.016483335	0.98351663
0.99716264	0.0028373771
0.004734506	0.9952655
0.0024123783	0.9975877
0.046781782	0.9532182
0.0019849497	0.99801505
0.06918957	0.93081045
0.0040951	0.995905
0.99282926	0.0071707075
0.99626094	0.0037390848
0.995993	0.004007
0.9954764	0.0045235697
0.9973361	0.0026638538
0.9863978	0.013602256
0.15959327	0.8404067
0.0033339679	0.996666
0.004680498	0.9953194
0.04013895	0.9598611
0.0019365123	0.9980635
0.9959468	0.004053237
0.05507984	0.9449201
0.0303714	0.9696286
0.9905426	0.009457458
0.99637103	0.003628978
0.34565693	0.65434307
0.049396466	0.9506036
0.0020808885	0.99791914
0.99704903	0.0029510045
0.04761182	0.9523881
0.0065106293	0.9934894
0.9847601	0.015239903
0.02781358	0.97218645
0.06861053	0.9313895
0.007144825	0.99285525
0.0020218308	0.99797815
0.0020909652	0.99790907
0.99530905	0.004690946
0.0031408228	0.9968592
0.9824702	0.017529713
0.98810685	0.011893159
0.008842394	0.9911576
0.0030074038	0.9969926
0.995845	0.0041549867
0.99572396	0.0042759846
0.00432705	0.9956729
0.9957526	0.0042474153
0.99639195	0.0036080438
0.9967384	0.0032616388
0.99816763	0.001832342
0.011634007	0.988366
0.8726349	0.12736514
0.99802434	0.0019756444
0.003933912	0.99606615
0.9875573	0.012442749
0.46178296	0.53821707
0.032938886	0.9670611
0.99155265	0.008447288
0.0061172387	0.9938828
0.097395495	0.9026045
0.0050522434	0.9949478
0.0018091472	0.9981908
0.027060632	0.9729393
0.056593277	0.9434067
0.9908382	0.009161762
0.99683714	0.0031628113
0.045214172	0.9547858
0.0036683972	0.99633163
0.88467383	0.11532617
0.015747381	0.98425263
0.09721816	0.90278184
0.9957445	0.0042555165
0.021194907	0.97880507
0.9974636	0.0025364307
0.9944511	0.0055488385
0.9382136	0.06178645
0.07474089	0.9252591
0.004431909	0.9955681
0.9960419	0.0039581284
0.9958299	0.004170064
0.014053435	0.9859466
0.99834573	0.0016542247
0.028077405	0.97192264
0.02913551	0.9708645
0.9973084	0.0026916142
0.98173726	0.018262735
0.03805628	0.9619437
0.02132792	0.978672
0.9966709	0.0033291674
0.9884008	0.011599176
0.9965109	0.0034891216
0.99731404	0.0026859574
0.99566627	0.0043337485
0.99765694	0.002343059
0.03454804	0.9654519
0.3746792	0.6253208
0.0057977918	0.9942022
0.9984297	0.0015702096
0.017089803	0.9829102
0.086830445	0.9131695
0.9930727	0.006927358
0.0024380367	0.99756193
0.013141922	0.986858
0.07638715	0.92361283
0.018701214	0.98129874
0.0088593215	0.99114066
0.99702865	0.0029713174
0.0021862658	0.9978137
0.9969984	0.0030015719
0.9868569	0.01314311
0.30267006	0.6973299
0.0032544245	0.9967456
0.002121282	0.9978788
0.9983127	0.0016873104
0.9878572	0.012142789
0.99530184	0.0046981336
0.9969138	0.003086169
0.99527586	0.0047240965
0.22375283	0.77624714
0.99292177	0.0070782276
0.0018588073	0.99814117
0.02200468	0.9779953
0.9970696	0.0029304288
0.99791926	0.0020807895
0.98351616	0.016483853
0.013735426	0.9862645
0.002815377	0.9971846
0.99582064	0.0041793697
0.0126624275	0.9873376
0.9249165	0.07508344
0.0022292084	0.9977708
0.9948138	0.005186243
0.20797412	0.7920259
0.08016738	0.91983265
0.9934568	0.0065431683
0.98564875	0.014351268
0.9974667	0.002533291
0.031247178	0.9687528
0.11848392	0.88151604
0.996342	0.0036579762
0.004604984	0.995395
0.072182745	0.9278172
0.015734784	0.9842652
0.99827516	0.0017248852
0.9960691	0.0039309636
0.041881226	0.9581188
0.9951881	0.0048118276
0.01692663	0.98307335
0.0021022162	0.99789774
0.011358684	0.9886413
0.85288906	0.14711092
0.97257555	0.027424421
0.18662433	0.8133757
0.0020964346	0.9979036
0.99701655	0.0029834744
0.0019848032	0.99801517
0.99790275	0.0020972646
0.0036845221	0.99631554
0.9947844	0.005215606
0.9959978	0.004002245
0.0020703345	0.9979297
0.0021860464	0.99781394
0.016980119	0.9830199
0.9956102	0.0043898597
0.99845636	0.001543608
0.9633592	0.036640882
0.9978415	0.002158529
0.0017391631	0.9982608
0.98746115	0.012538813
0.87392277	0.12607725
0.9975037	0.00249631
0.070487455	0.92951256
0.0019056358	0.9980944
0.9971511	0.0028489938
0.989754	0.010245981
0.08968229	0.9103177
0.9980883	0.0019116437
0.9955478	0.004452178
0.0022839983	0.99771607
0.062772095	0.9372279
0.10017328	0.89982677
0.9983364	0.001663636
0.99794346	0.0020565426
0.07434939	0.92565066
0.99832326	0.0016766787
0.99599886	0.0040011615
0.07889902	0.9211009
0.9983442	0.0016558124
0.006287039	0.99371296
0.7885663	0.21143372
0.004134475	0.9958656
0.0044354196	0.9955646
0.9976769	0.0023231457
0.8948744	0.10512562
0.06863434	0.9313656
0.98109895	0.018901099
0.99722904	0.002770893
0.88589156	0.114108406
0.001887085	0.9981129
0.9983277	0.0016723059
0.9798323	0.020167686
0.004024802	0.9959752
0.9974165	0.0025834746
0.97987366	0.020126352
0.95898354	0.041016407
0.9955778	0.0044221873
0.9971908	0.0028092205
0.9962179	0.0037821503
0.0046952358	0.9953048
0.99511045	0.004889506
0.02549884	0.97450113
0.99782073	0.002179288
0.112281695	0.8877183
0.0025701174	0.9974299
0.014021587	0.9859784
0.017450903	0.9825491
0.90545297	0.09454699
0.9735743	0.026425753
0.9970342	0.002965812
0.0034463296	0.99655366
0.99832815	0.0016718442
0.0023858128	0.99761415
0.002109507	0.99789053
0.9975293	0.002470735
0.9981325	0.0018674557
0.99718326	0.002816652
0.0018034598	0.99819654
0.9981171	0.0018829162
0.0021104591	0.9978896
0.013949779	0.9860502
0.9811422	0.018857745
0.035488434	0.9645116
0.0035859817	0.996414
0.004391192	0.99560887
0.002484696	0.9975153
0.99524164	0.0047583943
0.019588528	0.9804114
0.9983872	0.0016127509
0.9858629	0.014137073
0.002022695	0.9979773
0.0025133207	0.9974867
0.9878109	0.0121890735
0.0018884832	0.9981115
0.047788456	0.9522116
0.99725217	0.0027478205
0.99777204	0.0022279443
0.9910631	0.008936899
0.038068827	0.9619311
0.9982034	0.0017965373
0.91533375	0.08466623
0.05319602	0.9468039
0.013403084	0.9865969
0.0019029964	0.998097
0.5421717	0.45782825
0.0030515306	0.99694854
0.99837995	0.0016200313
0.99418914	0.005810867
0.99736077	0.002639204
0.046540037	0.95346004
0.99665195	0.003348122
0.011708913	0.9882911
0.011163609	0.9888364
0.9911679	0.008832073
0.99581593	0.0041840198
0.95794255	0.04205744
0.09362943	0.9063705
0.9736736	0.026326405
0.0020649799	0.99793506
0.9353276	0.06467237
0.004214499	0.99578553
0.0018300185	0.99817
0.0019835408	0.9980165
0.0019702674	0.99802977
0.65650487	0.34349507
0.008571567	0.99142843
0.0019806789	0.99801934
0.9964509	0.0035490943
0.9912787	0.008721314
0.008446257	0.9915537
0.7688576	0.2311424
0.98892224	0.011077737
0.0037954024	0.9962047
0.99546474	0.004535331
0.6827976	0.31720233
0.99764603	0.0023539742
0.0020873048	0.9979127
0.0024278157	0.9975721
0.002091791	0.99790823
0.9948007	0.005199357
0.10105721	0.8989428
0.99835926	0.0016407211
0.9977538	0.0022461612
0.98076606	0.019233864
0.004126705	0.9958733
0.89557976	0.10442028
0.98371303	0.016286978
0.966606	0.03339405
0.0033259827	0.99667406
0.99599373	0.004006219
0.0026158278	0.99738413
0.015954742	0.98404527
0.9831387	0.016861364
0.98939145	0.010608498
0.9940064	0.0059935907
0.99762124	0.0023787527
0.99604297	0.0039570117
0.9960824	0.0039175134
0.0031471606	0.9968528
0.98929137	0.010708609
0.9296183	0.070381716
0.0027786912	0.99722135
0.017604316	0.9823957
0.9972651	0.002734915
0.001904149	0.9980958
0.0031584667	0.99684155
0.99520195	0.0047980417
0.9976687	0.0023313023
0.9946708	0.0053292043
0.003430621	0.9965694
0.09072579	0.90927416
0.018967032	0.98103297
0.03705214	0.9629479
0.9943891	0.0056108395
0.99725205	0.002747895
0.99238354	0.007616476
0.094598934	0.90540105
0.016822714	0.98317724
0.04220999	0.95778996
0.19816314	0.80183685
0.08165292	0.91834706
0.03599624	0.96400374
0.0043941513	0.9956059
0.9957349	0.004265218
0.0180063	0.98199373
0.9977063	0.0022937136
0.9766162	0.023383807
0.038882855	0.9611171
0.99624205	0.0037579227
0.9977423	0.0022577744
0.9924638	0.0075361156
0.0042796936	0.9957203
0.93445	0.06555002
0.9969117	0.0030883043
0.0050321203	0.9949679
0.043922197	0.9560779
0.019526012	0.980474
0.9157543	0.08424566
0.9912894	0.008710661
0.99592894	0.004070986
0.014718009	0.985282
0.9909486	0.009051319
0.99721885	0.0027810873
0.7046526	0.2953474
0.99510115	0.004898837
0.0122165065	0.9877835
0.99376416	0.006235811
0.0050556287	0.9949444
0.99391264	0.0060873814
0.004500289	0.9954997
0.98882794	0.011172087
0.22525181	0.7747482
0.99688894	0.0031110144
0.93992805	0.06007189
0.069357716	0.93064225
0.99840564	0.001594344
0.99652314	0.0034769285
0.0076287906	0.9923712
0.99479204	0.0052079028
0.0021183768	0.9978816
0.004869187	0.9951308
0.024089655	0.9759103
0.0022732432	0.99772674
0.5001034	0.4998966
0.9980756	0.0019243428
0.9935662	0.006433748
0.95580673	0.04419333
0.99464697	0.005352976
0.47023106	0.529769
0.0057646856	0.99423534
0.99820733	0.0017926986
0.0022214148	0.9977786
0.9964804	0.003519615
0.002045396	0.9979546
0.99797314	0.0020267959
0.008161342	0.99183863
0.996274	0.0037260286
0.9967133	0.0032867456
0.9664382	0.033561826
0.017346673	0.9826533
0.0030893013	0.99691075
0.037660725	0.96233934
0.4501494	0.54985064
0.99683607	0.0031639528
0.97054815	0.029451849
0.99579805	0.004201939
0.9980964	0.0019036435
0.9974673	0.0025327806
0.993004	0.006995943
0.07327746	0.9267225
0.0019419091	0.998058
0.93410283	0.065897115
0.041774586	0.9582254
0.0038494312	0.9961506
0.99812716	0.001872889
0.96237123	0.03762871
0.8683252	0.1316749
0.9983113	0.0016887231
0.9970853	0.002914688
0.99811494	0.0018851139
0.9937356	0.006264423
0.9863114	0.013688549
0.0019696157	0.99803036
0.01048914	0.98951083
0.9953689	0.0046310276
0.0054477914	0.9945522
0.98166853	0.018331427
0.002492015	0.9975079
0.09300735	0.9069926
0.9881947	0.011805269
0.9945469	0.005453119
0.0023561048	0.9976439
0.99263775	0.007362214
0.14536223	0.85463774
0.053970788	0.94602925
0.99472815	0.0052719004
0.0040906523	0.99590933
0.001919771	0.99808025
0.7874714	0.21252859
0.06455687	0.93544316
0.0039403937	0.99605966
0.020472793	0.9795272
0.0020688353	0.9979311
0.09381258	0.9061875
0.9909079	0.009092059
0.9975744	0.0024256457
0.03253378	0.9674662
0.031411875	0.9685882
0.9968359	0.0031641014
0.052847534	0.94715244
0.02454524	0.9754548
0.006241836	0.9937582
0.9980059	0.0019940396
0.0064776735	0.99352235
0.055448983	0.94455105
0.9866008	0.013399175
0.00934013	0.9906599
0.0031795094	0.99682045
0.060849898	0.9391501
0.023085715	0.97691435
0.022837225	0.9771627
0.022722173	0.9772778
0.006388793	0.99361116
0.038154066	0.961846
0.99825674	0.0017432593
0.004221625	0.9957783
0.98913026	0.010869688
0.99790835	0.0020916935
0.041055664	0.9589443
0.0024925035	0.99750745
0.99174386	0.008256095
0.0028611338	0.99713886
0.025185155	0.97481483
0.83138293	0.16861707
0.9969483	0.0030516868
0.9970055	0.0029944326
0.99607867	0.003921307
0.99611807	0.0038819239
0.7622282	0.23777184
0.13211948	0.8678806
0.00208398	0.99791604
0.93758124	0.062418744
0.9837393	0.016260711
0.001752768	0.99824727
0.13100228	0.86899775
0.9978472	0.002152824
0.98782617	0.012173886
0.014551906	0.98544806
0.9971522	0.00284773
0.99778324	0.0022167442
0.004559224	0.9954407
0.9942021	0.0057978737
0.007159358	0.99284065
0.96590614	0.034093857
0.0029505847	0.99704933
0.017877927	0.98212206
0.9963062	0.0036937967
0.9944648	0.0055351835
0.99002576	0.0099742
0.99617887	0.0038211348
0.006096802	0.9939032
0.98919135	0.010808666
0.005426835	0.9945732
0.024243286	0.97575676
0.92980707	0.07019292
0.0024610746	0.9975389
0.77902025	0.22097972
0.002769344	0.9972307
0.9930496	0.0069503747
0.96819824	0.031801805
0.016614847	0.9833852
0.0029886528	0.9970113
0.0031834412	0.9968166
0.9854065	0.014593491
0.98867446	0.0113256015
0.03796642	0.9620336
0.0022484772	0.99775153
0.0040989146	0.99590105
0.0027909798	0.997209
0.004172746	0.99582726
0.04235222	0.9576478
0.99738616	0.002613904
0.013264709	0.98673534
0.3514779	0.64852214
0.99807703	0.0019230035
0.99817824	0.0018217127
0.94302285	0.05697714
0.0024250504	0.997575
0.98847824	0.0115217175
0.98374903	0.016250918
0.99057627	0.009423707
0.028999165	0.9710008
0.0029051737	0.99709487
0.99571073	0.0042893263
0.0040234183	0.9959766
0.99579996	0.0042000576
0.006931375	0.9930687
0.9954685	0.0045314548
0.9983803	0.0016197291
0.06523444	0.9347656
0.0030750863	0.99692494
0.0045790994	0.9954209
0.9184289	0.08157112
0.99843067	0.0015692867
0.9975318	0.0024682083
0.99391264	0.0060873027
0.9345443	0.06545568
0.99698657	0.0030134965
0.9965587	0.003441296
0.9775929	0.022407144
0.9945311	0.00546895
0.005150589	0.9948494
0.99621564	0.0037843317
0.9960224	0.003977631
0.99832934	0.0016707146
0.99721223	0.0027878284
0.024472646	0.9755274
0.99669397	0.0033060089
0.09532544	0.90467453
0.9960771	0.0039228797
0.9971168	0.0028832462
0.0021224853	0.9978775
0.010930175	0.9890698
0.9826533	0.017346622
0.0043608434	0.9956391
0.026934214	0.97306573
0.005339228	0.9946608
0.22696632	0.7730337
0.99766564	0.0023344161
0.99324363	0.006756359
0.99683714	0.0031628096
0.99791425	0.0020857002
0.98006105	0.019938936
0.0035228375	0.9964772
0.9984139	0.001586095
0.002167728	0.99783224
0.22447254	0.7755275
0.994179	0.0058209524
0.0019296088	0.9980704
0.02471511	0.97528493
0.9972959	0.0027041335
0.02751525	0.97248477
0.14819193	0.85180813
0.010430409	0.98956954
0.053306896	0.9466931
0.9774081	0.022591937
0.53091383	0.46908623
0.9869344	0.013065544
0.066915646	0.9330843
0.016708786	0.98329127
0.019394323	0.98060566
0.0019604547	0.99803954
0.96730286	0.032697167
0.99539596	0.0046039913
0.997352	0.0026479568
0.0033920587	0.9966079
0.06536171	0.9346383
0.01164236	0.9883576
0.03353599	0.966464
0.0029381402	0.9970618
0.99659723	0.003402771
0.17941771	0.82058233
0.0024329857	0.99756706
0.0051144715	0.9948855
0.99587184	0.00412813
0.15418266	0.8458173
0.41488656	0.5851134
0.001903975	0.99809605
0.002724626	0.9972754
0.9945398	0.005460165
0.0019083295	0.99809164
0.9979627	0.0020373208
0.98367393	0.016326062
0.9922323	0.0077676326
0.064760014	0.93524
0.9937403	0.0062596933
0.008886486	0.9911135
0.9981907	0.0018092807
0.0040515126	0.9959485
0.64795434	0.35204566
0.01627282	0.9837272
0.47405168	0.52594835
0.99646676	0.0035332476
0.0024325598	0.9975674
0.022161039	0.977839
0.99325174	0.0067482195
0.99842274	0.0015772404
0.9976355	0.0023644944
0.002221807	0.99777824
0.0083164945	0.9916835
0.47264144	0.52735853
0.9971016	0.0028983608
0.15383314	0.84616685
0.98583466	0.014165399
0.02162424	0.97837573
0.01568176	0.98431826
0.9880564	0.011943556
0.0019206736	0.9980793
0.01367469	0.9863253
0.14023994	0.85976005
0.97377986	0.026220115
0.002807191	0.9971928
0.007564082	0.9924359
0.006158491	0.9938415
0.0019738493	0.9980261
0.09137215	0.90862787
0.9889203	0.011079723
0.99450797	0.0054921
0.016767964	0.983232
0.9971156	0.0028843854
0.11563146	0.88436854
0.04660813	0.95339185
0.061387785	0.93861216
0.007908811	0.9920912
0.99769187	0.0023082069
0.12707758	0.8729224
0.013415556	0.9865845
0.004045589	0.9959544
0.9868046	0.013195425
0.9856231	0.014376903
0.9982303	0.0017697547
0.008034065	0.991966
0.032014742	0.9679853
0.009917982	0.9900821
0.029155498	0.9708445
0.013958486	0.9860415
0.99673575	0.003264191
0.037127815	0.9628722
0.9981768	0.0018231377
0.0046472466	0.99535275
0.99117965	0.008820376
0.003477854	0.9965222
0.005320657	0.99467933
0.033942033	0.96605796
0.99785185	0.0021481335
0.018740283	0.98125976
0.8596977	0.14030226
0.0075445343	0.9924555
0.34497556	0.6550244
0.9970522	0.002947785
0.020631783	0.9793682
0.011018927	0.9889811
0.007163006	0.992837
0.070415914	0.92958415
0.9973218	0.0026781908
0.0071380557	0.9928619
0.99173814	0.0082618985
0.9965095	0.0034905225
0.9840158	0.015984144
0.018233286	0.98176664
0.025635656	0.9743644
0.08637514	0.9136248
0.002161828	0.9978382
0.89552355	0.104476504
0.0033103358	0.9966897
0.98835504	0.011644912
0.05303508	0.9469649
0.030411977	0.96958804
0.004552538	0.99544746
0.21172038	0.78827965
0.99695563	0.003044329
0.011730341	0.9882697
0.061223105	0.9387769
0.0025661502	0.99743384
0.036466174	0.96353376
0.9883825	0.011617538
0.99753225	0.0024676716
0.9978823	0.002117613
0.9982017	0.001798238
0.04334011	0.95665985
0.9914589	0.008541072
0.031083226	0.9689168
0.99550784	0.004492123
0.0023222123	0.99767786
0.81164503	0.188355
0.0019819688	0.998018
0.99675685	0.0032431846
0.9978537	0.0021462548
0.99708563	0.0029143277
0.99651116	0.0034888743
0.036066648	0.96393335
0.048042864	0.9519571
0.9943386	0.0056613977
0.9956986	0.004301413
0.0095371045	0.99046296
0.05914996	0.9408501
0.9969855	0.003014515
0.92889124	0.07110879
0.99529785	0.004702131
0.9972307	0.002769244
0.0058149733	0.99418503
0.0023712306	0.99762875
0.9810478	0.01895226
0.0828721	0.91712797
0.9933929	0.006607141
0.9983783	0.0016217375
0.001828205	0.9981718
0.0034593244	0.9965406
0.9983302	0.0016697905
0.8776629	0.12233711
0.0018989596	0.99810106
0.99763584	0.002364216
0.9958306	0.004169439
0.033621237	0.96637875
0.0051612095	0.9948388
0.9984534	0.0015465504
0.9879595	0.012040464
0.99644023	0.0035597237
0.996986	0.0030140565
0.92158604	0.07841392
0.085520685	0.91447926
0.0019622415	0.99803776
0.9968754	0.0031245188
0.9974089	0.0025910977
0.9504979	0.049502075
0.0029055616	0.9970944
0.012580482	0.98741955
0.008651781	0.9913482
0.83346826	0.16653174
0.002128879	0.99787116
0.0039743963	0.99602556
0.9973346	0.0026654534
0.008938065	0.9910619
0.9800837	0.01991627
0.99479455	0.0052054874
0.0030205115	0.9969795
0.9919808	0.008019289
0.0022747847	0.9977252
0.9973699	0.0026300799
0.9540476	0.045952298
0.98395294	0.016047101
0.97577775	0.024222292
0.9145761	0.08542392
0.9649152	0.03508477
0.99583554	0.004164466
0.002651455	0.99734855
0.9916059	0.008394108
0.033329498	0.9666705
0.037234865	0.9627651
0.0024609002	0.99753916
0.002050312	0.99794966
0.9034957	0.09650426
0.01944356	0.98055637
0.0022914903	0.99770844
0.0034415901	0.99655837
0.009819345	0.99018073
0.9959413	0.004058761
0.10364621	0.89635384
0.004818363	0.9951816
0.015985962	0.9840141
0.99548954	0.004510476
0.9946672	0.0053328676
0.0030875748	0.99691236
0.99837023	0.0016297633
0.99604505	0.0039549414
0.02009855	0.97990143
0.008478178	0.99152184
0.8774353	0.12256466
0.9941948	0.005805267
0.99541914	0.0045808204
0.00460255	0.9953974
0.009599438	0.9904006
0.99746716	0.0025328395
0.991932	0.008067977
0.0080784345	0.99192154
0.0021784909	0.99782157
0.9861215	0.013878545
0.997759	0.0022410466
0.0062678317	0.99373215
0.0020715168	0.9979285
0.96750176	0.03249818
0.027363654	0.97263634
0.9972364	0.0027635873
0.014330805	0.98566926
0.35544312	0.6445569
0.0018557885	0.99814427
0.99799466	0.0020053706
0.9858499	0.014150059
0.99772435	0.0022755866
0.99609816	0.003901855
0.9950163	0.0049837735
0.0142656425	0.98573434
0.0026831208	0.9973169
0.0029618207	0.99703825
0.84998703	0.15001297
0.99618775	0.0038122695
0.108109735	0.8918903
0.008841652	0.9911583
0.98192453	0.018075446
0.014702928	0.985297
0.010493699	0.9895063
0.94829893	0.051701054
0.004462932	0.99553704
0.99609923	0.003900706
0.0025357483	0.9974643
0.014830583	0.9851694
0.0033447468	0.9966552
0.9932833	0.0067167515
0.0029462662	0.99705374
0.98504156	0.014958464
0.99555725	0.004442804
0.66746527	0.3325347
0.0025769458	0.99742305
0.05554329	0.94445676
0.99709105	0.0029089374
0.99703383	0.002966104
0.002542199	0.9974578
0.060839094	0.93916094
0.996761	0.0032390454
0.98127145	0.018728554
0.059303343	0.94069666
0.005712615	0.99428743
0.9981415	0.00185844
0.99626154	0.0037384774
0.014327668	0.98567235
0.0022799463	0.99772006
0.052636046	0.9473639
0.8831332	0.1168669
0.89182734	0.10817266
0.9901087	0.009891281
0.998324	0.0016759798
0.9971131	0.0028868245
0.002180381	0.99781966
0.9968604	0.003139636
0.99714917	0.0028507886
0.017054282	0.9829457
0.022271333	0.97772866
0.99661994	0.0033800192
0.014050674	0.98594934
0.0021876947	0.9978123
0.009034988	0.990965
0.10942086	0.89057916
0.0017848212	0.9982152
0.0024493774	0.99755067
0.0293348	0.9706652
0.005668228	0.9943317
0.010933825	0.9890661
0.99739045	0.0026095663
0.9966241	0.0033759354
0.9962842	0.0037158593
0.0019354692	0.9980646
0.99703014	0.0029698235
0.99827707	0.0017229649
0.62451416	0.37548578
0.99705964	0.002940305
0.99476385	0.0052361614
0.17154828	0.8284517
0.98201054	0.017989425
0.02159323	0.9784067
0.9632784	0.036721617
0.99393326	0.0060667563
0.9978976	0.0021023462
0.997718	0.0022820332
0.0072662784	0.9927337
0.72628313	0.27371687
0.9709779	0.02902212
0.0018136323	0.9981864
0.0030685181	0.99693143
0.99723405	0.0027660222
0.0032187367	0.99678123
0.019138344	0.9808616
0.99537367	0.0046263705
0.14657864	0.8534214
0.9888448	0.01115519
0.96597123	0.034028783
0.99248636	0.0075135888
0.0018248273	0.99817514
0.010466894	0.9895331
0.02503694	0.974963
0.99774927	0.0022507142
0.99828583	0.0017141845
0.007611476	0.99238855
0.0022444245	0.9977556
0.0025415123	0.9974585
0.9966703	0.0033296703
0.99165326	0.008346799
0.0026135037	0.9973865
0.002839559	0.99716043
0.9901479	0.009852177
0.31396437	0.6860356
0.21828842	0.7817116
0.98151106	0.018488932
0.9662399	0.033760097
0.997938	0.0020619966
0.99723583	0.0027642366
0.15854073	0.84145933
0.007127028	0.99287295
0.89639896	0.10360102
0.0043681203	0.99563193
0.027207844	0.9727922
0.03816693	0.96183306
0.99695563	0.0030444073
0.23142774	0.7685723
0.0028833228	0.9971167
0.9908818	0.009118221
0.9945996	0.0054004365
0.9863404	0.0136596365
0.08447619	0.9155238
0.9951083	0.004891645
0.001837932	0.9981621
0.012596092	0.98740387
0.010010139	0.9899899
0.9983607	0.0016392852
0.0133805685	0.9866194
0.00450725	0.9954927
0.041320104	0.95867985
0.99817395	0.0018260421
0.9791894	0.020810591
0.9960906	0.003909424
0.0071719834	0.99282795
0.05344765	0.94655234
0.0034036827	0.9965963
0.99013597	0.009864037
0.0021164075	0.9978836
0.030203775	0.9697962
0.87095946	0.12904057
0.14173818	0.8582618
0.96309596	0.03690412
0.3070306	0.6929694
0.9965173	0.003482661
0.9887028	0.011297209
0.9933427	0.006657326
0.054740865	0.94525915
0.9960524	0.003947562
0.9962811	0.0037189373
0.001886673	0.9981134
0.98399264	0.016007382
0.01945218	0.9805478
0.0019263955	0.9980736
0.0026882614	0.9973117
0.0092748245	0.9907252
0.93973434	0.060265627
0.004595652	0.99540436
0.9261564	0.07384364
0.0021000067	0.9979
0.010926805	0.9890732
0.0047297473	0.9952702
0.026323622	0.97367644
0.9965509	0.0034490358
0.99134	0.008660014
0.001890118	0.99810994
0.0072591645	0.9927408
0.99247885	0.0075211884
0.99830365	0.0016962722
0.99719316	0.0028068842
0.9973519	0.002648146
0.96148396	0.038516063
0.07902498	0.920975
0.0032442727	0.99675566
0.028169913	0.97183007
0.10309081	0.89690924
0.00815631	0.99184364
0.0023094392	0.99769056
0.0019410278	0.998059
0.049449403	0.9505506
0.027693136	0.9723069
0.079668954	0.92033106
0.021861712	0.9781383
0.0023526442	0.99764735
0.0049705734	0.9950295
0.99379563	0.0062044286
0.5876013	0.4123987
0.0018662623	0.9981337
0.98036814	0.019631883
0.99023235	0.009767651
0.9962075	0.0037925437
0.011053187	0.98894686
0.9954917	0.0045083673
0.9930575	0.0069425465
0.9922152	0.007784823
0.9968772	0.0031227665
0.052458566	0.9475414
0.0019716383	0.99802834
0.0034481352	0.9965519
0.0024782466	0.9975217
0.9709315	0.029068584
0.997623	0.002377029
0.002156496	0.9978435
0.019308738	0.9806913
0.99792993	0.002070076
0.010973189	0.98902684
0.97283	0.027169975
0.99389815	0.006101788
0.00307693	0.996923
0.0020087576	0.9979912
0.039642196	0.9603578
0.97884995	0.021150054
0.99045897	0.0095410235
0.057548467	0.9424515
0.012830583	0.9871694
0.995672	0.004328036
0.9956626	0.0043373834
0.98737866	0.012621317
0.010426196	0.9895738
0.002757095	0.9972429
0.99449784	0.0055021984
0.9983949	0.0016050768
0.15015376	0.84984624
0.6596915	0.34030852
0.0017599744	0.99824
0.96583754	0.034162525
0.17481554	0.82518446
0.006288931	0.9937111
0.9968382	0.0031617773
0.99586487	0.004135186
0.9470164	0.052983593
0.052963186	0.94703686
0.97243035	0.02756972
0.0020516026	0.99794847
0.062970795	0.93702924
0.0020363575	0.99796367
0.012794686	0.98720527
0.9972892	0.0027107948
0.9948894	0.00511062
0.0024882262	0.99751174
0.9983505	0.00164949
0.047130313	0.95286965
0.9976483	0.002351649
0.093385495	0.90661454
0.0023673805	0.9976326
0.0027408416	0.99725914
0.99626887	0.0037311513
0.1638062	0.83619386
0.0021756582	0.9978243
0.45967335	0.54032665
0.99793303	0.0020670386
0.00499325	0.9950067
0.20611776	0.7938823
0.99257904	0.0074210176
0.001974537	0.99802554
0.009106599	0.99089336
0.0019778495	0.9980222
0.0022403512	0.9977596
0.007607082	0.9923929
0.9965139	0.00348615
0.012811664	0.98718834
0.01828168	0.9817183
0.9983663	0.0016337344
0.9978047	0.0021952896
0.9920758	0.007924234
0.982248	0.017751966
0.998396	0.0016039609
0.002015344	0.99798465
0.96591204	0.034088008
0.013901744	0.9860983
0.9465711	0.053428885
0.002019129	0.9979809
0.0066926605	0.9933074
0.9977477	0.0022522868
0.891606	0.10839404
0.102273576	0.8977264
0.98757464	0.012425317
0.99834096	0.0016590623
0.9971054	0.002894542
0.9933915	0.0066085462
0.0020750207	0.9979249
0.009226764	0.9907733
0.7420182	0.25798175
0.052343372	0.94765663
0.99767417	0.002325832
0.984962	0.015038073
0.007693266	0.99230677
0.965878	0.034122013
0.99834645	0.0016535894
0.98294294	0.017057009
0.016269775	0.9837302
0.0022114695	0.99778855
0.013638298	0.98636174
0.99755365	0.002446364
0.001984655	0.9980153
0.0042224033	0.9957776
0.005835101	0.9941649
0.063404135	0.9365959
0.0019173403	0.99808264
0.9915378	0.008462191
0.9939347	0.00606533
0.0020253602	0.9979747
0.99267745	0.0073225116
0.9971414	0.0028585352
0.99321	0.006789996
0.99727803	0.002722023
0.9970463	0.0029537007
0.89037645	0.10962355
0.9982482	0.0017517586
0.9921308	0.007869229
0.10766712	0.89233285
0.0020119718	0.997988
0.015385034	0.9846149
0.048645634	0.9513544
0.01678091	0.9832191
0.035055846	0.9649442
0.6177262	0.38227385
0.0020417618	0.9979582
0.010455895	0.98954415
0.9972596	0.0027403252
0.9947178	0.0052822735
0.8408606	0.15913935
0.0024073275	0.9975926
0.039237827	0.9607622
0.9946913	0.0053087245
0.9025016	0.09749843
0.99723226	0.0027677233
0.0020289887	0.997971
0.014917136	0.98508286
0.9953754	0.0046245437
0.002205117	0.99779487
0.08927602	0.91072404
0.0024380093	0.99756205
0.4545929	0.54540706
0.11254558	0.88745445
0.9607959	0.03920415
0.0147667965	0.9852331
0.99736756	0.0026324475
0.9967949	0.003205101
0.996278	0.0037220146
0.0022079633	0.997792
0.9981377	0.0018622262
0.765023	0.234977
0.03317581	0.96682423
0.99615085	0.0038491548
0.9881235	0.011876574
0.99749917	0.0025008686
0.0039298167	0.99607015
0.9011042	0.09889584
0.9863537	0.013646279
0.08440249	0.9155975
0.99573153	0.004268443
0.014349434	0.9856506
0.0022028186	0.99779725
0.97540796	0.024592046
0.9939213	0.006078686
0.9793848	0.020615246
0.95641685	0.043583144
0.98493564	0.015064399
0.004968243	0.9950317
0.051701244	0.94829875
0.0522804	0.9477196
0.9784365	0.02156349
0.99542624	0.00457383
0.5815613	0.4184387
0.04548984	0.9545102
0.9677585	0.03224153
0.002973378	0.9970266
0.9984427	0.0015572461
0.9869573	0.013042691
0.008443743	0.9915563
0.63362545	0.3663745
0.06607828	0.9339217
0.9960354	0.003964597
0.0020550264	0.997945
0.0031393298	0.9968606
0.9982698	0.0017301734
0.9979791	0.00202095
0.010359631	0.9896403
0.9980965	0.0019035203
0.002071031	0.997929
0.0021559636	0.997844
0.0021914772	0.9978085
0.0028406992	0.99715936
0.9982869	0.0017130515
0.9982843	0.001715747
0.0037172523	0.99628276
0.96648127	0.033518698
0.99394035	0.006059626
0.006300682	0.9936993
0.99641764	0.003582324
0.9973658	0.002634236
0.0018467659	0.99815327
0.0032700235	0.99672997
0.8934669	0.10653313
0.9938544	0.006145637
0.99517953	0.0048204875
0.0054031573	0.99459684
0.9969842	0.0030158337
0.9951397	0.004860295
0.0036447986	0.9963552
0.031305753	0.9686942
0.0018387634	0.99816126
0.00958889	0.99041116
0.087041445	0.9129585
0.006444599	0.99355537
0.9983637	0.0016363686
0.9965095	0.0034905525
0.0019562051	0.9980438
0.9789146	0.021085393
0.021261567	0.9787385
0.9983347	0.0016653022
0.010175611	0.98982435
0.87883687	0.121163145
0.99208707	0.007912973
0.0023747515	0.9976253
0.99810284	0.001897179
0.99747986	0.002520199
0.0069908574	0.9930092
0.9980172	0.0019828405
0.013122456	0.9868775
0.0070668394	0.99293315
0.0022920116	0.99770796
0.9978131	0.0021868506
0.042393763	0.95760626
0.008694781	0.9913052
0.047794115	0.95220584
0.026687922	0.9733121
0.006021201	0.99397886
0.004503294	0.99549675
0.9949227	0.00507737
0.99310356	0.006896395
0.9962837	0.0037162842
0.984634	0.015365998
0.0041937046	0.99580634
0.015207776	0.98479223
0.015920341	0.98407966
0.984262	0.015738063
0.0055256686	0.99447435
0.9982667	0.0017332828
0.7809841	0.21901594
0.054333214	0.9456668
0.99726474	0.0027352597
0.022090577	0.97790945
0.0017493706	0.99825066
0.0019083658	0.99809164
0.02863273	0.97136724
0.99523515	0.004764873
0.99805355	0.0019464875
0.99647826	0.003521775
0.009775332	0.99022466
0.99735487	0.0026451626
0.99736255	0.0026374073
0.9959281	0.0040718503
0.0031514422	0.9968485
0.0031460242	0.996854
0.008058774	0.9919412
0.978513	0.021486983
0.001844574	0.9981554
0.99831843	0.0016815964
0.019998288	0.98000175
0.0051233647	0.9948767
0.9981974	0.001802636
0.0018078568	0.99819213
0.9969227	0.0030773326
0.0020699203	0.99793005
0.99815696	0.0018429873
0.0019976746	0.99800235
0.0019707268	0.9980293
0.99643254	0.0035674414
0.99687105	0.003128906
0.10294949	0.8970505
0.061932307	0.9380676
0.994262	0.0057379887
0.9977982	0.0022018338
0.93770146	0.062298533
0.9967225	0.0032774953
0.0025112869	0.99748874
0.0022865837	0.99771345
0.03372673	0.9662733
0.010156916	0.9898431
0.9922283	0.0077716815
0.005483272	0.9945167
0.93031204	0.069687985
0.9943614	0.0056385817
0.028658459	0.9713416
0.9968149	0.0031851032
0.9963857	0.0036142715
0.9707391	0.02926095
0.998429	0.0015709313
0.0038240002	0.996176
0.01817604	0.981824
0.9977035	0.0022965008
0.005043038	0.99495703
0.996986	0.0030139792
0.99623317	0.0037668664
0.9954959	0.0045040636
0.7463134	0.25368664
0.99841917	0.0015808692
0.9976809	0.0023191
0.9845814	0.015418564
0.99621445	0.0037855727
0.008998086	0.9910019
0.0053314236	0.99466854
0.036740277	0.9632597
0.9967752	0.0032248318
0.63024676	0.36975324
0.0038205488	0.99617946
0.0020256052	0.99797446
0.016871406	0.9831286
0.006443229	0.9935568
0.8272141	0.17278591
0.9949285	0.005071483
0.9770709	0.022929152
0.99150217	0.008497874
0.023109868	0.9768901
0.002196652	0.9978034
0.023902811	0.9760972
0.99472827	0.005271728
0.98989606	0.010103908
0.014887315	0.9851127
0.9924379	0.0075620953
0.9627399	0.037260123
0.9941883	0.005811691
0.0017719362	0.99822813
0.032163896	0.9678361
0.9269521	0.073047884
0.08407016	0.9159298
0.0032152599	0.9967847
0.9865015	0.013498447
0.9350416	0.06495837
0.99829453	0.0017054618
0.9910062	0.008993754
0.0026921812	0.9973078
0.096633755	0.9033662
0.0023639323	0.9976361
0.02051435	0.97948563
0.99751925	0.0024808294
0.0076570143	0.992343
0.13969317	0.86030686
0.996135	0.0038649822
0.99793494	0.0020650288
0.9949561	0.005043894
0.0038533497	0.9961467
0.021609427	0.9783905
0.9974318	0.002568188
0.55645925	0.44354072
0.014960311	0.9850397
0.0055013266	0.99449867
0.98644584	0.0135542285
0.0032051774	0.9967949
0.0042762873	0.9957237
0.0067828097	0.9932172
0.9981452	0.0018548453
0.99620605	0.0037939255
0.9921451	0.007854886
0.94945866	0.05054135
0.9952591	0.0047409325
0.39440998	0.60559
0.9963653	0.003634631
0.9983852	0.0016147969
0.99716634	0.0028336667
0.005862981	0.99413705
0.99289274	0.007107289
0.99632996	0.0036700882
0.3457636	0.65423644
0.908686	0.09131407
0.9913885	0.008611467
0.99684155	0.0031584788
0.9940644	0.005935648
0.98308057	0.016919449
0.7943028	0.20569725
0.092325166	0.9076748
0.03887371	0.96112627
0.037607398	0.96239257
0.9936094	0.006390545
0.004187601	0.99581236
0.0032772897	0.99672276
0.98489887	0.0151011245
0.025863528	0.97413653
0.0032455532	0.99675447
0.0021343608	0.9978656
0.0023441438	0.99765587
0.6002469	0.39975303
0.90938604	0.09061396
0.9959325	0.004067471
0.98511076	0.014889233
0.9983689	0.0016310798
0.0041010026	0.995899
0.19109869	0.80890137
0.99456835	0.0054316446
0.054810755	0.9451892
0.9984308	0.0015691881
0.0020236145	0.99797636
0.9902434	0.009756601
0.9939833	0.006016694
0.16231686	0.8376832
0.99255145	0.007448535
0.0025785775	0.9974214
0.0017722497	0.9982278
0.005791193	0.9942088
0.008880437	0.99111956
0.9983411	0.0016589044
0.96721363	0.032786362
0.0020807278	0.99791926
0.99083686	0.009163148
0.005344624	0.9946554
0.01792327	0.98207676
0.99811906	0.001880873
0.01162033	0.9883797
0.03388875	0.9661113
0.0027339424	0.99726605
0.0046088835	0.99539113
0.99250495	0.0074950145
0.032639936	0.9673601
0.91901904	0.08098102
0.0039722826	0.9960277
0.0024752507	0.9975248
0.028467335	0.97153264
0.004045787	0.9959543
0.02772685	0.9722731
0.9685771	0.03142294
0.019949708	0.98005027
0.9978671	0.0021328889
0.008606812	0.9913932
0.0022738155	0.99772614
0.026797812	0.9732022
0.004803222	0.99519676
0.01609585	0.9839041
0.009690751	0.9903093
0.9974585	0.0025415535
0.0080998195	0.9919002
0.0019739647	0.998026
0.9763998	0.023600183
0.0019446182	0.99805546
0.004934184	0.9950658
0.9961511	0.003848886
0.004967159	0.9950328
0.052831892	0.9471682
0.9914801	0.008519894
0.0019982222	0.99800175
0.0019699158	0.9980301
0.053272672	0.94672734
0.0020279381	0.9979721
0.0052650613	0.994735
0.9950358	0.0049641146
0.99681807	0.0031819209
0.005478625	0.9945214
0.009886817	0.99011314
0.99708205	0.0029179438
0.9968567	0.0031432707
0.98771995	0.01228007
0.02967763	0.97032243
0.0077410154	0.99225897
0.0029390655	0.99706095
0.008155655	0.99184436
0.0023810782	0.99761885
0.97954696	0.020453073
0.99093294	0.009067076
0.005786506	0.9942135
0.0020361268	0.9979639
0.79537004	0.20462996
0.9962807	0.0037193226
0.0042190645	0.99578094
0.99545234	0.0045476914
0.9962457	0.0037543294
0.0021266625	0.9978733
0.9963582	0.0036418114
0.009608654	0.9903914
0.99724954	0.0027504798
0.47489154	0.52510846
0.52908033	0.47091967
0.021852689	0.9781473
0.9681445	0.031855505
0.9908414	0.009158551
0.9970293	0.0029706652
0.99845636	0.0015436434
0.013261377	0.98673856
0.0028651743	0.9971348
0.0131903095	0.98680973
0.13856757	0.8614324
0.0023892452	0.9976108
0.003734013	0.99626595
0.017462967	0.982537
0.9744849	0.025515104
0.00279107	0.9972089
0.9969228	0.0030771624
0.002139061	0.99786097
0.84459317	0.15540686
0.9583787	0.041621312
0.0034795434	0.9965205
0.9433529	0.056647155
0.0050506974	0.99494934
0.0019152628	0.9980848
0.015502069	0.98449796
0.009765803	0.99023426
0.013099043	0.986901
0.011036849	0.9889631
0.99285537	0.0071446286
0.9959514	0.0040486297
0.9958619	0.0041380255
0.99373806	0.0062619303
0.0038914334	0.9961086
0.9949759	0.0050240974
0.00254918	0.99745077
0.028681017	0.97131896
0.99706143	0.0029386044
0.0037553243	0.9962446
0.9523335	0.047666516
0.011555541	0.98844445
0.96961784	0.030382216
0.021037996	0.978962
0.9984054	0.0015946567
0.9971993	0.0028007377
0.07277304	0.927227
0.998287	0.0017129161
0.99736613	0.002633943
0.018897029	0.98110294
0.010248935	0.98975104
0.98898613	0.011013894
0.005565783	0.9944343
0.9981743	0.0018257223
0.007728686	0.9922713
0.9874161	0.012583917
0.97853094	0.021469058
0.093330085	0.9066699
0.0021217836	0.9978782
0.0300192	0.9699808
0.22477922	0.77522075
0.0021423355	0.99785763
0.0024488042	0.99755126
0.98158664	0.018413356
0.0025049555	0.99749506
0.0048755957	0.9951244
0.0031286625	0.9968714
0.9891728	0.010827116
0.99566865	0.0043313336
0.008354949	0.99164504
0.98397464	0.016025404
0.006710862	0.9932892
0.99104077	0.008959248
0.99469745	0.005302529
0.008074783	0.9919252
0.00548132	0.9945187
0.9983925	0.0016074529
0.9961487	0.0038512854
0.9591345	0.040865466
0.0051924656	0.99480754
0.9968971	0.003102912
0.0019631502	0.9980369
0.003609146	0.9963909
0.006825742	0.99317425
0.08201622	0.9179838
0.0026919292	0.99730814
0.9980866	0.0019134032
0.09188032	0.9081196
0.9798257	0.020174311
0.0039186724	0.9960813
0.99596906	0.0040309113
0.9983708	0.0016292282
0.97907126	0.020928783
0.004732273	0.99526775
0.9919755	0.008024568
0.009651037	0.99034894
0.035245784	0.96475416
0.98694336	0.013056688
0.9794278	0.020572245
0.9984491	0.0015508684
0.9960069	0.003993078
0.997617	0.002383
0.0025662966	0.9974337
0.018419722	0.9815803
0.946628	0.053372037
0.107996374	0.8920036
0.0021410547	0.99785894
0.033101924	0.96689814
0.0020243707	0.99797565
0.99837214	0.0016279226
0.982904	0.017096043
0.0025492047	0.99745077
0.020000013	0.98
0.9984682	0.0015317
0.0019645053	0.9980355
0.020939505	0.97906053
0.9805017	0.019498311
0.023426665	0.97657335
0.99666995	0.0033300694
0.96979797	0.030202016
0.0029444108	0.99705565
0.7683238	0.23167624
0.003973092	0.9960269
0.002281331	0.9977187
0.9965268	0.0034731766
0.11354947	0.8864505
0.008154621	0.9918454
0.99431413	0.005685872
0.0018385103	0.9981615
0.9950423	0.0049576964
0.9975217	0.0024783008
0.002415086	0.99758494
0.0069291103	0.9930709
0.0018413767	0.99815863
0.058417905	0.94158214
0.97855544	0.021444574
0.9789412	0.021058725
0.002285994	0.99771404
0.9973037	0.0026962648
0.99301237	0.0069875875
0.96959925	0.030400759
0.019197192	0.9808028
0.23846404	0.76153594
0.016238283	0.9837617
0.03907643	0.96092355
0.0036433632	0.9963566
0.9978205	0.0021795013
0.037836816	0.96216315
0.013123371	0.9868766
0.0063010473	0.99369895
0.020823086	0.97917694
0.9892056	0.010794359
0.0019315474	0.9980685
0.994964	0.005036023
0.0018440392	0.9981559
0.034696233	0.96530384
0.9942966	0.005703452
0.04131958	0.9586804
0.120356806	0.87964314
0.0019430185	0.99805695
0.054094817	0.9459052
0.98849225	0.011507791
0.027416272	0.9725838
0.9615228	0.03847711
0.99767774	0.0023222908
0.073130995	0.926869
0.007407851	0.9925922
0.02193176	0.9780683
0.9980564	0.0019435604
0.99163413	0.008365829
0.0029179798	0.99708205
0.9710163	0.028983688
0.0061817686	0.9938182
0.9962483	0.0037517014
0.3633665	0.63663346
0.008843777	0.9911562
0.0038040804	0.9961959
0.008762543	0.9912375
0.016373526	0.98362654
0.18909697	0.8109031
0.010487038	0.989513
0.0025606917	0.99743927
0.062493782	0.93750626
0.9975351	0.002464861
0.99683124	0.003168734
0.040895157	0.95910484
0.2830473	0.7169527
0.8737081	0.12629189
0.99111205	0.008887965
0.9957897	0.004210257
0.9982728	0.0017272737
0.9898099	0.010190087
0.045570944	0.9544291
0.9968796	0.0031203746
0.99318177	0.0068182633
0.0030614107	0.9969386
0.99805874	0.0019411866
0.99780375	0.00219628
0.05627889	0.9437212
0.9863868	0.0136132
0.014414241	0.98558575
0.023086078	0.97691387
0.031400885	0.96859914
0.001887742	0.9981123
0.014094404	0.9859055
0.99822944	0.0017705517
0.99609643	0.0039035527
0.0132052	0.98679477
0.9874779	0.012522093
0.9983839	0.0016161514
0.99438757	0.005612458
0.0074896384	0.9925103
0.996929	0.0030710544
0.9970535	0.0029464522
0.001987043	0.9980129
0.9965579	0.0034420514
0.062313396	0.93768656
0.91852766	0.08147236
0.15601742	0.8439826
0.9947718	0.005228279
0.002366918	0.9976331
0.9946403	0.0053597437
0.0023743527	0.99762565
0.0023974697	0.9976025
0.97096866	0.029031396
0.003974531	0.99602544
0.7163635	0.28363648
0.06145676	0.9385433
0.977504	0.022496017
0.99714595	0.0028540578
0.0040118136	0.9959882
0.93086964	0.06913038
0.03267018	0.96732986
0.24529816	0.7547018
0.001964744	0.99803525
0.9963862	0.0036138112
0.04602559	0.9539744
0.0030041116	0.9969959
0.9577132	0.042286832
0.7820897	0.21791033
0.4454551	0.55454487
0.9981838	0.001816197
0.87431854	0.12568143
0.05218201	0.947818
0.0023386423	0.99766135
0.021740893	0.9782591
0.0025511503	0.99744886
0.9935371	0.006462813
0.0033243704	0.9966756
0.6324576	0.3675424
0.9815159	0.018484155
0.017315619	0.98268443
0.9862363	0.013763781
0.6458927	0.35410732
0.9983273	0.0016727104
0.038430903	0.96156913
0.8294246	0.1705754
0.9925303	0.007469738
0.017400447	0.9825996
0.0099509945	0.990049
0.9703232	0.029676782
0.9961014	0.0038986579
0.9976127	0.0023873071
0.77014816	0.22985183
0.99778265	0.0022173983
0.04497273	0.9550273
0.052472316	0.9475277
0.0043732976	0.9956267
0.0041265856	0.9958734
0.9985281	0.0014718979
0.023842173	0.9761578
0.0038861833	0.9961138
0.030329792	0.9696702
0.9839813	0.01601863
0.9977124	0.002287667
0.0065765213	0.99342346
0.9966539	0.0033460888
0.967193	0.03280703
0.0023152926	0.9976847
0.9963831	0.0036168876
0.99716383	0.0028361536
0.9964412	0.0035587768
0.9980983	0.0019017408
0.00267992	0.9973201
0.0024135676	0.9975865
0.08943942	0.9105606
0.97413844	0.025861587
0.9901467	0.009853303
0.9638169	0.036183152
0.0021193237	0.9978807
0.9943606	0.005639432
0.92216116	0.077838786
0.56516415	0.43483582
0.04362419	0.9563759
0.99625057	0.0037494348
0.99434763	0.005652367
0.9940499	0.0059501757
0.0030513678	0.99694866
0.08232895	0.917671
0.9848161	0.0151839135
0.0020437078	0.9979563
0.0070988405	0.9929012
0.0046712994	0.99532866
0.98852086	0.011479122
0.9934947	0.0065052956
0.0018664588	0.9981336
0.0050978223	0.99490213
0.9785211	0.021478912
0.98725486	0.012745105
0.0695481	0.93045187
0.95469314	0.045306876
0.052864376	0.9471356
0.9946359	0.005364108
0.9954346	0.0045654005
0.83756685	0.16243318
0.98193306	0.018066954
0.019147845	0.9808522
0.99828726	0.0017126715
0.99737656	0.0026235015
0.9660176	0.03398239
0.045870624	0.95412934
0.03636719	0.9636328
0.19043633	0.80956364
0.9886591	0.011340892
0.03682223	0.96317774
0.016921083	0.98307884
0.9979825	0.0020175118
0.003368461	0.99663156
0.9966329	0.0033671535
0.7884222	0.2115778
0.009053938	0.99094605
0.0035143143	0.9964857
0.011405691	0.9885943
0.99842083	0.0015791707
0.004188627	0.99581134
0.18283339	0.8171667
0.9960377	0.003962244
0.99804026	0.001959826
0.99791867	0.0020812924
0.015666796	0.9843332
0.99790514	0.002094861
0.9976876	0.0023124514
0.99799573	0.0020042965
0.9970592	0.0029407735
0.0029760776	0.9970239
0.013221777	0.98677826
0.004045379	0.99595463
0.9592841	0.040715814
0.9971113	0.0028886825
0.0033799452	0.99662006
0.9932892	0.00671084
0.0022850502	0.997715
0.0025122582	0.9974878
0.08832699	0.911673
0.9951207	0.004879313
0.0051049837	0.99489504
0.99761546	0.002384551
0.06084672	0.93915325
0.0070803696	0.9929196
0.0019151114	0.9980849
0.3567231	0.6432769
0.016227487	0.9837726
0.002881382	0.9971186
0.019462334	0.9805377
0.097024456	0.90297556
0.9572036	0.042796385
0.0063799694	0.99362
0.03831152	0.9616885
0.15484422	0.8451558
0.020234566	0.9797655
0.0039255396	0.99607444
0.0019475764	0.9980525
0.06516823	0.93483174
0.102287725	0.8977123
0.9964032	0.0035967794
0.02325908	0.97674096
0.9971078	0.0028921978
0.9889204	0.011079619
0.32057083	0.67942923
0.055336446	0.9446636
0.009849732	0.99015033
0.99696976	0.0030302196
0.9980142	0.0019857823
0.009264839	0.9907352
0.9984444	0.0015555922
0.0019291404	0.9980709
0.017419633	0.98258036
0.007328792	0.99267125
0.997766	0.0022339926
0.99721956	0.0027804542
0.99311745	0.006882542
0.038625766	0.96137416
0.0018662855	0.9981337
0.003383119	0.9966169
0.99612087	0.0038790668
0.042808555	0.95719147
0.015687708	0.98431236
0.0065480564	0.99345195
0.029225476	0.9707745
0.52302974	0.4769703
0.0021387914	0.9978612
0.018433832	0.9815662
0.99793005	0.0020699818
0.06622333	0.9337767
0.99543977	0.0045602485
0.0031741068	0.99682593
0.0018603728	0.9981396
0.94244343	0.057556618
0.016470455	0.9835295
0.9943235	0.0056765624
0.0020755841	0.99792445
0.0028571833	0.99714285
0.010505982	0.989494
0.001870188	0.9981298
0.0022812851	0.9977187
0.8590989	0.1409011
0.81557214	0.18442783
0.99608934	0.0039106496
0.99540025	0.0045998073
0.99831414	0.0016858532
0.0060809418	0.993919
0.0034586128	0.9965413
0.003002137	0.99699783
0.9977457	0.0022542505
0.95722306	0.04277699
0.9982395	0.0017604327
0.975116	0.024883956
0.9874227	0.012577355
0.0024046334	0.99759537
0.99420774	0.0057922695
0.994058	0.00594205
0.011160105	0.9888399
0.0022593462	0.9977406
0.99726784	0.002732146
0.99798524	0.0020147525
0.98430634	0.015693642
0.99162877	0.008371261
0.003265712	0.99673426
0.0027276336	0.9972723
0.008121703	0.9918783
0.99492365	0.0050764186
0.005551575	0.9944484
0.99275523	0.0072448193
0.028161978	0.971838
0.0042691445	0.9957308
0.99653196	0.0034679885
0.01107637	0.9889236
0.9974554	0.002544575
0.0027563425	0.99724364
0.9981787	0.0018213426
0.007671245	0.9923287
0.9971365	0.002863578
0.9901349	0.009865151
0.001899059	0.99810094
0.010310621	0.98968935
0.9982906	0.0017093924
0.9973647	0.002635281
0.99780244	0.002197567
0.0031178812	0.9968822
0.97723025	0.022769747
0.9984554	0.001544533
0.007718278	0.99228173
0.49056366	0.5094363
0.99838233	0.0016176769
0.015052269	0.98494774
0.99835396	0.001646044
0.02158204	0.97841793
0.068584874	0.93141514
0.0025544406	0.9974456
0.049179573	0.9508205
0.0020659084	0.9979341
0.0045339917	0.995466
0.99838996	0.0016101152
0.9935819	0.0064181304
0.9960854	0.0039145933
0.02342506	0.97657496
0.9916809	0.00831913
0.0033728867	0.9966271
0.9818162	0.018183835
0.013996729	0.9860032
0.011872181	0.98812777
0.004198401	0.9958016
0.05055249	0.9494475
0.002041513	0.99795854
0.03484828	0.96515167
0.9983943	0.0016057075
0.02149726	0.97850275
0.05300185	0.9469981
0.998287	0.0017129047
0.01764119	0.98235875
0.99831367	0.0016863637
0.9968335	0.0031664968
0.017227674	0.9827723
0.9945102	0.0054898346
0.020174792	0.9798252
0.0064945403	0.9935055
0.04898757	0.9510125
0.016100751	0.98389924
0.9977495	0.0022504563
0.99808395	0.0019160158
0.007156484	0.99284345
0.0030291409	0.9969709
0.002369868	0.9976301
0.99586076	0.004139296
0.9983998	0.0016002519
0.9982187	0.0017812719
0.0038488386	0.99615115
0.0103574665	0.98964256
0.9982863	0.0017137032
0.99550253	0.004497464
0.0019485397	0.9980515
0.94384444	0.056155603
0.012831278	0.98716867
0.89818347	0.10181647
0.949857	0.05014294
0.0024733066	0.9975267
0.0017535571	0.99824643
0.99415565	0.0058443616
0.9975357	0.0024642397
0.01805671	0.9819433
0.997993	0.0020070835
0.010686556	0.9893134
0.0021788876	0.9978211
0.0050247815	0.9949752
0.99804246	0.0019574957
0.02390775	0.9760922
0.9968071	0.0031929126
0.99265504	0.0073449323
0.7720598	0.22794023
0.00498222	0.9950178
0.9904227	0.0095772445
0.42781937	0.5721806
0.9957217	0.0042782305
0.99848515	0.001514831
0.007856402	0.99214363
0.9984549	0.0015451097
0.9367736	0.0632264
0.094063394	0.9059366
0.033738766	0.96626115
0.004013117	0.9959869
0.003671797	0.9963282
0.99012554	0.009874474
0.0018893264	0.99811065
0.9942497	0.0057502985
0.99637574	0.0036241983
0.0035879756	0.996412
0.0060591497	0.99394083
0.0035156389	0.9964844
0.005409906	0.99459016
0.006757566	0.99324244
0.015786383	0.9842136
0.02650183	0.9734981
0.024199309	0.9758007
0.99799675	0.0020032744
0.6447266	0.35527343
0.10023706	0.899763
0.99672806	0.0032719169
0.06888079	0.93111914
0.0020396023	0.99796045
0.9965102	0.003489781
0.994902	0.005097965
0.04872483	0.95127517
0.9856997	0.014300305
0.33102196	0.66897804
0.020945525	0.97905445
0.9981067	0.0018932563
0.9973031	0.0026968238
0.9596357	0.0403644
0.99540764	0.0045923158
0.018302107	0.98169786
0.8444843	0.1555157
0.99090695	0.009093108
0.033092316	0.96690774
0.49665552	0.5033445
0.9949774	0.0050225416
0.9947395	0.005260563
0.9403994	0.05960058
0.99479055	0.005209514
0.003793219	0.99620676
0.9909629	0.009037141
0.9941288	0.005871219
0.0021874616	0.9978125
0.995391	0.0046090297
0.99498206	0.0050179516
0.0035937289	0.99640626
0.0018992072	0.9981008
0.99818206	0.0018180046
0.9939488	0.006051212
0.9960194	0.0039806156
0.019187693	0.9808123
0.0021460361	0.99785393
0.9982262	0.0017737265
0.9904496	0.009550402
0.9933344	0.006665555
0.050597783	0.9494023
0.018940875	0.98105913
0.9956703	0.0043297177
0.00417279	0.99582714
0.99694365	0.0030563036
0.9970071	0.0029929285
0.7649226	0.23507743
0.9568805	0.043119516
0.9970367	0.0029633134
0.99618196	0.0038181199
0.9822717	0.0177283
0.7981602	0.2018398
0.99425817	0.005741848
0.9760977	0.023902336
0.9984189	0.001581071
0.99384946	0.006150622
0.0052073	0.99479264
0.9966808	0.0033192239
0.004530401	0.99546957
0.0029133302	0.9970867
0.94525266	0.05474728
0.037329525	0.96267045
0.13071936	0.8692807
0.06600005	0.9339999
0.99435127	0.0056487317
0.63181823	0.3681818
0.99410546	0.005894465
0.07325023	0.92674977
0.9983571	0.0016429152
0.0022079537	0.997792
0.08495621	0.9150438
0.0051187924	0.9948813
0.08424808	0.91575193
0.07718415	0.9228158
0.007974841	0.99202514
0.99678266	0.0032172743
0.01816702	0.981833
0.013068633	0.9869314
0.99029946	0.009700522
0.13150106	0.8684989
0.003514551	0.9964855
0.9925471	0.0074529005
0.99117917	0.008820835
0.99810505	0.001894916
0.005466225	0.9945338
0.9984024	0.0015976432
0.015290802	0.98470926
0.0075501525	0.9924499
0.3549368	0.64506316
0.9954477	0.004552268
0.99768746	0.0023125461
0.0037694692	0.99623054
0.0026117545	0.9973883
0.99792504	0.0020749767
0.13886745	0.8611325
0.9507404	0.049259547
0.009065367	0.99093455
0.95244145	0.04755853
0.055683006	0.94431704
0.002498826	0.9975012
0.11670106	0.88329893
0.9975908	0.0024091855
0.9032594	0.09674058
0.99830085	0.0016991752
0.0030334569	0.99696654
0.9971015	0.0028985224
0.88163	0.11837
0.0032828206	0.99671715
0.0032222453	0.9967777
0.938558	0.06144197
0.99625516	0.0037448101
0.9896393	0.010360722
0.0022688922	0.99773115
0.0020579637	0.99794203
0.0021522422	0.9978478
0.0022893676	0.9977106
0.98632056	0.013679489
0.9956079	0.0043921135
0.060240254	0.9397597
0.037916407	0.9620836
0.99734914	0.0026508395
0.0042020064	0.99579793
0.99732983	0.0026701866
0.9963245	0.0036755325
0.98074085	0.019259129
0.06786251	0.9321375
0.98414826	0.015851727
0.9937376	0.006262423
0.9974897	0.0025102787
0.003632307	0.9963677
0.012930079	0.98706996
0.008942908	0.99105716
0.08874183	0.91125816
0.98659897	0.013401068
0.9971162	0.0028838494
0.99784863	0.0021514047
0.99831367	0.0016863509
0.090606555	0.9093934
0.8839827	0.11601729
0.98104984	0.018950121
0.9965184	0.003481647
0.9976653	0.002334714
0.0036516017	0.99634844
0.81838787	0.18161216
0.022562949	0.977437
0.9963839	0.0036160874
0.92416096	0.075839005
0.99400914	0.005990841
0.015033059	0.98496693
0.99407214	0.0059278454
0.8730932	0.12690675
0.9952886	0.004711354
0.0026554503	0.99734455
0.98987156	0.010128423
0.0131189125	0.98688114
0.04562325	0.95437676
0.99836105	0.0016389693
0.016487697	0.98351234
0.010456102	0.9895439
0.9980236	0.001976421
0.0022558877	0.9977441
0.002145512	0.9978544
0.96620786	0.033792168
0.99434495	0.005655058
0.99776363	0.0022363618
0.9982887	0.0017113261
0.013359491	0.9866405
0.69718325	0.30281678
0.0021550942	0.99784493
0.9984748	0.0015252182
0.87746257	0.122537404
0.03740503	0.962595
0.6918387	0.30816132
0.0018582473	0.99814177
0.0020690095	0.997931
0.15005404	0.84994596
0.998035	0.0019649833
0.9977835	0.0022165554
0.99769634	0.0023036497
0.98972076	0.0102792345
0.99769175	0.0023082262
0.0032512133	0.9967488
0.9975253	0.002474722
0.9836304	0.016369577
0.9966397	0.0033602235
0.9930767	0.006923344
0.99767727	0.0023228044
0.96930367	0.030696345
0.003123163	0.99687684
0.9983198	0.0016801432
0.996833	0.0031669573
0.005294994	0.994705
0.99689263	0.0031073815
0.017714871	0.98228514
0.9670195	0.032980494
0.976857	0.023143005
0.9972989	0.0027011659
0.0020455157	0.9979545
0.009334899	0.9906651
0.19479594	0.8052041
0.9852941	0.014705908
0.08681314	0.9131869
0.9983429	0.0016570747
0.99840766	0.0015923877
0.006526452	0.9934735
0.009202069	0.990798
0.99447685	0.0055231852
0.0076220934	0.9923779
0.06933066	0.93066937
0.022414727	0.97758526
0.7502801	0.24971989
0.99810755	0.0018924364
0.9984432	0.0015568563
0.997079	0.0029210253
0.116876096	0.88312393
0.99702734	0.002972674
0.0023361982	0.99766386
0.9850953	0.014904642
0.99842846	0.0015715866
0.98781604	0.012183971
0.9974413	0.0025587305
0.0021027985	0.99789715
0.9970715	0.0029284812
0.9804975	0.01950255
0.004362865	0.9956371
0.03636881	0.9636312
0.9973476	0.002652406
0.9947471	0.005252933
0.009844727	0.9901552
0.99706155	0.0029384845
0.99715185	0.0028481553
0.9891131	0.010886867
0.9967409	0.0032591003
0.80740905	0.19259089
0.01686353	0.9831365
0.99540895	0.0045910124
0.80567867	0.19432129
0.76448345	0.23551661
0.9928518	0.0071482086
0.99598205	0.004017949
0.008695365	0.99130464
0.9943961	0.0056039724
0.98015594	0.019843973
0.9980743	0.0019257207
0.8595983	0.14040172
0.018040502	0.9819595
0.0022829291	0.99771714
0.07081501	0.92918503
0.0022789063	0.997721
0.993735	0.006265032
0.008038251	0.9919618
0.013914013	0.986086
0.002036528	0.99796355
0.021201024	0.978799
0.9983778	0.001622227
0.034907687	0.96509224
0.95568573	0.044314258
0.004501703	0.9954983
0.9944542	0.005545839
0.0070215524	0.9929784
0.0070817443	0.9929182
0.0039542504	0.99604577
0.06094343	0.9390565
0.9938472	0.0061528585
0.017682573	0.98231745
0.002071362	0.9979286
0.9941262	0.0058738305
0.9628254	0.037174515
0.98661613	0.013383893
0.7485059	0.25149414
0.003437058	0.9965629
0.97317106	0.026828898
0.99788445	0.002115481
0.0025603056	0.9974396
0.016977094	0.98302287
0.0024171488	0.9975828
0.10178483	0.8982151
0.022185728	0.97781426
0.408051	0.5919489
0.043035697	0.95696425
0.9977093	0.0022907453
0.0060465736	0.9939534
0.98246104	0.017538998
0.057915457	0.94208455
0.037763894	0.9622361
0.033880744	0.9661193
0.99837327	0.0016266675
0.013645613	0.9863544
0.37570682	0.6242932
0.96928596	0.030713977
0.99498993	0.00501003
0.9970071	0.0029929683
0.9911481	0.008851817
0.63574106	0.36425892
0.99592614	0.004073868
0.9928019	0.007198097
0.095129594	0.9048704
0.9974286	0.0025713644
0.6349096	0.36509043
0.004363743	0.9956363
0.32769793	0.6723021
0.9379209	0.062079053
0.0027717496	0.9972282
0.032376092	0.9676239
0.039989665	0.96001035
0.9935371	0.0064628003
0.0022982769	0.9977017
0.99762255	0.0023773927
0.99842036	0.0015796279
0.005069251	0.9949307
0.9963735	0.003626517
0.029135799	0.9708642
0.002129339	0.9978707
0.0121211	0.98787886
0.9454882	0.054511815
0.9972933	0.0027067235
0.99419904	0.0058009145
0.96629477	0.03370523
0.9982993	0.0017007451
0.0026753638	0.9973246
0.99550194	0.004498124
0.99370414	0.0062957876
0.9959656	0.0040344163
0.2270856	0.77291435
0.07484111	0.92515886
0.0039385953	0.9960614
0.015838344	0.9841616
0.99777585	0.002224155
0.016208	0.98379195
0.99383366	0.0061663324
0.0019294086	0.99807066
0.0019742835	0.9980258
0.9984126	0.0015873716
0.26398835	0.7360117
0.08121359	0.9187864
0.006396428	0.9936035
0.9914551	0.008545001
0.0024348102	0.99756515
0.027763413	0.9722366
0.0018229418	0.99817705
0.08416396	0.9158361
0.09969892	0.90030116
0.99505484	0.0049451105
0.035942275	0.9640578
0.99747306	0.0025269059
0.07561963	0.9243804
0.0024037939	0.9975962
0.07003203	0.929968
0.9939032	0.0060967356
0.9976018	0.0023981654
0.99702483	0.002975171
0.9979426	0.002057357
0.9971306	0.0028694414
0.050388005	0.94961196
0.0032845717	0.9967154
0.99466586	0.005334166
0.9984384	0.00156157
0.0031107867	0.9968892
0.0019851027	0.9980149
0.98182493	0.018175077
0.97432375	0.02567622
0.99829775	0.001702211
0.0029697756	0.99703026
0.04874398	0.951256
0.0020854638	0.9979145
0.010189048	0.98981094
0.0022014733	0.9977985
0.994964	0.005035996
0.0019498762	0.9980501
0.99337864	0.006621393
0.0038168682	0.9961831
0.8421071	0.15789285
0.99777114	0.0022288752
0.04778369	0.9522163
0.08478296	0.9152171
0.007622804	0.99237716
0.0032587596	0.99674124
0.0020926988	0.9979073
0.997773	0.002226959
0.99838805	0.0016120081
0.99743503	0.00256493
0.99643385	0.003566143
0.023811618	0.97618836
0.004880216	0.9951198
0.99825555	0.0017444189
0.99202627	0.007973735
0.002073345	0.9979266
0.99791783	0.0020821185
0.017850956	0.98214906
0.12300098	0.876999
0.99820995	0.0017900364
0.9917908	0.008209228
0.9785257	0.021474343
0.012979083	0.9870209
0.06100427	0.93899566
0.09144864	0.90855134
0.9984503	0.0015497347
0.15808047	0.8419195
0.14978896	0.850211
0.7169682	0.28303185
0.015993629	0.98400635
0.044156894	0.9558431
0.002029085	0.9979709
0.007304255	0.9926958
0.0029774664	0.99702257
0.99446505	0.0055349735
0.011496146	0.9885039
0.996995	0.003005037
0.9968374	0.0031625498
0.9966949	0.0033050978
0.08161148	0.91838855
0.99758124	0.0024187325
0.0066225845	0.9933774
0.03118291	0.96881706
0.99755174	0.002448327
0.0021414673	0.9978586
0.99688965	0.0031103818
0.9979085	0.0020915403
0.006829425	0.9931706
0.75437915	0.24562085
0.007837628	0.9921624
0.99810153	0.0018985205
0.9963419	0.0036581098
0.99124813	0.008751822
0.93806565	0.061934356
0.10931108	0.8906889
0.997063	0.0029369588
0.99830914	0.001690916
0.002174059	0.9978259
0.0050927103	0.9949073
0.0020440298	0.9979559
0.99846065	0.0015393823
0.9984529	0.0015471413
0.0046584206	0.99534154
0.02887489	0.9711251
0.9977992	0.0022007506
0.03492744	0.96507263
0.9935453	0.006454686
0.9789914	0.021008622
0.0050997506	0.9949003
0.9972281	0.0027718602
0.06154815	0.9384518
0.0027010206	0.997299
0.9983595	0.0016405289
0.9940923	0.0059077526
0.015694233	0.98430574
0.9620138	0.037986238
0.003500764	0.9964992
0.0023546133	0.9976453
0.039822854	0.9601772
0.99640614	0.0035938208
0.045352455	0.95464754
0.9940673	0.005932638
0.0038976043	0.99610245
0.018413473	0.9815865
0.9924852	0.0075148405
0.99532014	0.004679814
0.9955258	0.004474213
0.96663773	0.03336225
0.030818745	0.9691813
0.0020189811	0.997981
0.004348881	0.9956512
0.99629116	0.0037088753
0.046890028	0.95311
0.99646616	0.0035338185
0.9943891	0.0056109144
0.024124566	0.9758755
0.9888803	0.0111197
0.004748124	0.9952519
0.99517655	0.004823433
0.808255	0.19174497
0.99141383	0.008586135
0.96330863	0.036691405
0.99705976	0.0029402254
0.9481293	0.051870666
0.33517477	0.66482526
0.23661049	0.7633895
0.053572875	0.94642717
0.9976671	0.0023329784
0.002559446	0.9974406
0.90434223	0.0956578
0.99604577	0.0039541842
0.0020666686	0.9979334
0.9925608	0.0074391207
0.9952931	0.0047068396
0.045190834	0.9548092
0.113178045	0.8868219
0.7890963	0.21090373
0.19234017	0.80765986
0.027743785	0.9722562
0.04313158	0.9568684
0.9983191	0.0016809402
0.988877	0.011122993
0.9758075	0.024192497
0.0027272834	0.9972727
0.9976712	0.0023287726
0.014160394	0.9858396
0.0762787	0.9237213
0.98843527	0.011564721
0.9956174	0.004382659
0.005932672	0.9940673
0.010928649	0.98907137
0.0018306823	0.9981693
0.9978677	0.002132233
0.002997706	0.9970023
0.998298	0.0017019841
0.99831885	0.00168106
0.0018700076	0.99813
0.89598215	0.1040178
0.9412807	0.05871934
0.015580369	0.98441964
0.99805593	0.0019441416
0.9871832	0.012816845
0.00198974	0.99801034
0.0020981294	0.9979019
0.04652301	0.953477
0.9932208	0.0067791934
0.8475557	0.15244429
0.002491061	0.9975089
0.006542444	0.9934576
0.0026656736	0.99733436
0.0020849719	0.99791497
0.99774384	0.0022561215
0.7737799	0.22622006
0.03734754	0.9626524
0.12516403	0.87483597
0.012564013	0.98743594
0.0027528952	0.99724704
0.0023781948	0.99762183
0.99398875	0.0060112784
0.0020010248	0.997999
0.0018140043	0.99818593
0.74964863	0.25035137
0.009719266	0.99028075
0.008806447	0.9911936
0.98112315	0.018876811
0.018635139	0.9813649
0.9947083	0.0052917153
0.9975374	0.0024625922
0.060398765	0.9396013
0.9971706	0.002829427
0.005081609	0.9949184
0.001906828	0.9980932
0.9982999	0.001700086
0.039968483	0.96003157
0.9957997	0.0042002248
0.9953799	0.0046200505
0.99838686	0.0016131041
0.081021406	0.91897863
0.99276274	0.007237278
0.10053715	0.8994628
0.99328727	0.0067126765
0.9972887	0.0027112796
0.9957716	0.004228368
0.9982494	0.0017505984
0.9964862	0.0035138668
0.99456656	0.005433438
0.051985912	0.9480141
0.98766416	0.012335791
0.9906955	0.009304504
0.99636275	0.0036372393
0.9819999	0.018000161
0.0025652556	0.9974348
0.9886636	0.011336424
0.017973453	0.9820265
0.9962204	0.0037796283
0.99248016	0.0075199
0.0043767295	0.9956233
0.9940363	0.0059636286
0.99793684	0.0020631806
0.018590935	0.9814091
0.11559329	0.8844067
0.037750483	0.96224946
0.0025819968	0.99741805
0.89312845	0.10687151
0.99657613	0.0034239013
0.0054412493	0.99455875
0.0020597687	0.99794024
0.9974853	0.0025147423
0.0059076957	0.9940923
0.11328911	0.88671094
0.9976185	0.002381504
0.04651326	0.9534868
0.992462	0.0075380565
0.9980556	0.001944421
0.0038577665	0.9961422
0.0035525751	0.99644744
0.9849054	0.0150946025
0.95897895	0.041021
0.12189976	0.8781002
0.13145493	0.86854506
0.017087663	0.9829123
0.0029741516	0.9970259
0.0068371203	0.9931629
0.99367297	0.006327093
0.99749774	0.0025022274
0.016669933	0.9833301
0.13297953	0.8670205
0.995014	0.004985975
0.9981248	0.0018752061
0.9788614	0.021138683
0.99749184	0.0025082165
0.0054977853	0.9945022
0.0023149126	0.9976851
0.0017802074	0.9982198
0.91022635	0.089773655
0.9974146	0.0025853598
0.9969111	0.0030888577
0.9972441	0.0027558971
0.9980989	0.0019010766
0.99178797	0.008212047
0.96054953	0.039450444
0.04332208	0.95667785
0.0926742	0.9073258
0.98408604	0.015913961
0.9982345	0.001765494
0.0022450353	0.997755
0.99720687	0.0027930865
0.9890543	0.010945694
0.054408588	0.9455914
0.9710044	0.028995635
0.006754676	0.9932453
0.005965523	0.99403447
0.03686833	0.96313167
0.004699868	0.99530005
0.9907832	0.009216726
0.98821706	0.0117829945
0.10675242	0.8932476
0.0030021742	0.99699783
0.99714005	0.002859953
0.97006434	0.029935686
0.13016824	0.86983174
0.9971917	0.0028082402
0.9974106	0.002589358
0.0035866753	0.9964133
0.99803966	0.0019603148
0.002478428	0.9975216
0.005430473	0.9945695
0.023960462	0.9760395
0.0021760054	0.9978241
0.9880332	0.011966893
0.9974668	0.0025331825
0.08203342	0.91796654
0.003546343	0.99645364
0.0023127913	0.9976872
0.0056419563	0.994358
0.99750334	0.0024966684
0.9967604	0.0032396473
0.98895115	0.0110488245
0.997552	0.0024480915
0.13787247	0.86212754
0.98748916	0.0125108715
0.011335456	0.9886645
0.013531269	0.9864687
0.0024731546	0.9975268
0.9884869	0.011513075
0.9957131	0.004286897
0.17844492	0.8215551
0.0037885031	0.9962115
0.99154365	0.008456335
0.99546534	0.0045346636
0.99719304	0.0028070253
0.002735166	0.99726486
0.0052711684	0.99472886
0.03724779	0.96275216
0.99843866	0.0015613
0.996828	0.0031719708
0.007749719	0.99225026
0.97326094	0.026739048
0.9894365	0.010563479
0.9947411	0.005258861
0.99051416	0.009485889
0.99568033	0.0043196976
0.13226944	0.86773056
0.99740297	0.0025969774
0.041565884	0.9584341
0.9978243	0.0021756543
0.8479531	0.15204692
0.084595464	0.91540456
0.07425939	0.92574066
0.9612405	0.038759533
0.996496	0.0035040362
0.99695456	0.003045419
0.02783148	0.97216856
0.21377218	0.7862279
0.9973688	0.0026311057
0.9963025	0.0036974873
0.99352264	0.0064773173
0.00843729	0.9915627
0.1702287	0.82977134
0.04716698	0.95283306
0.9932247	0.0067753163
0.9960653	0.00393468
0.049663935	0.9503361
0.9190236	0.08097644
0.9910745	0.00892552
0.009839524	0.99016047
0.003282705	0.9967173
0.99588096	0.00411906
0.9966202	0.003379852
0.6612253	0.33877468
0.99559325	0.004406744
0.9928812	0.0071187993
0.0021614495	0.99783856
0.003772167	0.99622786
0.003971276	0.9960288
0.01685915	0.9831408
0.0019492833	0.9980507
0.015499768	0.98450017
0.9880513	0.011948655
0.006299336	0.9937006
0.0019012204	0.9980988
0.011339256	0.9886607
0.0024199856	0.99757993
0.94143766	0.058562294
0.0021819212	0.9978181
0.0028990102	0.997101
0.9973827	0.002617235
0.018501554	0.9814984
0.9957617	0.004238344
0.9981852	0.0018147295
0.98379207	0.016207928
0.9940258	0.005974154
0.005543746	0.99445623
0.07552814	0.9244719
0.002263059	0.99773693
0.98811823	0.011881767
0.12762578	0.8723742
0.9548134	0.04518659
0.9897082	0.010291832
0.077438965	0.92256105
0.97144	0.028559929
0.02864951	0.9713505
0.9956318	0.0043682
0.9625638	0.037436225
0.0076781595	0.9923219
0.998362	0.0016379427
0.0020496235	0.9979504
0.3866738	0.6133262
0.97947717	0.020522779
0.9697798	0.030220162
0.9972428	0.0027571528
0.9982627	0.0017372717
0.9956435	0.0043565356
0.997336	0.0026640594
0.0019434411	0.9980565
0.9953406	0.0046594646
0.99623436	0.0037656173
0.02120041	0.9787996
0.04144479	0.9585552
0.26999617	0.7300038
0.0020240797	0.9979759
0.035453536	0.9645465
0.09852655	0.90147346
0.005164241	0.99483573
0.99059933	0.009400686
0.0018033414	0.99819666
0.997696	0.0023039652
0.99603313	0.003966914
0.9949392	0.0050607836
0.007802304	0.9921977
0.0067153894	0.9932846
0.009779202	0.9902208
0.99810094	0.0018991079
0.99815494	0.0018450834
0.99008584	0.009914199
0.12411128	0.8758887
0.98690295	0.0130970385
0.9779189	0.022081066
0.9955669	0.004433066
0.9883493	0.01165071
0.9939785	0.006021498
0.016241841	0.98375815
0.9983752	0.0016248595
0.998298	0.0017019841
0.002360069	0.9976399
0.0093055675	0.9906944
0.0026597916	0.99734026
0.039516706	0.96048325
0.9449052	0.055094708
0.016606418	0.9833936
0.99146944	0.008530519
0.99701995	0.0029800835
0.0038719042	0.9961281
0.982427	0.017573038
0.010739761	0.9892602
0.99804026	0.0019597122
0.98392487	0.016075142
0.8364356	0.16356432
0.0019657668	0.9980342
0.99157494	0.008425008
0.99554044	0.004459522
0.99549556	0.0045044483
0.9927897	0.0072103026
0.9947483	0.0052517373
0.9981336	0.0018664125
0.9982317	0.0017683685
0.009749491	0.99025047
0.99449617	0.005503864
0.0049580536	0.99504197
0.998066	0.0019340531
0.010541752	0.9894582
0.9762541	0.023745937
0.0075160004	0.99248403
0.0020327903	0.9979672
0.99362296	0.006377108
0.0019480888	0.9980519
0.99583095	0.0041690706
0.0025294682	0.9974705
0.993705	0.006295019
0.85042125	0.14957875
0.0018507112	0.9981493
0.01966654	0.9803335
0.9937676	0.0062324433
0.27806592	0.72193414
0.99837565	0.001624295
0.98902005	0.010979887
0.016707491	0.9832925
0.0020855374	0.9979145
0.99835	0.0016499589
0.996995	0.0030050788
0.003605749	0.9963942
0.045734487	0.9542655
0.0021203374	0.99787974
0.06421588	0.9357841
0.008758013	0.99124193
0.99816626	0.0018337466
0.0055940403	0.994406
0.008584641	0.9914153
0.0050615277	0.9949385
0.9265262	0.07347383
0.9940422	0.005957798
0.99746466	0.002535285
0.0022866519	0.9977133
0.9951499	0.0048501277
0.07381824	0.9261818
0.995178	0.0048220367
0.99430674	0.005693315
0.99745864	0.0025414021
0.017411064	0.9825889
0.9234849	0.07651514
0.04170415	0.9582959
0.9957711	0.004228868
0.032033645	0.9679663
0.97906756	0.020932358
0.99828255	0.0017175089
0.99817526	0.0018246865
0.8967136	0.103286326
0.98085093	0.019149099
0.9943211	0.005678826
0.0037120853	0.99628794
0.9945557	0.00544431
0.99835193	0.0016480999
0.0019064986	0.99809355
0.99763536	0.0023646723
0.003987253	0.9960128
0.004023714	0.99597627
0.059917755	0.94008225
0.13213664	0.8678633
0.99721706	0.0027829357
0.9781116	0.021888362
0.13404025	0.8659598
0.018851535	0.9811484
0.00434384	0.99565613
0.009721487	0.99027854
0.9864	0.013599939
0.9752138	0.024786174
0.0052930424	0.9947069
0.9980818	0.0019181616
0.09956056	0.90043944
0.011276553	0.9887235
0.9983583	0.0016417126
0.002831133	0.99716884
0.11804275	0.8819573
0.99635255	0.003647411
0.0033773668	0.9966227
0.01898499	0.98101497
0.9966138	0.0033861573
0.9866781	0.013321856
0.9864129	0.013587107
0.001981769	0.99801826
0.99628276	0.0037172094
0.044867292	0.9551327
0.069274865	0.93072516
0.0472784	0.9527216
0.0048596906	0.9951403
0.9890344	0.010965595
0.0019237204	0.9980763
0.9977544	0.0022456325
0.0073741623	0.9926258
0.9912579	0.00874214
0.994873	0.005127002
0.9980136	0.0019864144
0.99819225	0.0018078089
0.001863739	0.9981363
0.99066496	0.009335102
0.9972428	0.0027571658
0.9965585	0.0034415035
0.004030335	0.99596965
0.0019721433	0.99802786
0.84523267	0.15476729
0.9983577	0.0016422636
0.9979096	0.002090411
0.027542783	0.9724572
0.96481556	0.03518443
0.0051198197	0.9948802
0.001899229	0.9981008
0.9955395	0.004460445
0.8789249	0.12107505
0.0040001124	0.99599993
0.99845743	0.0015426053
0.0058409437	0.9941591
0.99532604	0.004673885
0.010873103	0.98912686
0.03459882	0.9654011
0.0024444147	0.9975556
0.0020909233	0.99790907
0.9878527	0.012147319
0.0020159879	0.99798405
0.03194682	0.9680532
0.0046261903	0.9953738
0.0023373298	0.99766266
0.9870111	0.012988883
0.9981231	0.001876874
0.0022268784	0.9977731
0.035763074	0.964237
0.0019876852	0.9980123
0.0021698333	0.9978302
0.9923609	0.0076391585
0.005809369	0.9941907
0.002745664	0.9972543
0.09562977	0.9043702
0.048362926	0.95163715
0.00551378	0.9944863
0.9791074	0.020892622
0.024228461	0.9757715
0.007061819	0.9929382
0.0025102408	0.9974898
0.9898173	0.010182597
0.77123946	0.22876056
0.0072411676	0.99275887
0.0028509896	0.99714905
0.9977549	0.0022451805
0.99288356	0.007116451
0.99502003	0.0049799965
0.9979469	0.0020531018
0.99728096	0.0027190489
0.001982278	0.99801767
0.9943388	0.0056611635
0.06279569	0.93720424
0.010132152	0.9898678
0.0152264545	0.9847735
0.0052950643	0.9947049
0.035637394	0.96436256
0.9952054	0.0047946186
0.03890175	0.96109825
0.0027675903	0.9972324
0.008039467	0.99196047
0.0018734755	0.99812657
0.99438184	0.0056181233
0.0018252581	0.9981748
0.9967943	0.003205738
0.0021197037	0.99788034
0.9916237	0.008376246
0.0020354234	0.9979646
0.98533195	0.014668051
0.0022920095	0.99770796
0.79304874	0.20695125
0.0025119628	0.997488
0.011760118	0.9882399
0.99753153	0.002468423
0.9955968	0.004403132
0.0019973551	0.9980026
0.113190524	0.8868095
0.978284	0.021716062
0.01197515	0.9880249
0.0076986477	0.99230134
0.9973348	0.002665159
0.99825233	0.001747596
0.0020937547	0.9979062
0.9960478	0.003952158
0.99048936	0.009510665
0.8692051	0.13079487
0.0917785	0.9082215
0.997195	0.0028049601
0.9839181	0.016081985
0.9934001	0.006599937
0.973544	0.02645597
0.002254875	0.9977451
0.008569963	0.9914301
0.018593388	0.98140657
0.99387616	0.0061238403
0.002065718	0.99793434
0.100240864	0.8997591
0.06499511	0.93500495
0.9983917	0.0016083095
0.02342159	0.97657835
0.011071137	0.98892885
0.003053556	0.9969464
0.0018887258	0.99811125
0.99780136	0.002198562
0.004565912	0.9954341
0.9984054	0.0015946128
0.015374579	0.98462546
0.9955805	0.004419492
0.9789008	0.021099174
0.0038103156	0.99618965
0.0022486502	0.9977513
0.9380045	0.061995503
0.11372533	0.88627476
0.9794636	0.02053638
0.9980211	0.0019788994
0.99710435	0.0028956488
0.99733174	0.0026683144
0.9981772	0.0018227821
0.09027418	0.9097258
0.97891927	0.021080717
0.0025479428	0.9974521
0.9888259	0.011174101
0.9981681	0.0018318727
0.08520172	0.9147983
0.99837554	0.0016245039
0.0037953604	0.9962047
0.049214963	0.95078504
0.93052113	0.06947891
0.99602866	0.0039713737
0.0038337873	0.9961662
0.9958747	0.004125285
0.055097353	0.9449027
0.38551915	0.6144809
0.016905416	0.9830945
0.9977608	0.0022392005
0.007925582	0.9920744
0.0054153735	0.9945846
0.5967106	0.4032894
0.9927422	0.0072578285
0.99653697	0.0034630876
0.9877631	0.012236835
0.9217745	0.0782255
0.07977081	0.9202292
0.006481544	0.9935184
0.9982734	0.0017266184
0.99824405	0.0017559428
0.0037243937	0.99627566
0.7973415	0.20265847
0.9984603	0.00153974
0.99489504	0.005104974
0.0023869185	0.9976131
0.005269723	0.99473023
0.99847573	0.0015242375
0.9971205	0.0028795113
0.06514767	0.93485236
0.001970449	0.99802953
0.015570698	0.98442936
0.21547791	0.7845221
0.99085325	0.009146824
0.9805433	0.019456664
0.99174845	0.008251599
0.004803528	0.9951965
0.0022106501	0.9977894
0.0018563237	0.9981437
0.9977319	0.0022679986
0.009067917	0.9909321
0.04802115	0.9519788
0.17175391	0.82824606
0.16440926	0.8355907
0.99648726	0.0035127415
0.006909732	0.99309033
0.988915	0.011085013
0.009710628	0.99028945
0.997162	0.0028380705
0.05205923	0.9479407
0.98174036	0.018259618
0.9960977	0.0039023221
0.99784744	0.0021525095
0.015357826	0.9846422
0.0033107856	0.99668926
0.035828542	0.96417147
0.0039766394	0.9960233
0.70473	0.29527006
0.99317217	0.0068278853
0.99418724	0.0058127074
0.116416775	0.8835832
0.012105015	0.987895
0.0067969714	0.99320304
0.19155808	0.8084419
0.48129138	0.5187086
0.9930757	0.0069242287
0.007425371	0.9925747
0.02625867	0.9737413
0.17648466	0.82351536
0.020124868	0.97987515
0.0571787	0.94282126
0.9940777	0.0059223324
0.8029585	0.19704151
0.99102694	0.008973039
0.006410998	0.99358904
0.9913961	0.0086039
0.0027199993	0.99728
0.93244934	0.06755066
0.0033552037	0.99664485
0.9975182	0.0024818706
0.018845247	0.98115474
0.0032930216	0.996707
0.00428912	0.99571085
0.004603835	0.9953962
0.025364155	0.97463584
0.009615694	0.99038434
0.9945551	0.005444917
0.9983966	0.0016034647
0.051421836	0.9485782
0.0019179755	0.99808204
0.7306952	0.26930478
0.53453434	0.46546564
0.99644417	0.0035558154
0.0018549962	0.998145
0.0019531907	0.99804676
0.9905504	0.009449544
0.061729785	0.9382703
0.006991661	0.9930084
0.002195513	0.99780446
0.003030944	0.99696904
0.0031421625	0.9968579
0.03438277	0.9656172
0.99510205	0.0048979255
0.9981427	0.0018572462
0.003548258	0.99645174
0.0069970167	0.99300295
0.9971553	0.002844685
0.99608994	0.0039100456
0.99553937	0.004460568
0.0038769522	0.996123
0.028209416	0.97179055
0.9966271	0.0033729172
0.12095973	0.87904024
0.99565697	0.0043430952
0.46986207	0.53013796
0.9959806	0.00401936
0.016254745	0.9837452
0.9974074	0.0025926458
0.002365892	0.99763405
0.02759946	0.97240055
0.024088591	0.97591144
0.9857795	0.014220521
0.9867975	0.013202467
0.9976179	0.0023820342
0.9978598	0.0021402196
0.8543312	0.14566876
0.0018433601	0.9981566
0.98249084	0.017509213
0.9949817	0.005018278
0.0038362262	0.9961637
0.9958923	0.004107742
0.027683467	0.9723165
0.0022815326	0.99771845
0.9952852	0.004714804
0.10649088	0.8935091
0.028889483	0.9711105
0.0019014919	0.99809855
0.99666697	0.003333005
0.99816185	0.0018381911
0.99825245	0.0017475288
0.0021144403	0.9978855
0.9976179	0.0023820275
0.0055620573	0.99443793
0.0059236293	0.9940764
0.98231494	0.017685125
0.9880592	0.011940749
0.09179549	0.9082045
0.99240124	0.0075987577
0.99296725	0.007032783
0.22827666	0.77172333
0.22499542	0.7750046
0.009321573	0.9906784
0.007825783	0.99217427
0.0348002	0.96519977
0.39592934	0.6040706
0.998447	0.0015530867
0.99806637	0.0019336243
0.9966544	0.0033455896
0.9968465	0.0031534622
0.9977525	0.0022475426
0.9973546	0.0026453324
0.006704101	0.99329585
0.99783933	0.0021606705
0.002022626	0.99797744
0.99670887	0.0032910656
0.23378675	0.76621324
0.02994246	0.9700576
0.28093678	0.7190633
0.997897	0.0021029075
0.997821	0.002179018
0.056076996	0.943923
0.99439335	0.0056066057
0.0060741473	0.99392587
0.01051405	0.989486
0.9932817	0.006718243
0.0019296014	0.9980704
0.9962542	0.0037457962
0.99263424	0.007365745
0.002108614	0.99789137
0.0046677385	0.9953323
0.98619634	0.013803606
0.58597386	0.41402614
0.99616265	0.0038373491
0.0169902	0.9830099
0.99418974	0.0058103274
0.023750558	0.97624946
0.99822074	0.001779218
0.009748148	0.9902519
0.81507075	0.18492925
0.9926071	0.007392937
0.0028313312	0.9971687
0.0020359987	0.997964
0.07564507	0.924355
0.07029529	0.9297048
0.0031378698	0.9968622
0.996506	0.0034940387
0.997471	0.0025290994
0.001880064	0.9981199
0.0038255048	0.99617445
0.9744815	0.025518477
0.9930918	0.0069082077
0.99822515	0.0017748339
0.0020960115	0.99790394
0.052373163	0.9476268
0.9823476	0.017652383
0.10128531	0.89871466
0.97918063	0.020819401
0.004623844	0.9953761
0.002488772	0.99751127
0.9966539	0.0033460907
0.93566614	0.06433383
0.9947812	0.005218754
0.007817213	0.9921828
0.93963337	0.060366616
0.9975696	0.0024303982
0.9970592	0.0029407735
0.92307365	0.07692632
0.0020919102	0.9979081
0.0032482166	0.9967518
0.0020529542	0.99794704
0.07421669	0.92578334
0.9983998	0.0016001695
0.07270727	0.9272927
0.0018861109	0.9981139
0.9984074	0.0015925893
0.9890196	0.010980385
0.014035534	0.9859644
0.99585825	0.004141702
0.99442047	0.005579494
0.9861755	0.013824517
0.008225114	0.9917749
0.007332216	0.99266785
0.99777514	0.0022248959
0.5172703	0.48272964
0.98716426	0.012835791
0.0070454273	0.99295455
0.010844484	0.9891556
0.055886406	0.9441136
0.9984084	0.0015916062
0.0029160646	0.99708396
0.0059176576	0.9940824
0.057708077	0.942292
0.5533573	0.44664273
0.9922948	0.0077052587
0.9935202	0.0064798226
0.9481327	0.051867235
0.99671435	0.00328566
0.005400487	0.99459946
0.996229	0.0037709952
0.0018895089	0.99811053
0.0024680782	0.9975319
0.9754615	0.024538543
0.015580531	0.9844194
0.99674594	0.0032540606
0.3255543	0.6744457
0.0022740935	0.9977259
0.9970137	0.0029863107
0.0020780999	0.9979219
0.99840516	0.0015948283
0.99642926	0.0035707755
0.99563146	0.0043685352
0.9984535	0.0015465242
0.9979672	0.0020327778
0.89907724	0.10092274
0.9879511	0.012048931
0.9868456	0.013154383
0.00262507	0.9973749
0.99847084	0.0015291877
0.0041238	0.9958762
0.9666562	0.033343736
0.008388986	0.99161106
0.0025137688	0.99748623
0.9977537	0.0022463142
0.046853114	0.95314693
0.99425536	0.0057446794
0.019280622	0.9807194
0.9970203	0.002979721
0.95133513	0.04866486
0.013000045	0.9869999
0.9910712	0.008928827
0.0073919995	0.9926081
0.99530786	0.004692119
0.0023739708	0.997626
0.019443285	0.9805567
0.985261	0.014738927
0.028183449	0.9718166
0.021945693	0.9780542
0.99674606	0.003253892
0.9958402	0.004159835
0.0268103	0.9731897
0.015558808	0.98444116
0.0018807845	0.9981192
0.0018841345	0.9981159
0.0019915882	0.99800843
0.99779874	0.002201264
0.0071046846	0.9928953
0.002002422	0.9979976
0.004100389	0.9958996
0.032444384	0.96755564
0.9787241	0.021275954
0.113804415	0.8861956
0.99570763	0.0042922855
0.9599909	0.04000914
0.9982614	0.0017386468
0.99821883	0.0017811888
0.010775831	0.98922414
0.04438114	0.9556189
0.9971877	0.0028123239
0.015444356	0.98455566
0.020676624	0.9793234
0.0018455846	0.99815434
0.028519925	0.9714801
0.9973839	0.0026160656
0.0038358802	0.9961641
0.9983872	0.0016127556
0.68793046	0.31206957
0.013334899	0.9866651
0.0029271673	0.9970728
0.9871983	0.012801736
0.022783285	0.9772167
0.0070324955	0.9929675
0.99542916	0.004570791
0.04870526	0.9512947
0.99677	0.0032299533
0.044734024	0.955266
0.014767511	0.9852325
0.83827704	0.16172296
0.9983985	0.0016015605
0.018463485	0.98153657
0.998323	0.0016770174
0.0021767819	0.99782324
0.002460797	0.99753916
0.8477145	0.15228553
0.9979346	0.002065422
0.034624666	0.96537536
0.42761	0.57239
0.00257111	0.99742883
0.064805076	0.93519497
0.9982613	0.0017386961
0.99817896	0.0018210514
0.9955622	0.004437766
0.98942775	0.010572184
0.004451925	0.9955481
0.9977729	0.0022270903
0.9978694	0.0021306248
0.0058332398	0.99416673
0.9317599	0.06824016
0.0025767514	0.9974233
0.9889204	0.011079661
0.0028999685	0.99710006
0.99421704	0.005782963
0.0022670168	0.997733
0.9940375	0.005962436
0.021343643	0.9786564
0.03476408	0.96523595
0.002069545	0.9979304
0.0027251742	0.9972748
0.9980167	0.0019833085
0.997919	0.0020809458
0.9957283	0.004271663
0.99668103	0.0033189177
0.0026062275	0.9973937
0.049902674	0.9500973
0.9981791	0.0018208997
0.011618478	0.98838145
0.012661033	0.987339
0.9983469	0.0016531385
0.86529326	0.13470677
0.026441975	0.973558
0.9984572	0.0015427661
0.0027277765	0.9972722
0.02723885	0.97276115
0.9968946	0.0031053645
0.9974131	0.0025869457
0.99608094	0.0039191027
0.9973961	0.0026039332
0.4197104	0.5802896
0.9959408	0.004059172
0.0030366655	0.9969633
0.09788939	0.9021106
0.021065194	0.9789348
0.99404883	0.005951233
0.9974866	0.0025134436
0.99646735	0.0035326418
0.013674869	0.9863251
0.0018763383	0.9981237
0.9967302	0.0032697888
0.0026124264	0.9973876
0.9926468	0.0073532364
0.33755887	0.66244113
0.99682224	0.0031778114
0.004244897	0.9957551
0.9978492	0.0021508378
0.9964965	0.003503545
0.0085224975	0.99147755
0.00215858	0.99784136
0.8339257	0.16607432
0.9744323	0.025567666
0.9943025	0.0056975135
0.39483237	0.6051677
0.7182529	0.2817471
0.9801947	0.01980532
0.99481684	0.0051831338
0.99505424	0.0049457205
0.0035822901	0.99641776
0.8452733	0.15472668
0.9913995	0.008600492
0.007947974	0.99205196
0.006141517	0.9938585
0.0070679337	0.9929321
0.0019074096	0.9980926
0.009844979	0.990155
0.082645275	0.9173547
0.0028471448	0.9971528
0.06974712	0.93025285
0.98761415	0.012385892
0.9918705	0.008129483
0.010663412	0.9893366
0.061516773	0.93848324
0.0017843456	0.9982157
0.034925025	0.96507496
0.9927735	0.007226569
0.9432179	0.056782126
0.0030571523	0.9969428
0.46165207	0.5383479
0.0063471682	0.9936528
0.007108601	0.99289143
0.9762048	0.023795148
0.7280007	0.27199933
0.9982168	0.0017831229
0.9976489	0.0023511527
0.0017899547	0.9982101
0.008651204	0.9913488
0.9578408	0.042159215
0.010705841	0.9892942
0.0026003788	0.9973997
0.0072859963	0.992714
0.9979734	0.0020266399
0.026938993	0.97306097
0.0022302438	0.99776983
0.0028173912	0.9971826
0.99718934	0.0028107008
0.049183734	0.9508163
0.99286836	0.0071316115
0.0018015259	0.99819845
0.008198038	0.9918019
0.018436361	0.9815637
0.004139504	0.9958605
0.0037976294	0.9962024
0.011855186	0.98814476
0.97362804	0.02637195
0.76853704	0.23146297
0.9980933	0.0019067426
0.9881293	0.01187072
0.9973023	0.002697673
0.03692005	0.9630799
0.0019461985	0.9980538
0.011639964	0.98836005
0.9438461	0.05615383
0.9967294	0.0032706046
0.9982115	0.0017884711
0.062908076	0.93709195
0.057606515	0.9423935
0.0074964333	0.9925035
0.99711215	0.0028878697
0.9962519	0.003748085
0.9976808	0.002319184
0.9939488	0.00605123
0.9887453	0.011254739
0.9907177	0.009282307
0.0030443233	0.99695563
0.015065537	0.98493445
0.995204	0.0047960477
0.007823488	0.9921765
0.9809858	0.019014176
0.0589934	0.9410066
0.93670505	0.063294895
0.0024170948	0.9975829
0.011573271	0.98842674
0.9977895	0.0022105314
0.014677633	0.98532236
0.8663373	0.13366267
0.19390398	0.80609596
0.9588527	0.041147318
0.99678636	0.0032136738
0.032573175	0.9674268
0.842965	0.15703493
0.031139242	0.9688608
0.9975822	0.0024177663
0.0018471209	0.9981529
0.14926505	0.85073495
0.98366076	0.016339209
0.9797349	0.020265114
0.00655917	0.9934408
0.023858191	0.97614175
0.002255583	0.99774444
0.0026708432	0.9973291
0.9980598	0.0019401513
0.9927874	0.0072126044
0.0091565875	0.9908434
0.067174785	0.9328252
0.002510176	0.9974898
0.0047294754	0.99527055
0.0035051552	0.9964948
0.011605225	0.98839474
0.0045521185	0.9954478
0.0032320376	0.996768
0.626227	0.373773
0.9970169	0.0029830867
0.9984055	0.0015945004
0.19316766	0.8068323
0.0055528227	0.9944471
0.9786249	0.021375185
0.977935	0.022064963
0.97771066	0.022289367
0.98546994	0.014530013
0.038192283	0.9618077
0.0026984198	0.9973016
0.9977896	0.0022103598
0.9973911	0.0026088168
0.07038872	0.9296113
0.9974226	0.0025774548
0.004603232	0.9953968
0.0023611947	0.9976388
0.99722075	0.0027792885
0.99839646	0.0016035165
0.8348085	0.16519147
0.98945135	0.010548657
0.9765381	0.023461925
0.99813676	0.0018632511
0.018962473	0.98103756
0.0021896835	0.9978103
0.005197389	0.9948026
0.9887046	0.011295431
0.0019126412	0.99808735
0.99480706	0.0051928894
0.9983011	0.0016989277
0.994212	0.0057880534
0.9967213	0.0032786308
0.99791735	0.0020825998
0.9968682	0.003131793
0.9961324	0.003867579
0.0019131274	0.9980869
0.002478223	0.9975218
0.9920602	0.007939804
0.050888468	0.94911146
0.016430466	0.98356956
0.015260599	0.9847394
0.99711394	0.0028860576
0.2997235	0.7002765
0.99690765	0.0030923928
0.9982014	0.0017986507
0.0042099953	0.99579006
0.99706906	0.0029309483
0.99576616	0.0042337896
0.010303845	0.98969615
0.0019784837	0.9980215
0.99754035	0.0024596446
0.0018875567	0.99811244
0.037350405	0.96264964
0.023630476	0.97636956
0.99210066	0.007899298
0.039102253	0.9608977
0.96380913	0.036190867
0.053861696	0.9461383
0.9948783	0.005121673
0.99265856	0.0073414603
0.9971154	0.00288458
0.99776316	0.0022368866
0.011020684	0.98897934
0.025328886	0.97467107
0.001990254	0.99800974
0.1011118	0.8988882
0.012058538	0.98794144
0.19560505	0.8043949
0.9857422	0.014257801
0.99332595	0.0066740853
0.99759823	0.0024018188
0.99623483	0.003765174
0.9978962	0.0021037322
0.9969548	0.0030452062
0.9979165	0.002083511
0.95571613	0.044283897
0.0018518091	0.9981482
0.03200958	0.96799046
0.0065753255	0.99342465
0.9937091	0.0062909187
0.007015046	0.99298495
0.0052124257	0.9947876
0.9973425	0.002657517
0.9534199	0.046580065
0.99773705	0.0022629437
0.0056168553	0.9943831
0.9971065	0.0028935128
0.006520185	0.99347985
0.95313966	0.0468603
0.0028925512	0.99710745
0.09394765	0.90605235
0.99720395	0.0027960818
0.0020690204	0.997931
0.9566066	0.04339332
0.00995756	0.99004245
0.0021568204	0.99784315
0.070543334	0.9294567
0.021301571	0.9786984
0.017383464	0.98261654
0.99367344	0.0063265716
0.9979001	0.0020998127
0.99827313	0.0017268847
0.0040270924	0.99597293
0.023058621	0.9769414
0.99024606	0.009753996
0.01796032	0.98203963
0.9961016	0.003898406
0.0020561258	0.9979438
0.01038583	0.9896142
0.9950126	0.0049874256
0.7408945	0.2591055
0.9972856	0.0027144328
0.9077025	0.09229746
0.016424265	0.98357576
0.037336335	0.9626637
0.013193661	0.98680633
0.007098088	0.99290186
0.021955844	0.9780441
0.99298877	0.0070112543
0.95064527	0.04935477
0.99654084	0.0034590778
0.9976144	0.0023856722
0.008746728	0.9912533
0.99157506	0.008424895
0.013906727	0.9860933
0.007545802	0.99245423
0.008677914	0.99132204
0.981713	0.018287057
0.992299	0.0077010016
0.0027113392	0.9972887
0.9947007	0.005299361
0.9896347	0.01036527
0.9981115	0.0018884741
0.9936779	0.0063221366
0.99782073	0.0021792827
0.96185184	0.03814815
0.93052596	0.06947402
0.9976434	0.002356615
0.0020133446	0.9979867
0.9967334	0.0032665923
0.99772424	0.0022757482
0.99689853	0.0031014758
0.03289822	0.9671018
0.0025300977	0.9974699
0.14433844	0.8556616
0.0018189411	0.9981811
0.99554646	0.0044535226
0.0021177519	0.9978822
0.099223495	0.9007765
0.9977198	0.0022800982
0.9816876	0.018312348
0.002112195	0.9978878
0.0063360147	0.993664
0.021312062	0.9786879
0.9912533	0.008746733
0.9960834	0.003916654
0.005426753	0.9945733
0.069272816	0.9307272
0.16836533	0.8316347
0.06452267	0.9354774
0.99743074	0.00256923
0.038369063	0.961631
0.9979911	0.0020089515
0.037692558	0.96230745
0.99850637	0.0014935496
0.99745566	0.0025443207
0.9958961	0.0041038697
0.99637055	0.0036295026
0.0030025207	0.9969975
0.02293426	0.9770658
0.99632674	0.0036731963
0.02424627	0.9757538
0.05179891	0.9482011
0.0063582896	0.9936417
0.9724603	0.027539626
0.0072106994	0.9927893
0.99008626	0.009913693
0.08304754	0.91695243
0.0027816973	0.99721825
0.001945491	0.9980545
0.9927764	0.0072236583
0.004617138	0.99538285
0.9965798	0.003420138
0.028129254	0.9718707
0.0027141564	0.99728584
0.99064386	0.009356124
0.9302053	0.06979471
0.002565251	0.9974348
0.0036165924	0.9963834
0.0047194394	0.99528056
0.9958162	0.004183805
0.9893273	0.010672717
0.9981653	0.0018346729
0.9947025	0.0052974606
0.009313413	0.9906866
0.99418044	0.0058195954
0.9981414	0.0018585745
0.9971295	0.0028705194
0.06062588	0.9393741
0.9778461	0.022153888
0.9968515	0.0031484745
0.112549834	0.8874501
0.0021384128	0.99786156
0.019811355	0.9801886
0.99316734	0.0068326597
0.06671233	0.9332877
0.003886154	0.9961138
0.9964748	0.003525239
0.9833452	0.016654847
0.0032776354	0.9967224
0.031920422	0.96807957
0.92455685	0.07544311
0.9938571	0.0061428556
0.99761426	0.0023858084
0.7433622	0.2566378
0.9933153	0.0066847247
0.004777013	0.995223
0.0027775364	0.9972224
0.9839436	0.01605644
0.9965353	0.0034646944
0.07463843	0.9253616
0.002637322	0.9973627
0.5149042	0.48509583
0.9976017	0.0023982795
0.99686474	0.0031351857
0.010849169	0.98915076
0.0022298503	0.9977702
0.010854851	0.9891452
0.95512503	0.044875037
0.019782726	0.9802172
0.15827914	0.8417209
0.9971673	0.0028326616
0.0020801031	0.99791986
0.04347414	0.9565258
0.012298811	0.9877011
0.99627507	0.0037248991
0.9887917	0.011208271
0.99774075	0.002259298
0.04261229	0.9573877
0.0026622023	0.99733776
0.99600804	0.0039919256
0.99839824	0.0016017037
0.9833937	0.016606286
0.9867553	0.013244703
0.9728104	0.027189605
0.994296	0.0057040034
0.9983936	0.001606371
0.04532274	0.9546773
0.0022103933	0.9977896
0.66013193	0.33986807
0.99823064	0.0017693738
0.97374076	0.026259238
0.0018855885	0.99811447
0.0034639142	0.99653614
0.9950707	0.0049293377
0.8965094	0.10349061
0.2125989	0.78740114
0.002137003	0.997863
0.06365699	0.936343
0.99486005	0.0051399427
0.9984164	0.0015835976
0.09795314	0.90204686
0.034803744	0.9651963
0.9770156	0.022984415
0.90954095	0.09045907
0.01023271	0.98976725
0.008745041	0.9912549
0.007927142	0.9920729
0.9937045	0.0062954654
0.9908879	0.009112117
0.92048824	0.07951183
0.003893158	0.9961068
0.9984699	0.0015301331
0.013470898	0.9865291
0.99595946	0.004040531
0.02357066	0.97642934
0.0034116355	0.99658835
0.08589109	0.9141089
0.9761633	0.023836693
0.0018673295	0.99813265
0.0024167153	0.99758327
0.9978319	0.0021681748
0.99681526	0.0031847714
0.9971322	0.0028678046
0.001784337	0.9982157
0.0018142702	0.9981857
0.9969132	0.0030867823
0.96402854	0.035971463
0.0019104587	0.9980895
0.082985476	0.91701454
0.0055241957	0.9944758
0.00270955	0.9972905
0.9983662	0.0016338137
0.4587783	0.54122174
0.0028741576	0.9971258
0.0033215121	0.9966785
0.9976566	0.002343382
0.9922995	0.007700565
0.9924148	0.007585198
0.99615	0.0038500016
0.99252033	0.007479628
0.0030437792	0.9969562
0.036258526	0.9637415
0.9958339	0.004166086
0.13509585	0.8649041
0.005711959	0.994288
0.9975121	0.0024879244
0.010741222	0.9892588
0.9976069	0.0023930897
0.918689	0.08131103
0.0217133	0.9782867
0.012806713	0.9871933
0.97734344	0.022656616
0.040806625	0.95919335
0.0058066268	0.9941934
0.0021384554	0.99786156
0.9553575	0.0446425
0.9981371	0.0018629098
0.035066314	0.96493375
0.0026439906	0.99735606
0.0049439003	0.99505615
0.99749655	0.0025034011
0.9976974	0.002302522
0.9970554	0.0029446026
0.99502254	0.004977528
0.029117085	0.9708829
0.9887074	0.011292577
0.031919815	0.96808016
0.008572953	0.99142706
0.9927617	0.0072383224
0.99036986	0.009630099
0.99819726	0.0018027682
0.003696277	0.9963037
0.15044856	0.8495515
0.9808702	0.019129751
0.9982894	0.0017106363
0.0021388684	0.9978611
0.99730325	0.0026967612
0.017345363	0.98265463
0.99359375	0.0064062644
0.0022472783	0.9977527
0.060443792	0.93955624
0.9945102	0.005489855
0.013456712	0.9865433
0.004538628	0.9954614
0.0695788	0.93042123
0.12759691	0.872403
0.9984597	0.0015402619
0.01773875	0.98226124
0.99078536	0.009214645
0.9973252	0.0026747899
0.9961008	0.0038992134
0.05121627	0.94878376
0.98271203	0.017287891
0.3552408	0.6447592
0.00965286	0.99034715
0.02059399	0.97940606
0.988632	0.011368009
0.99816763	0.0018322965
0.9982287	0.0017713144
0.08199906	0.91800094
0.99658775	0.0034122097
0.99814117	0.0018588594
0.0025825838	0.99741745
0.04392767	0.9560723
0.006580052	0.99341995
0.9964121	0.0035879007
0.0020811143	0.9979189
0.012542936	0.9874571
0.8666159	0.1333841
0.9949597	0.005040287
0.002115186	0.9978848
0.9979511	0.0020488938
0.99650145	0.0034985892
0.031619642	0.96838033
0.015835876	0.9841642
0.0148312235	0.9851688
0.0051650275	0.994835
0.0023810442	0.997619
0.23357789	0.7664221
0.973918	0.026081989
0.0019473288	0.9980527
0.93641627	0.0635837
0.99231225	0.007687713
0.8806932	0.119306855
0.0019720953	0.99802786
0.004800456	0.99519956
0.9975921	0.0024079045
0.047965635	0.95203435
0.0018270854	0.9981729
0.012114297	0.9878857
0.014010133	0.9859899
0.99835443	0.0016455653
0.0033422108	0.9966577
0.9962909	0.0037090671
0.9981493	0.0018506935
0.9627322	0.037267838
0.9982591	0.0017409158
0.99238974	0.007610258
0.99606293	0.003937101
0.99266124	0.007338786
0.9916449	0.008355068
0.9912176	0.008782471
0.051721264	0.9482787
0.99781525	0.00218478
0.002860088	0.99713993
0.001918094	0.9980819
0.8952293	0.10477077
0.0026685477	0.9973315
0.97348684	0.026513128
0.002750168	0.9972498
0.005564394	0.99443555
0.9983	0.0016999907
0.018768905	0.98123103
0.0022711635	0.9977289
0.99776745	0.0022326177
0.9962134	0.0037866484
0.005056478	0.99494356
0.99345946	0.006540504
0.99314296	0.006857023
0.22069947	0.7793005
0.1649456	0.83505446
0.99821174	0.0017882343
0.98332584	0.01667417
0.996576	0.0034240088
0.040196747	0.9598032
0.99742943	0.002570533
0.9977114	0.0022885338
0.9971584	0.0028415837
0.002845824	0.9971541
0.99463165	0.0053683477
0.9918725	0.008127441
0.0382318	0.96176827
0.0023184174	0.9976816
0.9984174	0.0015826698
0.01974476	0.98025525
0.0019326451	0.9980673
0.04170135	0.9582986
0.9813502	0.018649781
0.0021065644	0.9978935
0.0021655147	0.9978345
0.99008334	0.009916662
0.98209965	0.017900318
0.008632801	0.99136716
0.9943001	0.005699826
0.0020197665	0.9979803
0.0021849994	0.997815
0.007775395	0.9922246
0.0020225067	0.99797755
0.01449941	0.98550063
0.9950588	0.004941217
0.0019899681	0.9980101
0.9974591	0.0025409395
0.009278344	0.9907217
0.18170002	0.81829995
0.011748121	0.98825186
0.107493505	0.89250654
0.07144352	0.9285565
0.0018314073	0.9981686
0.03332862	0.9666714
0.075439475	0.92456055
0.0025647664	0.9974353
0.9975413	0.0024586641
0.99569905	0.0043009394
0.96202636	0.037973605
0.99738854	0.002611501
0.9957222	0.004277825
0.9984914	0.001508578
0.14974481	0.85025525
0.004593462	0.9954065
0.9752053	0.024794655
0.0053160014	0.99468404
0.0021030968	0.9978969
0.99836165	0.0016383155
0.9966433	0.0033566805
0.12036221	0.87963784
0.051195905	0.94880414
0.9970017	0.0029982831
0.11842301	0.881577
0.01576561	0.9842344
0.010046734	0.98995334
0.15475522	0.84524477
0.8488189	0.15118112
0.0019091289	0.9980908
0.0029183545	0.9970816
0.0025844073	0.99741554
0.08479905	0.9152009
0.002047446	0.9979526
0.9958282	0.0041717235
0.03449923	0.96550083
0.0033664703	0.9966336
0.99637246	0.0036275506
0.03398354	0.9660165
0.9474137	0.052586377
0.9977586	0.0022413663
0.002504528	0.9974955
0.004114673	0.9958853
0.003342853	0.99665713
0.99681383	0.0031861675
0.9961934	0.003806631
0.013352654	0.98664737
0.02906304	0.97093695
0.07880913	0.92119086
0.0038505176	0.99614954
0.99843305	0.0015669853
0.994669	0.0053309635
0.99831474	0.001685326
0.94105494	0.058945015
0.0024137397	0.99758625
0.9942095	0.0057904846
0.007822349	0.99217767
0.9968453	0.0031546764
0.027837345	0.97216266
0.014978192	0.98502177
0.88899815	0.11100188
0.69843906	0.30156097
0.99659497	0.003405073
0.0034578783	0.99654216
0.010847636	0.98915243
0.021614239	0.97838575
0.005897299	0.99410266
0.9971246	0.0028754098
0.008760754	0.99123925
0.99333304	0.0066670207
0.016082827	0.9839171
0.008676794	0.99132323
0.006724371	0.99327564
0.98317635	0.016823612
0.99783903	0.0021609901
0.00944927	0.99055076
0.040110633	0.9598894
0.0045014513	0.99549854
0.002159557	0.9978404
0.9902317	0.009768278
0.99345595	0.006544012
0.9973283	0.0026717403
0.9972036	0.0027964076
0.9932287	0.0067712935
0.96083057	0.039169416
0.005307078	0.99469286
0.0041414094	0.9958586
0.9822687	0.017731326
0.9967938	0.0032062011
0.9984101	0.0015898925
0.9841484	0.015851647
0.960913	0.039086975
0.0020920518	0.997908
0.9980756	0.0019244308
0.118453816	0.88154614
0.007308314	0.9926917
0.071857564	0.9281424
0.976435	0.023564983
0.0027349647	0.9972651
0.0033334831	0.9966665
0.9694047	0.030595288
0.9983096	0.0016904315
0.99809474	0.0019052367
0.0073216385	0.9926784
0.005765716	0.99423426
0.027005956	0.9729941
0.9969054	0.0030945865
0.9983948	0.0016051907
0.9945147	0.005485358
0.00461358	0.9953864
0.99564314	0.004356812
0.020211868	0.9797881
0.06380619	0.93619376
0.9950412	0.0049588177
0.985246	0.014754004
0.9962513	0.0037487617
0.99563885	0.004361121
0.0031194582	0.99688053
0.97347826	0.026521744
0.018832592	0.9811674
0.00766821	0.99233174
0.00571489	0.99428505
0.0076277223	0.9923723
0.0020729958	0.99792695
0.99653035	0.0034696118
0.9966775	0.0033225352
0.9720381	0.02796197
0.9849914	0.015008656
0.002730372	0.9972696
0.9684373	0.031562664
0.0020048697	0.99799514
0.0036355152	0.99636453
0.0019096415	0.9980903
0.9981171	0.0018828838
0.0019842829	0.99801576
0.049204133	0.9507959
0.016945485	0.9830546
0.98857516	0.011424821
0.0022006063	0.99779934
0.09211325	0.9078868
0.9942074	0.005792599
0.037095733	0.9629042
0.050684486	0.94931555
0.07219392	0.927806
0.8082353	0.19176467
0.99830073	0.0016992397
0.98882604	0.011173942
0.9982937	0.0017063584
0.011167968	0.988832
0.011695699	0.98830426
0.99832755	0.0016724332
0.0026001092	0.9973999
0.0031519427	0.99684805
0.9888803	0.011119763
0.99738044	0.0026195815
0.77483356	0.2251664
0.9864038	0.013596115
0.0032696042	0.99673045
0.012475574	0.9875244
0.0023823462	0.99761766
0.9602341	0.03976592
0.996051	0.003949038
0.0030072706	0.9969927
0.9927752	0.0072248178
0.0024157981	0.9975842
0.9981292	0.0018708524
0.9796325	0.020367434
0.026327603	0.97367233
0.88990337	0.11009661
0.93644327	0.06355679
0.7462168	0.25378326
0.9962147	0.0037853462
0.0029576342	0.99704236
0.0053514023	0.99464864
0.06349035	0.9365096
0.07654784	0.92345214
0.0057572383	0.9942427
0.052318923	0.9476811
0.008414418	0.9915856
0.0034812463	0.99651873
0.99568474	0.004315241
0.99719465	0.002805371
0.69155467	0.30844536
0.02993818	0.97006184
0.006367676	0.9936324
0.9433878	0.056612257
0.046764668	0.9532353
0.9088921	0.0911079
0.0029205282	0.9970795
0.9952838	0.0047162427
0.9968803	0.0031197697
0.39509085	0.6049092
0.04040641	0.9595936
0.005044782	0.99495524
0.9957658	0.0042341985
0.9951244	0.004875591
0.8470882	0.15291172
0.9836165	0.01638352
0.9931659	0.006834103
0.020174537	0.97982544
0.008021982	0.99197805
0.998389	0.0016109647
0.99218583	0.007814114
0.0019426247	0.9980573
0.019476961	0.98052305
0.98182493	0.018175133
0.99844474	0.0015552916
0.0020113192	0.9979887
0.78792715	0.21207286
0.99841845	0.0015815498
0.0024126836	0.9975873
0.004630413	0.9953696
0.0028244709	0.9971756
0.005826623	0.99417335
0.96465635	0.035343714
0.051860023	0.94814
0.06924203	0.930758
0.993909	0.006091029
0.7774893	0.22251068
0.99661607	0.0033839971
0.0027134365	0.99728656
0.99795437	0.0020455574
0.006409901	0.9935901
0.054833625	0.9451664
0.97877663	0.021223348
0.99622935	0.003770673
0.96330774	0.036692295
0.9860968	0.013903269
0.9777139	0.022286177
0.98021805	0.019781979
0.98615694	0.013843057
0.9968015	0.0031984476
0.9488032	0.05119686
0.0023138972	0.99768615
0.09424537	0.90575457
0.98086745	0.019132545
0.005168778	0.99483126
0.9978345	0.0021655634
0.48022106	0.51977897
0.0020590788	0.99794096
0.99794525	0.0020547055
0.881498	0.11850202
0.05805496	0.941945
0.027025172	0.9729749
0.9519224	0.048077594
0.99789125	0.0021088147
0.9603255	0.03967454
0.99840385	0.0015961136
0.9972939	0.0027061508
0.9950263	0.0049736514
0.8440589	0.15594113
0.0134457145	0.98655427
0.15308583	0.8469142
0.0019490201	0.99805105
0.017605973	0.9823941
0.013821247	0.98617876
0.009779378	0.99022055
0.9983719	0.0016281147
0.0029341998	0.99706584
0.28585476	0.71414524
0.99794894	0.0020510568
0.9832508	0.016749248
0.107293956	0.89270604
0.9976827	0.0023172507
0.9972172	0.0027828407
0.0017974798	0.99820244
0.002290323	0.99770963
0.0048345597	0.99516547
0.004203531	0.99579644
0.004408131	0.9955918
0.13288133	0.86711866
0.9976336	0.002366385
0.005108089	0.9948919
0.985194	0.014806025
0.0018509509	0.99814904
0.0018817488	0.9981183
0.0036228679	0.99637717
0.00662841	0.9933716
0.02792882	0.97207123
0.0024453676	0.9975546
0.04382736	0.95617265
0.9984623	0.0015377033
0.98924583	0.010754118
0.009166967	0.990833
0.06781206	0.9321879
0.006324395	0.99367553
0.0022151386	0.9977849
0.009036225	0.9909637
0.99770266	0.0022973567
0.06374454	0.93625546
0.9925316	0.0074684015
0.9376129	0.062387045
0.0022058885	0.99779415
0.0022040976	0.99779594
0.013344226	0.98665583
0.0035539812	0.9964461
0.9918189	0.008181105
0.06618433	0.93381566
0.010341886	0.98965806
0.0019607649	0.9980393
0.4247227	0.57527727
0.9957735	0.0042264624
0.013741829	0.98625815
0.99572325	0.004276736
0.9535129	0.04648705
0.04194257	0.9580574
0.9938897	0.0061102845
0.94675565	0.05324439
0.0023717913	0.9976283
0.9963741	0.0036258586
0.9945721	0.005427937
0.0023394288	0.9976605
0.993292	0.0067080716
0.015227056	0.9847729
0.0019909933	0.998009
0.9978922	0.0021077853
0.0033380645	0.9966619
0.9971167	0.0028833172
0.008023128	0.9919769
0.9980111	0.0019888415
0.9981035	0.0018964614
0.99827933	0.0017207231
0.0021143912	0.99788564
0.045188032	0.95481193
0.035938296	0.9640617
0.0024410354	0.99755895
0.019141663	0.9808584
0.019409955	0.9805901
0.66167754	0.3383225
0.0095262015	0.9904738
0.98729545	0.012704536
0.016530355	0.98346967
0.9973847	0.002615314
0.4145455	0.58545446
0.9974995	0.0025004498
0.0020430398	0.997957
0.9824356	0.017564422
0.9980932	0.0019067525
0.0020347899	0.9979652
0.0018108108	0.99818915
0.93051535	0.06948465
0.0029549566	0.9970451
0.0029217112	0.9970783
0.008368725	0.9916313
0.9983536	0.0016463873
0.9982091	0.0017908938
0.99821436	0.0017856215
0.74414104	0.255859
0.060532235	0.9394677
0.9684834	0.03151664
0.9979334	0.0020666807
0.9962412	0.0037588354
0.9754497	0.024550254
0.0048279758	0.9951721
0.0065025478	0.9934975
0.0019237276	0.9980763
0.97287357	0.027126398
0.0019705417	0.9980294
0.09120805	0.90879196
0.008329218	0.99167085
0.0018314335	0.9981686
0.99191827	0.008081707
0.0020582227	0.9979418
0.9952637	0.0047362726
0.99644715	0.0035528804
0.034837298	0.96516263
0.9528166	0.047183406
0.043677673	0.9563223
0.99832803	0.001672017
0.041161872	0.9588381
0.004506271	0.99549377
0.9828316	0.017168395
0.007976591	0.99202335
0.993345	0.0066549364
0.022170143	0.9778299
0.899031	0.10096903
0.91469145	0.08530854
0.00549423	0.9945057
0.16741906	0.832581
0.004641168	0.9953589
0.6348651	0.3651349
0.0028140147	0.997186
0.9962924	0.0037075204
0.0050982023	0.9949018
0.001857599	0.99814236
0.011539707	0.9884603
0.0039586737	0.9960413
0.0054436056	0.9945564
0.0022352885	0.9977647
0.00187247	0.9981275
0.99610907	0.0038909784
0.9673373	0.03266263
0.3352943	0.66470563
0.027825868	0.97217417
0.9043587	0.09564134
0.98742956	0.012570457
0.97905785	0.020942094
0.9938759	0.0061240345
0.99769646	0.0023034676
0.0082810735	0.9917189
0.9928241	0.0071758726
0.006134893	0.9938651
0.0060000625	0.99399996
0.99795556	0.00204438
0.997821	0.002179091
0.001970811	0.9980292
0.0026929048	0.99730706
0.1473434	0.8526566
0.9970009	0.0029990969
0.0023457252	0.99765426
0.99541795	0.004582017
0.9976546	0.002345459
0.99235183	0.007648179
0.011249164	0.9887509
0.9039335	0.09606652
0.0023677093	0.99763227
0.01647057	0.98352945
0.08853125	0.91146874
0.9966546	0.0033453926
0.0025216495	0.9974783
0.040665198	0.95933485
0.99782073	0.002179263
0.98228824	0.0177117
0.9949352	0.0050648428
0.9955776	0.0044223964
0.99758315	0.0024168463
0.0019359657	0.998064
0.9923154	0.0076845814
0.03644596	0.963554
0.011015134	0.9889848
0.996518	0.0034819448
0.9946293	0.0053706984
0.96551526	0.034484714
0.9765618	0.023438264
0.99700874	0.0029912882
0.055162515	0.94483745
0.19359617	0.8064039
0.9760308	0.023969159
0.9155325	0.0844675
0.01789313	0.98210686
0.024683606	0.97531646
0.99840266	0.0015973183
0.017986516	0.9820135
0.0019343706	0.99806565
0.50961727	0.4903827
0.0022058727	0.99779415
0.98721564	0.012784354
0.002191716	0.9978083
0.0048478106	0.99515224
0.006100247	0.9938997
0.99658835	0.0034116716
0.002185514	0.9978144
0.8414515	0.15854846
0.0024268276	0.9975732
0.0034191292	0.9965809
0.9935912	0.006408826
0.98330057	0.016699418
0.9900921	0.009907858
0.99782676	0.0021731849
0.98324054	0.016759526
0.9980958	0.0019041961
0.059585106	0.9404149
0.0565138	0.9434863
0.002373193	0.99762684
0.9974464	0.0025535987
0.84709466	0.15290537
0.002892316	0.9971077
0.9979247	0.0020753234
0.7025129	0.29748705
0.07026842	0.92973155
0.99809736	0.001902618
0.037681	0.962319
0.99630874	0.003691241
0.018794814	0.9812052
0.1328409	0.86715907
0.99206245	0.007937566
0.0018212032	0.99817884
0.99798894	0.0020110493
0.9915895	0.008410512
0.050933026	0.94906694
0.885293	0.11470695
0.9978921	0.0021079048
0.99248004	0.0075200135
0.056776546	0.9432235
0.29210362	0.7078964
0.032541357	0.9674587
0.06628811	0.93371195
0.0035175737	0.9964824
0.002010787	0.9979892
0.9652205	0.034779448
0.026041247	0.97395873
0.9968008	0.003199243
0.14350724	0.85649276
0.99841857	0.0015814467
0.001934111	0.9980659
0.005455369	0.9945446
0.07096746	0.9290325
0.9975157	0.0024843272
0.99679166	0.0032083075
0.015132064	0.984868
0.014109141	0.98589087
0.998109	0.0018910456
0.9932145	0.0067855665
0.98179513	0.018204857
0.99223435	0.007765634
0.0060871392	0.9939129
0.99429905	0.0057008886
0.002442857	0.99755716
0.997755	0.0022450546
0.9955635	0.004436477
0.015256099	0.9847439
0.0033151882	0.99668485
0.008744405	0.99125564
0.998059	0.0019410612
0.947925	0.052074976
0.10197429	0.8980257
0.9978903	0.0021096636
0.99652547	0.0034744972
0.0072212205	0.9927787
0.98869073	0.011309297
0.0024877116	0.99751234
0.9984761	0.0015239285
0.00292468	0.9970753
0.29557633	0.70442367
0.9776472	0.022352846
0.058210257	0.94178975
0.9973193	0.002680691
0.9777795	0.02222047
0.99501836	0.0049816463
0.004887068	0.99511296
0.99628925	0.0037108106
0.9943744	0.0056255977
0.031450275	0.9685497
0.0036438636	0.9963561
0.015196068	0.9848039
0.050004985	0.94999504
0.9978053	0.0021946481
0.8104636	0.18953642
0.046241727	0.95375824
0.3690092	0.6309908
0.8769821	0.1230179
0.0397066	0.96029335
0.0066262935	0.99337375
0.0037100364	0.99628997
0.045365505	0.9546345
0.99479747	0.005202468
0.004808445	0.9951916
0.97099775	0.029002212
0.99802387	0.0019761615
0.0026668604	0.99733317
0.0025461728	0.99745387
0.005757462	0.9942425
0.99699366	0.0030063246
0.0019936273	0.9980064
0.9952264	0.0047735884
0.9975489	0.0024511279
0.94314766	0.05685239
0.9962442	0.0037558132
0.99558794	0.0044120355
0.017875984	0.98212403
0.9970688	0.0029311501
0.002059514	0.9979405
0.9976801	0.00231992
0.99819595	0.0018040471
0.99674964	0.0032503663
0.9972007	0.0027992812
0.98778594	0.012214068
0.009974826	0.99002516
0.9957761	0.004223911
0.0042091575	0.99579084
0.013240453	0.9867596
0.9853166	0.014683393
0.06749382	0.93250614
0.01926238	0.9807376
0.0025204672	0.9974795
0.98958266	0.0104173
0.9828439	0.017156128
0.0122314375	0.9877686
0.26221085	0.73778915
0.50317013	0.4968299
0.055689007	0.94431096
0.9918139	0.008186081
0.002641831	0.99735814
0.9973054	0.0026946112
0.99779534	0.002204667
0.9972415	0.0027584508
0.002185468	0.99781454
0.21943267	0.78056735
0.9974381	0.002561953
0.99633336	0.0036666268
0.99702686	0.0029730953
0.009513746	0.9904862
0.0028114493	0.9971885
0.022679277	0.9773208
0.0028784408	0.9971215
0.06256623	0.9374337
0.99767154	0.0023284934
0.9983026	0.0016973917
0.9979728	0.0020271624
0.99509734	0.004902599
0.0017227778	0.9982772
0.123901196	0.87609875
0.025157794	0.97484225
0.98593	0.014069969
0.99796873	0.0020312783
0.893838	0.10616198
0.9958313	0.0041686986
0.0022217266	0.99777824
0.009289377	0.99071056
0.98557425	0.014425748
0.9886656	0.011334408
0.0048449594	0.9951551
0.001902552	0.9980975
0.08537629	0.9146237
0.99590516	0.0040947646
0.12881799	0.871182
0.9900575	0.009942519
0.99507433	0.0049256715
0.99646485	0.0035350677
0.51451427	0.48548573
0.0018410209	0.998159
0.08065867	0.9193413
0.9689423	0.031057702
0.022931049	0.97706896
0.98955685	0.010443115
0.07664055	0.92335945
0.99175984	0.00824024
0.0073155616	0.9926844
0.9713623	0.028637715
0.9555486	0.044451483
0.0039117862	0.99608827
0.98930615	0.010693777
0.0036811417	0.9963188
0.0044692457	0.9955308
0.040724445	0.9592756
0.002829572	0.9971704
0.001820963	0.9981791
0.9782744	0.021725569
0.0019797648	0.9980203
0.001898058	0.998102
0.013214486	0.9867855
0.0179652	0.9820348
0.99729127	0.0027087436
0.6602155	0.3397845
0.019679246	0.9803208
0.010104919	0.98989505
0.058981624	0.9410184
0.0034461136	0.9965539
0.0033099328	0.99669003
0.9971396	0.002860484
0.0021374666	0.9978625
0.8670746	0.13292539
0.03512039	0.9648796
0.15845194	0.841548
0.99805117	0.0019488716
0.9966989	0.0033010128
0.9965347	0.0034652904
0.06324654	0.9367535
0.0023391407	0.9976609
0.12639244	0.8736076
0.98973304	0.01026693
0.02561644	0.97438353
0.026524084	0.9734759
0.9973788	0.0026212067
0.011523271	0.98847675
0.99527943	0.004720591
0.0073082317	0.9926918
0.99348515	0.006514875
0.9957408	0.004259195
0.0327988	0.96720123
0.9955727	0.004427338
0.0130827	0.9869174
0.0018442799	0.99815565
0.99827397	0.0017260482
0.004273115	0.99572694
0.9976666	0.002333438
0.0018966112	0.9981034
0.0019257227	0.9980743
0.0019778411	0.9980222
0.0017983372	0.9982016
0.97995526	0.020044748
0.0067267767	0.99327326
0.9969132	0.003086725
0.005340786	0.99465925
0.98956877	0.010431291
0.0033565816	0.9966434
0.9811581	0.018841987
0.99153906	0.008460974
0.0020009798	0.997999
0.0021218574	0.9978782
0.9082451	0.09175491
0.9964122	0.0035877815
0.002947324	0.99705267
0.99735284	0.002647199
0.9706011	0.02939897
0.9964431	0.0035569547
0.0062768143	0.9937232
0.0020435192	0.9979565
0.0021990207	0.997801
0.99763477	0.0023652506
0.006793812	0.99320626
0.00840236	0.99159765
0.002425417	0.9975746
0.9981186	0.001881439
0.9618237	0.038176324
0.0951383	0.9048617
0.011524706	0.9884753
0.994666	0.0053340774
0.002054291	0.9979457
0.0053661633	0.9946338
0.098131195	0.90186876
0.9034318	0.09656817
0.9924325	0.0075674723
0.9975725	0.0024274853
0.99514705	0.0048529846
0.0058854413	0.9941146
0.99645174	0.003548285
0.094770044	0.9052299
0.006446316	0.99355376
0.9449725	0.05502753
0.00420851	0.99579144
0.96879286	0.031207172
0.9954516	0.004548404
0.0051978724	0.9948021
0.9912684	0.00873156
0.0037322044	0.99626786
0.914413	0.08558697
0.0054777577	0.9945222
0.9981236	0.0018764598
0.0062342538	0.9937657
0.007208617	0.9927914
0.9969805	0.003019466
0.9943838	0.005616227
0.0030529087	0.9969471
0.9968162	0.0031838317
0.9846031	0.015396819
0.015215033	0.98478496
0.9976241	0.002375896
0.9395234	0.060476575
0.99750704	0.0024930388
0.011728616	0.9882714
0.0024488461	0.99755114
0.053446013	0.94655406
0.92707133	0.072928675
0.09008773	0.9099123
0.0024183472	0.9975816
0.0075684106	0.9924315
0.9981926	0.0018074111
0.8936788	0.10632121
0.002692225	0.9973078
0.99784577	0.0021541785
0.9962941	0.0037058596
0.96681535	0.03318471
0.0060858806	0.99391407
0.0020769949	0.9979231
0.9970239	0.0029761347
0.98156047	0.01843949
0.9965172	0.0034828084
0.9849592	0.015040735
0.9907941	0.009205864
0.0069850134	0.99301493
0.002300732	0.9976993
0.14336209	0.8566379
0.0148186125	0.98518145
0.64675856	0.35324144
0.97319275	0.02680722
0.99078524	0.00921481
0.9545076	0.045492373
0.07502778	0.9249722
0.004958456	0.99504155
0.9979412	0.0020587484
0.9982659	0.0017341551
0.99495137	0.005048702
0.98341817	0.016581886
0.0019255832	0.9980744
0.0071085203	0.99289143
0.016506443	0.98349357
0.9981331	0.0018668764
0.4326974	0.5673026
0.96511424	0.034885786
0.002728402	0.9972716
0.9979113	0.0020886776
0.9835375	0.016462546
0.9963637	0.0036362924
0.0029772625	0.9970227
0.99804723	0.0019527375
0.010840351	0.98915964
0.994672	0.005327981
0.0061800727	0.9938199
0.994752	0.005248082
0.9977639	0.002236162
0.90471286	0.09528715
0.009822209	0.9901778
0.9975942	0.0024058325
0.10482116	0.89517885
0.997891	0.0021090629
0.0033842912	0.9966157
0.07026122	0.92973876
0.9973526	0.0026474067
0.48871523	0.51128477
0.0021637217	0.9978363
0.9884277	0.011572333
0.055401243	0.9445988
0.996403	0.003597012
0.9841595	0.015840387
0.025081472	0.9749185
0.99711466	0.0028853002
0.0036353595	0.99636465
0.99785775	0.002142199
0.9937372	0.00626277
0.005049106	0.9949509
0.9946827	0.005317267
0.83882457	0.16117539
0.9967526	0.003247414
0.01821281	0.9817872
0.9925454	0.007454584
0.0808994	0.9191006
0.015574031	0.984426
0.88705117	0.11294881
0.005228011	0.994772
0.011105924	0.98889405
0.97473294	0.025267111
0.006556958	0.993443
0.0019605316	0.99803954
0.14469685	0.85530317
0.9714884	0.028511582
0.99421024	0.005789815
0.061015356	0.93898463
0.9975007	0.0024993035
0.9940402	0.0059597464
0.0021873137	0.9978126
0.006046511	0.9939535
0.0155933285	0.9844067
0.99847656	0.0015233873
0.9917008	0.008299193
0.0026417344	0.99735826
0.25996426	0.7400357
0.010533334	0.9894666
0.55013347	0.4498665
0.010180284	0.9898197
0.9981201	0.0018798475
0.0022171692	0.9977829
0.9981185	0.0018814594
0.9973568	0.0026432485
0.9955171	0.004482904
0.009363536	0.9906365
0.9984187	0.0015813253
0.007310093	0.9926899
0.004028806	0.99597114
0.25967547	0.74032456
0.002117488	0.99788254
0.08283218	0.91716784
0.0414023	0.9585977
0.5147116	0.4852884
0.9979013	0.0020987082
0.081673875	0.91832614
0.9971457	0.0028543007
0.9965095	0.003490519
0.987003	0.012996961
0.026665647	0.9733343
0.0018860426	0.998114
0.008346041	0.9916539
0.99431396	0.0056860684
0.0137860775	0.98621386
0.9961372	0.0038627286
0.94522893	0.054771125
0.96181256	0.038187373
0.45341054	0.5465895
0.003513182	0.9964868
0.99614257	0.003857492
0.124086246	0.8759137
0.99808145	0.0019185167
0.9366442	0.063355796
0.9984485	0.0015515035
0.9769941	0.023005964
0.0029911546	0.99700886
0.9974892	0.0025107802
0.039527174	0.96047276
0.0043000085	0.9957
0.0378246	0.9621754
0.0020747546	0.9979253
0.9974704	0.0025296211
0.9966589	0.003341125
0.04721965	0.95278037
0.99285215	0.0071478565
0.917074	0.08292603
0.003916498	0.9960835
0.005869616	0.9941303
0.99777895	0.002221008
0.99055696	0.009443022
0.9984864	0.0015135233
0.9967765	0.003223526
0.01756595	0.982434
0.861876	0.13812403
0.082894616	0.9171054
0.0019824083	0.99801755
0.01121048	0.98878944
0.9938543	0.006145721
0.99450207	0.0054979785
0.0026584524	0.9973416
0.21860361	0.7813964
0.99019086	0.009809141
0.9968267	0.0031733224
0.98108256	0.01891747
0.011607237	0.9883928
0.0059964713	0.9940035
0.003009429	0.99699056
0.78560233	0.2143977
0.99820805	0.0017919409
0.7697589	0.23024116
0.1945062	0.8054938
0.0017464384	0.9982535
0.94183946	0.058160514
0.99713874	0.0028613273
0.026625713	0.9733743
0.9970343	0.0029657376
0.99837273	0.0016272777
0.15026812	0.8497319
0.96015555	0.03984447
0.99657094	0.0034290398
0.9930969	0.0069031124
0.99757034	0.0024296504
0.030380791	0.96961915
0.0018804579	0.99811953
0.99447376	0.0055262665
0.0019791562	0.9980209
0.9924636	0.007536423
0.99654204	0.0034579772
0.020693406	0.9793066
0.8263196	0.17368042
0.9889683	0.011031702
0.95460266	0.04539738
0.008617267	0.9913828
0.0017697022	0.9982303
0.015242579	0.9847574
0.99615026	0.0038498042
0.99829155	0.0017084716
0.004090243	0.9959098
0.99812907	0.0018709165
0.0036494145	0.9963505
0.012128737	0.9878713
0.08405583	0.9159442
0.08978502	0.910215
0.0066384203	0.9933616
0.98475444	0.015245602
0.037271164	0.96272886
0.0071111456	0.9928888
0.013370677	0.98662937
0.9951251	0.00487493
0.0042486964	0.99575126
0.00241706	0.9975829
0.10122704	0.898773
0.020803066	0.97919697
0.99834955	0.0016504396
0.9904033	0.009596672
0.99846303	0.0015369524
0.99580306	0.0041969735
0.99850166	0.001498416
0.91085726	0.08914274
0.004428014	0.995572
0.0022142553	0.9977857
0.99768126	0.0023186642
0.017867807	0.9821322
0.99414	0.0058599575
0.99635184	0.0036481651
0.02307019	0.9769298
0.0019269219	0.9980731
0.0022282645	0.9977717
0.99797314	0.0020268327
0.99721044	0.002789608
0.0024493306	0.99755067
0.0026659248	0.9973341
0.0020877596	0.9979122
0.0048693395	0.99513066
0.0053305947	0.9946694
0.97988564	0.020114299
0.99075514	0.00924481
0.002261725	0.99773824
0.90839094	0.09160908
0.99795616	0.0020438745
0.23597364	0.76402634
0.97264636	0.027353605
0.0050100083	0.99498993
0.25587255	0.74412745
0.9818299	0.018170193
0.98941004	0.010589936
0.990308	0.009691976
0.100618705	0.89938134
0.0052310224	0.994769
0.009661489	0.9903385
0.99559844	0.00440154
0.15032311	0.8496769
0.9928612	0.007138796
0.013604815	0.9863951
0.9976252	0.0023748314
0.9978288	0.0021711467
0.9938167	0.0061833244
0.026331393	0.97366863
0.061670095	0.9383299
0.9603801	0.039619856
0.011678921	0.988321
0.0069127884	0.99308723
0.016596649	0.9834034
0.9959532	0.004046859
0.956682	0.04331795
0.9967974	0.0032025944
0.0023388916	0.9976611
0.3492445	0.6507555
0.011760772	0.98823917
0.9973239	0.0026760737
0.99712163	0.0028783756
0.0025643907	0.9974356
0.002937994	0.997062
0.0050957697	0.9949043
0.05350996	0.94649005
0.23801005	0.76198995
0.99289155	0.0071084597
0.9944225	0.0055775605
0.0018880806	0.99811196
0.0032910656	0.99670887
0.005449608	0.9945504
0.8872618	0.11273821
0.96774364	0.03225637
0.09716008	0.9028399
0.018597217	0.98140275
0.97923374	0.020766271
0.99607617	0.0039237626
0.9749229	0.02507716
0.0039133923	0.9960866
0.23263787	0.7673621
0.88175476	0.118245296
0.9977627	0.0022373444
0.9929121	0.0070878793
0.012511203	0.9874888
0.9788887	0.021111323
0.99556065	0.004439355
0.002006984	0.997993
0.9980203	0.0019797035
0.0046920236	0.995308
0.002403858	0.9975961
0.9967624	0.003237628
0.05464911	0.9453509
0.6881466	0.3118534
0.31223628	0.6877637
0.018236129	0.9817639
0.0023644315	0.9976356
0.998338	0.0016619989
0.7946002	0.20539977
0.9929126	0.007087477
0.99421036	0.0057896064
0.07492817	0.92507184
0.010687624	0.98931235
0.002187503	0.9978125
0.03003589	0.969964
0.98973686	0.0102630835
0.048155542	0.95184445
0.9969522	0.003047851
0.8636516	0.1363484
0.15409152	0.84590846
0.9982668	0.001733174
0.0026816116	0.99731845
0.023031544	0.97696847
0.13327174	0.8667283
0.063062616	0.93693733
0.034376472	0.9656235
0.09856524	0.9014348
0.0039821393	0.9960179
0.003799522	0.9962005
0.009503903	0.99049616
0.9963213	0.0036786697
0.8064177	0.1935823
0.16348307	0.836517
0.0018907295	0.9981092
0.99790514	0.002094881
0.6862527	0.31374723
0.9920055	0.007994425
0.0048651476	0.9951349
0.06490206	0.9350979
0.9966748	0.0033252442
0.003483191	0.9965168
0.0067905425	0.9932094
0.9930641	0.006935865
0.046231773	0.9537682
0.9929547	0.0070453472
0.031790756	0.9682092
0.043745752	0.9562542
0.0019359721	0.998064
0.01327591	0.9867241
0.0049229474	0.9950771
0.0070911753	0.99290884
0.0023645216	0.9976355
0.0023462835	0.9976538
0.042607795	0.95739216
0.988003	0.011997026
0.99680495	0.0031950804
0.002580288	0.9974197
0.992042	0.007958049
0.012621407	0.98737866
0.993335	0.0066650184
0.045847807	0.95415217
0.0021093807	0.99789065
0.026707347	0.97329265
0.9710358	0.028964194
0.002743212	0.9972568
0.0049681393	0.99503183
0.0019580994	0.99804187
0.0017629425	0.998237
0.006185681	0.99381435
0.104532614	0.8954674
0.94962204	0.05037791
0.0024812734	0.9975188
0.011418097	0.98858196
0.084900446	0.91509956
0.027390052	0.97260994
0.030066917	0.9699331
0.99372745	0.006272538
0.015761523	0.98423845
0.053644165	0.9463558
0.0077317357	0.99226826
0.0018984248	0.99810165
0.002040466	0.9979595
0.99763775	0.0023622594
0.9870841	0.012915876
0.9929488	0.007051251
0.0116847465	0.9883152
0.0020395168	0.99796045
0.0024612572	0.9975388
0.10552477	0.8944752
0.02658274	0.9734172
0.050178707	0.9498213
0.8940168	0.10598323
0.9844037	0.01559624
0.9965957	0.0034042893
0.015123482	0.9848765
0.9889585	0.01104146
0.06785699	0.932143
0.9466408	0.053359237
0.99775416	0.002245817
0.99791735	0.0020827034
0.99795806	0.0020418763
0.42485592	0.57514405
0.9973067	0.0026932838
0.99790144	0.0020985364
0.010272723	0.9897273
0.007634569	0.9923654
0.047904115	0.95209587
0.99787223	0.0021277007
0.0034084255	0.99659157
0.0018589868	0.99814105
0.0021726422	0.99782735
0.91181386	0.088186115
0.0021213808	0.9978787
0.00221738	0.99778265
0.028029336	0.9719706
0.036313083	0.9636869
0.004088128	0.99591196
0.015170158	0.9848298
0.9969524	0.0030476016
0.91274	0.08725999
0.981473	0.018526966
0.0018973713	0.9981026
0.004363316	0.99563664
0.99754024	0.0024598215
0.9954276	0.004572421
0.0021766557	0.99782336
0.99467343	0.005326555
0.9982052	0.0017947594
0.018278306	0.98172176
0.9819818	0.018018218
0.022529237	0.97747076
0.04047627	0.9595237
0.6647047	0.3352953
0.9652243	0.03477569
0.001965494	0.99803454
0.27289683	0.7271032
0.18664455	0.81335545
0.96538806	0.03461191
0.9965552	0.0034447464
0.18005654	0.8199435
0.9968823	0.0031177106
0.044869	0.955131
0.23495986	0.76504016
0.9892124	0.010787568
0.99520326	0.004796783
0.97924906	0.020750863
0.9964701	0.0035299587
0.004949773	0.99505025
0.009994493	0.99000555
0.99549305	0.0045068697
0.97944194	0.020558044
0.004774878	0.9952251
0.27124792	0.7287521
0.9951847	0.00481527
0.99248403	0.007515964
0.7984858	0.20151414
0.99384516	0.0061548147
0.9957659	0.0042340835
0.0024267258	0.9975733
0.9852298	0.014770203
0.04663344	0.95336664
0.0038459876	0.996154
0.9956897	0.004310294
0.008196357	0.99180365
0.008656846	0.99134314
0.044570234	0.95542973
0.012234405	0.98776555
0.94712144	0.05287862
0.9911863	0.008813741
0.12787642	0.8721236
0.060272384	0.9397276
0.009411007	0.990589
0.00826676	0.9917332
0.9946819	0.0053180587
0.97231996	0.027680023
0.98604894	0.013951032
0.033177327	0.9668227
0.023802355	0.97619766
0.0019829036	0.9980171
0.79888856	0.20111148
0.0029450378	0.99705493
0.9903584	0.009641594
0.995175	0.0048249154
0.013726929	0.9862731
0.052230097	0.9477699
0.99637294	0.003627044
0.014679123	0.98532087
0.9506298	0.049370274
0.0021454603	0.99785453
0.995439	0.004561012
0.003976727	0.9960233
0.10382844	0.8961716
0.9786388	0.02136123
0.9977798	0.0022202611
0.9509755	0.04902455
0.9864094	0.013590643
0.017014233	0.9829858
0.9969855	0.0030145266
0.9981115	0.0018885498
0.0021613983	0.9978387
0.018477594	0.98152244
0.59232605	0.40767395
0.992886	0.007113961
0.0074818097	0.9925182
0.9555747	0.044425268
0.9983719	0.0016281209
0.9179064	0.082093604
0.9981756	0.0018243722
0.0057362835	0.9942637
0.99626774	0.003732243
0.997976	0.0020239525
0.110412896	0.8895871
0.988704	0.011295942
0.52451146	0.47548854
0.9983113	0.0016887633
0.9964528	0.003547172
0.017267408	0.98273253
0.14682181	0.85317814
0.0026588913	0.9973411
0.0024215782	0.99757844
0.0019403406	0.9980597
0.9971494	0.002850587
0.9897585	0.010241533
0.9702584	0.029741608
0.97171265	0.028287357
0.008809843	0.9911902
0.01743541	0.9825646
0.0318103	0.9681898
0.9897355	0.010264469
0.9977348	0.0022652445
0.99724376	0.0027562773
0.9964096	0.0035904094
0.998459	0.0015410602
0.0018233367	0.9981767
0.022982474	0.9770175
0.0072429194	0.99275714
0.99773645	0.0022635357
0.0019438658	0.9980562
0.003089162	0.99691087
0.989884	0.010115982
0.99636984	0.0036301783
0.9957689	0.00423113
0.034938063	0.96506196
0.9982749	0.0017251085
0.027472256	0.97252774
0.99844813	0.0015518507
0.915869	0.084131025
0.9681581	0.031841844
0.9946918	0.0053081573
0.94227636	0.057723664
0.0687626	0.9312374
0.9942802	0.0057198135
0.52074677	0.47925323
0.99841166	0.0015883407
0.9983309	0.0016691731
0.9880834	0.0119165825
0.06688136	0.93311864
0.99537814	0.0046219155
0.040862814	0.9591372
0.0052068178	0.9947931
0.0023242545	0.9976757
0.0082686525	0.99173135
0.002894688	0.9971053
0.003694239	0.9963058
0.0028121567	0.9971878
0.011639613	0.9883604
0.021089321	0.97891074
0.004962891	0.99503714
0.89337444	0.10662563
0.0052419566	0.99475807
0.002743019	0.99725705
0.9965958	0.0034041407
0.0027249241	0.99727505
0.99621165	0.0037884293
0.031914722	0.9680853
0.996854	0.003145961
0.0055982433	0.99440175
0.01458018	0.9854198
0.9981026	0.001897366
0.97544265	0.02455731
0.9907951	0.009204976
0.9982539	0.0017461327
0.011478072	0.98852193
0.99119157	0.008808469
0.0023971663	0.9976029
0.0020445534	0.99795544
0.9929963	0.007003686
0.9971885	0.0028114682
0.10008432	0.8999157
0.00938996	0.99061006
0.0155603215	0.9844396
0.0028422838	0.9971577
0.012348945	0.987651
0.99723536	0.0027647258
0.0019563802	0.99804366
0.9949969	0.005003144
0.0030776982	0.9969223
0.027146852	0.9728531
0.9981889	0.0018110588
0.9970945	0.0029054817
0.0113078235	0.98869216
0.5324609	0.467539
0.00589929	0.99410075
0.99671054	0.003289425
0.9449358	0.055064213
0.00494865	0.9950513
0.9977526	0.00224744
0.012333207	0.98766685
0.9956845	0.0043155607
0.99357224	0.00642782
0.1199093	0.88009065
0.022710377	0.97728956
0.019449007	0.980551
0.9981286	0.0018714562
0.009464997	0.99053496
0.99703467	0.002965374
0.89341474	0.1065852
0.98886055	0.011139433
0.032282885	0.96771705
0.9260139	0.07398609
0.99403596	0.0059640193
0.0035383147	0.9964617
0.9917169	0.008283067
0.9983255	0.001674431
0.0021072156	0.9978928
0.99749005	0.0025099623
0.0076906965	0.99230933
0.0031905305	0.9968094
0.9393639	0.060636036
0.0070954612	0.9929046
0.025435723	0.9745643
0.001894275	0.99810576
0.9979931	0.0020069096
0.06518105	0.9348189
0.0113859335	0.9886141
0.17666265	0.8233374
0.0020262946	0.99797374
0.9901008	0.009899284
0.038530476	0.96146953
0.14630955	0.85369045
0.9542877	0.045712233
0.0072330725	0.992767
0.010030772	0.9899692
0.16130622	0.8386938
0.3602885	0.63971144
0.003340517	0.9966595
0.09365334	0.9063466
0.0048766094	0.99512345
0.99829227	0.0017076933
0.9984781	0.0015218721
0.01178347	0.98821646
0.9090769	0.09092307
0.99624276	0.0037572067
0.008394112	0.9916059
0.012244764	0.98775524
0.99786454	0.002135521
0.0065245973	0.9934754
0.99554366	0.0044563906
0.00864764	0.99135244
0.9967527	0.0032472983
0.0061898446	0.9938101
0.9983432	0.0016568044
0.99543047	0.004569509
0.044544898	0.95545506
0.0037170332	0.996283
0.040061694	0.9599383
0.031141613	0.96885836
0.07096938	0.92903066
0.9973997	0.002600369
0.0019255723	0.9980744
0.99678326	0.0032167733
0.9891145	0.010885532
0.022844777	0.9771552
0.0043239878	0.995676
0.022684464	0.97731555
0.05293573	0.9470642
0.0019417151	0.99805826
0.019468129	0.9805319
0.8467575	0.15324253
0.99520135	0.004798618
0.06527339	0.93472666
0.99810445	0.0018954697
0.9980116	0.0019883418
0.0017675151	0.99823254
0.9954007	0.004599283
0.0018246268	0.9981754
0.0030684334	0.99693155
0.99826294	0.0017370267
0.99667346	0.0033264596
0.996231	0.0037689786
0.9851323	0.0148677835
0.0057171998	0.99428284
0.001991918	0.9980081
0.0036650735	0.9963349
0.00422609	0.995774
0.0029272302	0.9970728
0.9975994	0.002400592
0.0019285767	0.9980715
0.98906565	0.010934341
0.0020976197	0.9979024
0.002419856	0.9975802
0.005078109	0.99492186
0.9970421	0.0029578335
0.18792842	0.81207156
0.07592462	0.9240753
0.99379176	0.0062082876
0.037780493	0.9622195
0.9964394	0.003560634
0.00184129	0.99815875
0.097930945	0.90206903
0.9976131	0.002386996
0.0019607793	0.9980392
0.0032367476	0.9967632
0.0025117754	0.99748826
0.9927671	0.0072329002
0.9966918	0.0033081432
0.0286157	0.97138435
0.03575479	0.96424514
0.0021643837	0.9978356
0.9722483	0.027751718
0.99847144	0.0015285434
0.99629116	0.0037089158
0.987982	0.012018024
0.0036596728	0.9963404
0.0019082387	0.99809176
0.0023010506	0.99769896
0.010969184	0.9890308
0.99820757	0.0017924563
0.0023429082	0.99765706
0.13452847	0.86547154
0.98914635	0.010853658
0.9910471	0.0089529455
0.002750668	0.9972493
0.9616244	0.038375624
0.9980525	0.0019475252
0.02059568	0.97940433
0.9630975	0.03690256
0.014514932	0.98548514
0.015101778	0.98489827
0.0034051149	0.99659485
0.048170254	0.9518298
0.3036897	0.69631034
0.99456364	0.005436358
0.9950735	0.0049264403
0.076006964	0.923993
0.008620576	0.9913795
0.99822336	0.0017766029
0.9968749	0.003125018
0.23841928	0.7615807
0.0025715127	0.9974285
0.085017	0.914983
0.16167349	0.8383265
0.9227079	0.07729209
0.021631235	0.97836876
0.9981243	0.0018757437
0.997264	0.0027359673
0.12500603	0.8749939
0.0022707386	0.99772924
0.09433211	0.90566796
0.9611268	0.03887317
0.9953126	0.0046874005
0.99624443	0.0037555955
0.0025307308	0.9974693
0.0028835242	0.99711645
0.0018403552	0.9981597
0.025929697	0.9740703
0.015458545	0.9845414
0.9977164	0.002283644
0.99779344	0.002206519
0.995475	0.004525041
0.0047785365	0.99522144
0.003974325	0.9960257
0.15349545	0.84650457
0.9904068	0.009593238
0.9958312	0.004168781
0.99710757	0.002892462
0.2819676	0.7180324
0.9680291	0.03197097
0.006827407	0.9931726
0.0026934068	0.9973066
0.0026314685	0.99736845
0.9954562	0.0045437817
0.027980234	0.97201973
0.0018259968	0.99817395
0.9840168	0.01598319
0.08623438	0.91376567
0.99643373	0.0035662157
0.03660941	0.9633906
0.7830816	0.21691844
0.98839915	0.011600794
0.02520602	0.974794
0.34892806	0.65107197
0.0047982926	0.9952017
0.0029928046	0.9970072
0.99788314	0.0021168254
0.9930686	0.0069314134
0.006357878	0.99364215
0.9979297	0.0020703285
0.028965699	0.9710343
0.0075641964	0.99243575
0.33073607	0.6692639
0.9912055	0.0087945005
0.0019086783	0.9980913
0.9961582	0.0038418686
0.0023798211	0.99762017
0.9976342	0.00236582
0.0034591537	0.99654084
0.995878	0.0041219695
0.0023392744	0.99766076
0.99254054	0.0074594463
0.0062176054	0.99378246
0.31619588	0.6838041
0.43184936	0.56815064
0.003861261	0.99613875
0.0038675093	0.9961325
0.0017675117	0.99823254
0.0029133584	0.9970867
0.047453046	0.952547
0.9893478	0.010652215
0.19880961	0.8011904
0.0030043172	0.9969957
0.0021437306	0.9978562
0.014160046	0.98583996
0.99653816	0.0034618636
0.96394455	0.03605539
0.9960653	0.0039347084
0.96049476	0.03950518
0.9956352	0.004364829
0.99765694	0.0023430411
0.1498634	0.8501366
0.0020646083	0.9979354
0.0017994761	0.99820054
0.9983662	0.0016338076
0.99346876	0.0065311934
0.99507964	0.0049203224
0.014147976	0.985852
0.99761605	0.002383998
0.9884587	0.011541279
0.10883079	0.89116925
0.03236289	0.9676371
0.0065705716	0.9934295
0.008214586	0.9917854
0.9965712	0.0034288003
0.99711084	0.0028891552
0.99797076	0.00202917
0.0037821806	0.9962178
0.066549875	0.9334501
0.9967217	0.003278263
0.0029601986	0.99703974
0.048853215	0.95114684
0.9935033	0.0064967526
0.9894097	0.010590285
0.011450814	0.9885492
0.0050586658	0.99494135
0.008915959	0.9910841
0.99810237	0.0018976912
0.99699306	0.003006938
0.0029235107	0.9970765
0.0041137934	0.99588615
0.0018209752	0.9981791
0.9971228	0.0028771767
0.0039745136	0.99602544
0.0020462458	0.9979538
0.015638355	0.98436165
0.5527477	0.44725227
0.09733898	0.9026611
0.01474552	0.9852544
0.0018926959	0.9981073
0.027401144	0.9725989
0.0028112463	0.99718875
0.9984301	0.0015699279
0.014042023	0.9859579
0.99321824	0.006781733
0.9974809	0.002519064
0.005767499	0.9942325
0.021456394	0.9785436
0.99290025	0.0070997346
0.9965294	0.0034706462
0.008474691	0.99152535
0.99237704	0.00762293
0.07072299	0.92927706
0.0029527715	0.99704725
0.0024990137	0.99750096
0.022474075	0.9775259
0.07345257	0.9265474
0.99601954	0.0039804415
0.9508279	0.04917205
0.0020211788	0.99797887
0.9960974	0.0039026933
0.0019780488	0.99802196
0.98787457	0.012125464
0.0020607137	0.9979393
0.9890975	0.0109024765
0.030777754	0.96922225
0.013718655	0.98628134
0.061772905	0.9382271
0.0018280769	0.9981719
0.030237818	0.9697622
0.99564147	0.0043584798
0.9983657	0.0016343085
0.019334586	0.9806654
0.005809931	0.9941901
0.95519984	0.04480017
0.0028544702	0.9971455
0.0031550063	0.996845
0.99344677	0.0065531884
0.019837243	0.98016274
0.95182514	0.048174832
0.9629691	0.037030876
0.9977174	0.002282699
0.015126878	0.9848732
0.010811041	0.9891889
0.0030508863	0.99694914
0.881182	0.118817955
0.0021028698	0.99789715
0.93669087	0.06330911
0.9743853	0.025614675
0.9983841	0.001615838
0.98874474	0.011255243
0.018935855	0.9810642
0.06801565	0.9319843
0.0018567911	0.9981432
0.9968629	0.0031370912
0.002078345	0.99792165
0.96134424	0.03865581
0.99109006	0.00890996
0.9839212	0.016078785
0.95606774	0.043932267
0.99841774	0.0015823044
0.01409247	0.98590755
0.97473407	0.025265988
0.05355144	0.9464485
0.04049346	0.9595066
0.027715636	0.9722844
0.013785021	0.98621505
0.9984805	0.0015194685
0.9976897	0.0023103247
0.9965514	0.0034486102
0.13973796	0.86026204
0.68993765	0.3100624
0.021106591	0.97889334
0.014206577	0.9857934
0.9979354	0.002064579
0.008700669	0.99129933
0.003149073	0.9968509
0.9963756	0.003624381
0.0040357746	0.99596417
0.002332722	0.9976673
0.38933635	0.6106636
0.13127294	0.868727
0.019928653	0.98007137
0.9974727	0.0025273075
0.99128515	0.008714806
0.9881193	0.011880771
0.9778235	0.02217645
0.10220236	0.89779764
0.9983285	0.0016714527
0.99766076	0.00233923
0.0018845828	0.9981154
0.9954768	0.0045232438
0.98997724	0.010022764
0.8545702	0.14542985
0.004079008	0.995921
0.015413622	0.98458636
0.99311465	0.0068853158
0.9821926	0.017807426
0.9973991	0.0026009367
0.0027714202	0.99722856
0.99800676	0.0019932266
0.03712823	0.96287173
0.9984296	0.0015704272
0.0021991262	0.9978009
0.95599484	0.044005223
0.036903635	0.9630964
0.99636275	0.0036373122
0.9963774	0.0036226339
0.96851057	0.031489477
0.2110097	0.7889903
0.0019590633	0.998041
0.08063824	0.91936177
0.98217815	0.017821793
0.99834645	0.0016535367
0.8893797	0.11062034
0.997417	0.0025829964
0.05651483	0.9434852
0.057767745	0.94223225
0.051392805	0.94860715
0.030280082	0.96971995
0.11918163	0.8808184
0.9956506	0.004349372
0.0020627014	0.9979373
0.049107235	0.9508928
0.04162651	0.95837355
0.041421358	0.95857865
0.004537042	0.99546295
0.0423829	0.9576171
0.43398166	0.56601834
0.9980038	0.0019961987
0.005250825	0.9947491
0.914842	0.08515802
0.093856186	0.9061438
0.41630942	0.5836906
0.99552333	0.00447672
0.003310713	0.99668926
0.014927931	0.9850721
0.0018440315	0.998156
0.0020130812	0.9979869
0.0022045579	0.99779546
0.9973374	0.0026626305
0.027952714	0.9720473
0.99839157	0.0016084112
0.99482936	0.0051706196
0.0026509834	0.997349
0.012201027	0.9877989
0.9961339	0.003866132
0.99640924	0.0035907761
0.014794176	0.9852058
0.0030054057	0.9969946
0.98697984	0.013020233
0.9918948	0.0081052035
0.99802387	0.0019761436
0.5324683	0.46753165
0.9886966	0.011303389
0.001907812	0.99809223
0.99525213	0.004747858
0.9962501	0.0037498928
0.002289873	0.9977101
0.012679536	0.9873204
0.09094978	0.9090502
0.0022558833	0.9977441
0.47200152	0.52799845
0.9970071	0.0029929928
0.9900122	0.009987785
0.010404533	0.9895955
0.15007728	0.8499227
0.011490869	0.9885091
0.9549121	0.045087866
0.9929999	0.0070000784
0.0018260141	0.99817395
0.0064140325	0.993586
0.004611342	0.9953886
0.0778812	0.92211884
0.02741988	0.9725802
0.0031091191	0.99689084
0.99349195	0.0065080607
0.017238237	0.9827618
0.86452484	0.13547516
0.01843127	0.9815687
0.0019234528	0.99807656
0.008582977	0.991417
0.0020292792	0.99797076
0.995915	0.004084947
0.9979401	0.002059896
0.9900187	0.00998127
0.06755807	0.9324419
0.9973115	0.0026885285
0.9971213	0.002878693
0.13748758	0.86251247
0.99570954	0.004290497
0.0059915204	0.99400854
0.021915656	0.9780844
0.9970331	0.0029668629
0.9968334	0.0031666216
0.009761413	0.99023855
0.9932781	0.006721945
0.0026650766	0.9973349
0.9585116	0.041488376
0.99807274	0.0019271903
0.987563	0.012436972
0.93080497	0.06919497
0.9971711	0.0028289305
0.8383926	0.1616074
0.9756741	0.0243259
0.98076755	0.019232461
0.9979869	0.002013062
0.025629496	0.9743705
0.0018836898	0.9981164
0.9969715	0.0030284713
0.028481893	0.9715181
0.0038957475	0.99610424
0.9971558	0.0028442089
0.9969398	0.0030602585
0.94985884	0.05014122
0.9958852	0.0041147782
0.99846363	0.0015363591
0.003781471	0.9962185
0.31756195	0.682438
0.0023040532	0.997696
0.0026344152	0.99736565
0.018634632	0.9813654
0.0027168025	0.9972832
0.0074357386	0.99256426
0.92695385	0.073046125
0.9973348	0.0026651768
0.0035270278	0.9964729
0.041787576	0.9582124
0.99765176	0.0023482586
0.99799806	0.0020019496
0.011631781	0.9883682
0.002128917	0.99787104
0.97301483	0.026985202
0.022063458	0.97793657
0.026797945	0.9732021
0.003096944	0.996903
0.012925437	0.9870746
0.008956203	0.9910438
0.0020621086	0.99793786
0.9963857	0.003614263
0.035703316	0.9642967
0.99219584	0.0078041726
0.0023399754	0.99766004
0.9970264	0.0029736212
0.0034046585	0.9965953
0.5634517	0.4365483
0.0023321197	0.99766785
0.06743273	0.9325673
0.0025649006	0.99743515
0.0019432609	0.9980567
0.0026346617	0.9973653
0.0035852832	0.99641466
0.0020658742	0.9979341
0.07330302	0.926697
0.99780864	0.0021913722
0.9706654	0.029334556
0.068620995	0.93137896
0.0062154224	0.99378455
0.99752206	0.002477979
0.047575027	0.952425
0.15731463	0.8426854
0.99748814	0.0025118731
0.9974209	0.002579083
0.7068106	0.2931894
0.9969363	0.0030636585
0.990919	0.009081029
0.002581135	0.9974189
0.0023876762	0.99761236
0.0020618583	0.9979381
0.9971734	0.0028266017
0.04768329	0.95231664
0.9973502	0.0026498316
0.016965179	0.98303485
0.0017875077	0.99821246
0.9983236	0.0016763709
0.031306695	0.9686933
0.9972179	0.0027821076
0.0047248947	0.99527514
0.9465015	0.053498544
0.99609023	0.0039096987
0.94220495	0.057795092
0.99036825	0.009631815
0.98431396	0.01568606
0.98962396	0.010376047
0.9892173	0.010782715
0.99708253	0.0029175126
0.0038155373	0.9961844
0.005872856	0.99412715
0.003538069	0.9964619
0.028090054	0.97190994
0.99724686	0.00275312
0.1680084	0.83199155
0.92682225	0.07317779
0.0040313136	0.9959687
0.04084704	0.959153
0.0077738613	0.9922261
0.17321461	0.82678545
0.0050953515	0.99490464
0.0065729925	0.99342704
0.015350892	0.9846491
0.030820556	0.9691795
0.9978091	0.0021908726
0.0018573621	0.9981426
0.99765897	0.0023410222
0.9926046	0.007395411
0.0020897097	0.9979103
0.41426292	0.5857371
0.036841173	0.96315885
0.0030085333	0.9969914
0.9960872	0.003912781
0.0055125244	0.99448746
0.17500916	0.8249908
0.9961876	0.003812369
0.022203723	0.97779626
0.099136434	0.9008635
0.9179835	0.08201656
0.004224689	0.9957753
0.061482646	0.93851733
0.99592364	0.004076339
0.9977824	0.002217629
0.0029279275	0.9970721
0.03805401	0.961946
0.118628286	0.88137174
0.043698195	0.9563018
0.01130743	0.98869264
0.9766837	0.023316376
0.004510624	0.9954894
0.004355491	0.99564457
0.0081541585	0.9918459
0.9935661	0.006433861
0.99820304	0.0017969109
0.0018636662	0.9981363
0.0041687023	0.9958313
0.31430703	0.68569297
0.03702739	0.9629726
0.9974542	0.0025457563
0.009562533	0.99043745
0.2164995	0.78350055
0.014253981	0.985746
0.028651183	0.9713488
0.0039434438	0.99605656
0.0038261951	0.9961738
0.66478044	0.3352196
0.085487984	0.914512
0.013012348	0.9869876
0.01000057	0.9899995
0.8574907	0.14250931
0.99848133	0.0015186758
0.0019494141	0.9980506
0.94036573	0.059634183
0.060924605	0.93907535
0.004431186	0.9955688
0.99593335	0.0040667183
0.99329764	0.0067023677
0.6632671	0.3367329
0.9855121	0.014487933
0.011328133	0.9886719
0.0019493798	0.9980506
0.99628335	0.0037167158
0.9981723	0.001827667
0.97952694	0.020473024
0.994517	0.0054829265
0.9624293	0.0375707
0.99052924	0.009470734
0.9970215	0.0029784513
0.026111607	0.9738884
0.21767518	0.78232485
0.9948907	0.0051092426
0.027748499	0.9722515
0.99399877	0.0060011884
0.99758637	0.0024136778
0.0018241536	0.99817586
0.9954465	0.004553424
0.0023662837	0.9976337
0.9959662	0.0040337727
0.9983935	0.0016065157
0.9983247	0.0016752492
0.97495246	0.025047561
0.012763705	0.9872363
0.0021157982	0.9978842
0.98320735	0.016792668
0.003656944	0.9963431
0.98360103	0.016398925
0.015216227	0.98478377
0.0077901646	0.9922098
0.0025912356	0.9974088
0.60139173	0.3986082
0.9958507	0.004149346
0.004821439	0.9951786
0.0040545883	0.9959454
0.9934716	0.0065283948
0.011689351	0.9883107
0.0025800548	0.99741995
0.9936888	0.0063111163
0.025180902	0.9748191
0.99727494	0.0027250382
0.9980375	0.0019624673
0.96815276	0.031847287
0.9970594	0.002940617
0.102875456	0.8971245
0.0018210288	0.99817896
0.9927356	0.007264366
0.0048451475	0.99515486
0.0032044095	0.9967956
0.0024100428	0.99758995
0.0027194964	0.9972805
0.9953135	0.004686491
0.55851763	0.44148234
0.88090825	0.119091734
0.0020218445	0.99797815
0.9875257	0.012474294
0.0032878574	0.9967121
0.04509774	0.95490223
0.0033258274	0.9966742
0.0056321104	0.9943679
0.0103283245	0.9896717
0.03657255	0.9634274
0.98810965	0.0118903695
0.0054579573	0.99454206
0.0022789615	0.997721
0.99745065	0.0025493756
0.9973949	0.0026050925
0.0041717337	0.9958282
0.006444887	0.9935551
0.0218601	0.9781399
0.008259621	0.99174035
0.0020971848	0.99790287
0.99748284	0.0025172473
0.00854888	0.9914511
0.97925586	0.020744164
0.0022126944	0.99778724
0.0028276234	0.9971724
0.0033310286	0.996669
0.018986827	0.9810131
0.045135316	0.95486474
0.11523936	0.88476056
0.9947397	0.005260275
0.084535085	0.9154649
0.0035942378	0.99640584
0.0374182	0.9625818
0.996463	0.0035370458
0.9983399	0.0016600544
0.032029517	0.96797043
0.023566408	0.9764336
0.9963169	0.003683059
0.98773533	0.012264624
0.023903977	0.976096
0.004720546	0.99527943
0.0024108777	0.9975891
0.99733305	0.0026669467
0.011806537	0.98819345
0.0020989866	0.99790096
0.9981285	0.0018714934
0.0027594774	0.99724054
0.07178229	0.9282177
0.0022488881	0.99775106
0.0374565	0.9625435
0.9929301	0.007069895
0.9265737	0.07342633
0.99260396	0.007396023
0.9391089	0.060891088
0.9963084	0.0036915531
0.99454427	0.005455695
0.030318987	0.969681
0.002012426	0.9979876
0.010896298	0.9891037
0.0049640797	0.99503595
0.09240319	0.9075968
0.97602594	0.023974024
0.0019910594	0.9980089
0.9962793	0.0037207154
0.003007324	0.9969927
0.91206974	0.0879303
0.0128993625	0.9871006
0.0050725187	0.9949275
0.016063334	0.98393667
0.042425424	0.95757455
0.022533145	0.9774669
0.38055366	0.61944634
0.0026829548	0.997317
0.0029030323	0.997097
0.046846192	0.95315385
0.9978004	0.0021996074
0.9963075	0.0036925864
0.9974681	0.0025319154
0.9975051	0.0024949044
0.0021582155	0.9978417
0.99706405	0.0029359355
0.9956665	0.004333504
0.9967602	0.0032398505
0.990027	0.00997301
0.100805536	0.8991945
0.0022015464	0.9977984
0.020647561	0.9793524
0.9929564	0.0070435326
0.01195212	0.98804796
0.99196637	0.008033601
0.97408235	0.025917636
0.9936598	0.0063402643
0.9369603	0.06303971
0.9974293	0.0025707043
0.13120423	0.86879575
0.9277572	0.07224281
0.0018659898	0.9981341
0.9959145	0.0040855217
0.0705109	0.9294891
0.9934849	0.0065150782
0.034747817	0.96525216
0.98070073	0.019299304
0.9932174	0.0067825974
0.015908564	0.98409146
0.004781399	0.9952186
0.0018574125	0.9981426
0.9968664	0.0031335575
0.0020836855	0.9979163
0.9801446	0.019855332
0.9959335	0.004066585
0.9973826	0.0026174248
0.9942352	0.0057648476
0.0032302008	0.9967698
0.0035807192	0.9964193
0.0066359774	0.9933641
0.007214079	0.9927859
0.9167528	0.08324718
0.9982515	0.0017485213
0.005168236	0.9948317
0.025454517	0.9745455
0.007807632	0.9921923
0.017704455	0.98229563
0.013224227	0.9867757
0.04451013	0.95548993
0.011325121	0.9886749
0.964882	0.035118032
0.9977017	0.0022983493
0.95015794	0.04984205
0.035181183	0.9648189
0.9970601	0.0029397975
0.99346256	0.00653749
0.031085974	0.9689141
0.006021201	0.99397886
0.0068871784	0.99311286
0.995557	0.0044430443
0.9939288	0.006071212
0.051299125	0.9487009
0.99765515	0.0023448633
0.004803188	0.99519676
0.9984549	0.0015451154
0.036966775	0.96303326
0.061849847	0.9381501
0.9547152	0.045284834
0.05141628	0.9485838
0.98824185	0.0117581235
0.9978607	0.002139235
0.017911784	0.98208827
0.9947037	0.0052962443
0.0018842419	0.9981158
0.983642	0.016358025
0.029923087	0.9700769
0.99573946	0.0042605326
0.9972082	0.0027918385
0.9896903	0.0103097595
0.9978967	0.00210327
0.053703394	0.9462966
0.0041173818	0.99588263
0.996406	0.0035940057
0.99732685	0.0026731
0.029731158	0.97026885
0.008196569	0.9918034
0.9978248	0.0021752883
0.26184943	0.73815054
0.9939347	0.006065301
0.02506912	0.97493094
0.023749242	0.9762507
0.0041426052	0.9958574
0.0051047513	0.9948953
0.99182934	0.008170607
0.62882555	0.37117442
0.99761486	0.002385173
0.98012084	0.019879138
0.16716552	0.8328345
0.9759871	0.024012895
0.0021114012	0.9978886
0.0020500743	0.9979499
0.8847174	0.11528259
0.93444407	0.065556
0.0022431563	0.9977569
0.99414486	0.0058552073
0.6437321	0.35626787
0.0057263356	0.9942736
0.9982522	0.0017477665
0.9979728	0.002027258
0.0020998088	0.9979001
0.943728	0.056272008
0.016727503	0.98327243
0.9982261	0.001773936
0.0018828687	0.9981172
0.0020908157	0.9979091
0.9868442	0.0131557565
0.62909	0.37091002
0.99829847	0.0017015875
0.011616294	0.9883837
0.9970049	0.0029951178
0.049980186	0.9500198
0.99347395	0.0065260287
0.056506585	0.9434935
0.9974239	0.0025761595
0.032693967	0.9673061
0.008431953	0.991568
0.0023009684	0.9976991
0.0031578103	0.99684215
0.99602616	0.003973819
0.9973968	0.002603184
0.07452129	0.92547876
0.99707425	0.0029257901
0.0029741332	0.9970259
0.9972741	0.0027258445
0.992307	0.007693011
0.0021784129	0.99782157
0.010591375	0.9894086
0.0034736635	0.9965263
0.011284987	0.988715
0.80055606	0.19944398
0.99777657	0.0022234567
0.9984086	0.0015913781
0.80982345	0.19017658
0.014360734	0.9856392
0.0027316085	0.99726844
0.996657	0.003342986
0.99028194	0.009718045
0.0032354172	0.99676454
0.9940825	0.0059174835
0.0029148238	0.99708515
0.9966162	0.0033838442
0.0031958246	0.99680424
0.0035973983	0.9964026
0.0020057808	0.9979942
0.99186784	0.008132175
0.0557381	0.94426185
0.9890575	0.010942549
0.9736398	0.026360149
0.99639064	0.0036092966
0.17560478	0.82439524
0.025511565	0.97448844
0.9964349	0.003565076
0.0042867586	0.99571323
0.0020827528	0.99791723
0.08220209	0.9177979
0.019929856	0.9800702
0.9936026	0.0063973707
0.99521196	0.0047880565
0.004824046	0.99517596
0.10466438	0.8953356
0.9983177	0.001682264
0.04752417	0.95247585
0.9979347	0.002065353
0.9960432	0.0039568427
0.98910224	0.010897705
0.9930286	0.0069713937
0.007223867	0.99277616
0.0031850003	0.996815
0.9977818	0.002218199
0.020972123	0.9790278
0.0024012474	0.9975987
0.0042342884	0.9957657
0.9973156	0.0026843867
0.014272433	0.9857276
0.9982419	0.0017581325
0.99842525	0.0015747922
0.77237743	0.22762261
0.0130553795	0.9869446
0.053343795	0.94665617
0.991653	0.008347004
0.8734324	0.12656763
0.99197125	0.008028762
0.10006146	0.8999385
0.99817324	0.0018267713
0.9936939	0.0063060974
0.9969529	0.0030470625
0.99739885	0.0026012028
0.01934028	0.98065966
0.973751	0.02624897
0.13910887	0.8608911
0.9984016	0.0015984633
0.9898185	0.010181492
0.027465785	0.9725342
0.018259166	0.98174083
0.002073733	0.99792624
0.0028244508	0.9971756
0.0017856113	0.99821436
0.99839264	0.0016073841
0.95670974	0.043290224
0.9984207	0.001579349
0.99172395	0.008276045
0.07554552	0.92445445
0.010481917	0.9895181
0.0018018862	0.9981981
0.0069206003	0.99307936
0.9979539	0.0020460978
0.99823666	0.0017633715
0.99643874	0.003561338
0.012912848	0.98708713
0.005168422	0.99483156
0.034393243	0.96560675
0.9938945	0.0061054793
0.9972791	0.0027208787
0.004841535	0.9951585
0.0036644395	0.9963355
0.002283435	0.99771655
0.9673188	0.032681152
0.046766706	0.95323324
0.0033866141	0.9966133
0.9964503	0.0035497015
0.0018981845	0.9981019
0.9886076	0.011392451
0.98588747	0.014112518
0.08472412	0.91527593
0.07814522	0.92185473
0.0051517156	0.99484825
0.9972453	0.0027547034
0.0018932311	0.9981067
0.008887747	0.9911123
0.001969253	0.9980307
0.98912317	0.010876801
0.9855334	0.014466646
0.002910473	0.99708956
0.0020275714	0.9979724
0.0031819222	0.99681807
0.99821895	0.0017810821
0.7025049	0.29749507
0.99708146	0.0029185123
0.9794698	0.020530242
0.008380382	0.9916196
0.21805908	0.7819409
0.9658523	0.0341477
0.9976966	0.0023033624
0.99114895	0.008851103
0.8959858	0.10401416
0.0021276928	0.99787235
0.9948348	0.0051651667
0.98904306	0.010956973
0.99469596	0.0053040097
0.991499	0.008500984
0.003316302	0.99668366
0.9925337	0.007466338
0.9971999	0.0028000933
0.005481021	0.99451894
0.008719705	0.99128026
0.9974239	0.0025761311
0.99373263	0.006267315
0.0026902284	0.9973098
0.9923805	0.0076195
0.006851436	0.9931485
0.0027685196	0.9972314
0.05205387	0.9479462
0.01046867	0.9895313
0.00269873	0.9973013
0.99493045	0.0050695008
0.00641128	0.9935887
0.0025118014	0.99748814
0.2906114	0.7093887
0.9975514	0.0024486037
0.0020733469	0.9979266
0.81081825	0.18918176
0.9980568	0.0019430963
0.9981433	0.001856716
0.97302294	0.02697702
0.0041772546	0.9958228
0.87908757	0.12091242
0.7461122	0.25388777
0.0019497694	0.9980502
0.09704662	0.90295345
0.0047925124	0.9952075
0.11477836	0.8852216
0.9869971	0.013002828
0.0024070619	0.99759287
0.99835443	0.0016456023
0.0038239714	0.996176
0.95178807	0.048211873
0.6252214	0.3747786
0.10031623	0.8996837
0.03171401	0.968286
0.0033325374	0.99666744
0.03660553	0.96339446
0.0022207461	0.9977793
0.0026874342	0.99731255
0.99565315	0.004346833
0.97604126	0.0239588
0.9969278	0.0030722208
0.995624	0.0043759705
0.6627928	0.3372072
0.99411136	0.005888578
0.996385	0.0036149633
0.9982004	0.0017995618
0.95178473	0.048215218
0.07900377	0.92099625
0.0034547048	0.99654526
0.99159485	0.008405089
0.25203052	0.7479695
0.0063047376	0.9936952
0.6427652	0.35723484
0.98854977	0.011450247
0.13497046	0.8650295
0.0035886166	0.9964114
0.99724126	0.0027587344
0.8636673	0.13633268
0.99842143	0.0015785634
0.02955285	0.9704471
0.9978436	0.0021563093
0.24411719	0.75588286
0.9980252	0.0019748057
0.99614596	0.003853983
0.01294565	0.9870544
0.996157	0.0038430807
0.010739867	0.9892601
0.969532	0.030467976
0.9977366	0.0022633718
0.997523	0.0024770354
0.99632674	0.00367327
0.99724823	0.0027516948
0.9925291	0.0074709044
0.008728052	0.9912719
0.988332	0.01166798
0.94939464	0.050605364
0.9516618	0.048338205
0.0043889037	0.99561113
0.98787737	0.012122601
0.99215066	0.007849347
0.9957184	0.0042816
0.009329167	0.9906708
0.9958807	0.004119261
0.0980064	0.9019936
0.99364233	0.006357658
0.0019041934	0.9980958
0.9426635	0.05733653
0.9976725	0.0023275455
0.45886344	0.54113656
0.9923718	0.007628184
0.05043955	0.94956046
0.0019735112	0.99802643
0.01926012	0.98073995
0.023101851	0.9768982
0.0044823573	0.9955177
0.0069579184	0.9930421
0.9975777	0.0024222762
0.003684627	0.9963154
0.067654036	0.93234605
0.07414007	0.92586
0.9943234	0.0056766947
0.9957014	0.004298563
0.986925	0.013074969
0.99683553	0.0031645347
0.0027015805	0.9972984
0.98982036	0.010179656
0.0029559936	0.997044
0.034349535	0.9656505
0.0064131566	0.9935868
0.002358514	0.99764156
0.0018039716	0.99819607
0.0034201855	0.9965798
0.99513006	0.0048699235
0.9983688	0.0016312321
0.002124957	0.9978751
0.021379145	0.9786209
0.89017737	0.10982266
0.99761164	0.0023883383
0.99799734	0.0020026146
0.0019006542	0.9980994
0.99240667	0.007593336
0.009997209	0.99000275
0.9975674	0.0024326178
0.99842095	0.0015790842
0.99785244	0.002147551
0.083235376	0.9167646
0.99818677	0.0018131583
0.0079355305	0.9920644
0.9979518	0.0020482505
0.9952513	0.004748703
0.0034814847	0.9965185
0.99314207	0.006857955
0.01481653	0.9851835
0.009288404	0.9907116
0.02413921	0.97586083
0.9980155	0.0019844954
0.0020008886	0.99799913
0.99459285	0.005407087
0.9930987	0.006901301
0.9982553	0.0017446736
0.010212427	0.9897876
0.987862	0.012138007
0.9958578	0.0041421778
0.9958758	0.0041242447
0.0049034324	0.9950965
0.99176836	0.0082316315
0.997259	0.0027409615
0.00414378	0.9958562
0.092425495	0.90757453
0.002621982	0.997378
0.0068280282	0.99317205
0.0029765333	0.9970234
0.098515496	0.9014845
0.060405836	0.93959415
0.008586838	0.99141324
0.14389168	0.8561083
0.9978454	0.0021545547
0.015644604	0.98435545
0.0024475465	0.99755245
0.9983072	0.0016927456
0.012037141	0.9879629
0.0045854156	0.9954146
0.001913905	0.9980861
0.066199005	0.933801
0.997047	0.0029530495
0.99745196	0.0025480045
0.99760675	0.0023932285
0.080252334	0.91974765
0.00303539	0.99696463
0.9738918	0.02610825
0.994055	0.0059451116
0.9880485	0.011951511
0.99847215	0.0015278442
0.99674475	0.0032551868
0.002166734	0.9978333
0.99795496	0.002045033
0.0056525283	0.9943475
0.0050024786	0.9949975
0.0026579655	0.99734205
0.9972324	0.0027676735
0.9971559	0.002844078
0.99832755	0.0016724204
0.0065087294	0.99349123
0.0039026854	0.9960974
0.9812129	0.018787095
0.02993199	0.97006804
0.9954556	0.004544412
0.0055697053	0.99443024
0.0036678538	0.9963322
0.0541913	0.9458087
0.9966415	0.0033585154
0.6515262	0.3484738
0.010971326	0.9890287
0.017886994	0.982113
0.03113278	0.9688672
0.99167997	0.008319975
0.9813721	0.018627886
0.8433659	0.15663412
0.99389255	0.006107427
0.9894657	0.010534334
0.9793164	0.020683616
0.969429	0.030570941
0.99688715	0.0031128873
0.9972811	0.0027188868
0.99841094	0.0015889752
0.78967255	0.21032743
0.95307285	0.046927188
0.9956813	0.00431873
0.9904553	0.009544661
0.9897059	0.01029411
0.018036904	0.98196304
0.039139718	0.96086025
0.002225404	0.99777454
0.93585217	0.06414785
0.7967282	0.20327173
0.964644	0.035356045
0.60242337	0.3975766
0.99778134	0.0022186444
0.11216353	0.8878365
0.0637862	0.93621385
0.9857717	0.01422829
0.99772197	0.0022779948
0.037607703	0.96239233
0.9646345	0.035365526
0.8420266	0.1579734
0.99626607	0.0037338957
0.049773242	0.9502267
0.009686881	0.9903132
0.9984357	0.0015642875
0.062444117	0.9375559
0.016266026	0.9837339
0.94843715	0.05156289
0.9891676	0.010832377
0.9960771	0.0039229095
0.99421775	0.0057822224
0.9936646	0.0063353693
0.99533564	0.0046643456
0.996931	0.0030690157
0.0047745607	0.9952254
0.005447688	0.9945523
0.016301462	0.9836985
0.0029226923	0.99707735
0.7482429	0.25175706
0.99684674	0.0031532508
0.9981493	0.0018507782
0.0058737826	0.9941262
0.9869703	0.013029715
0.9983876	0.0016123978
0.9307842	0.069215834
0.99610907	0.0038909842
0.9977725	0.0022275099
0.9956819	0.0043181246
0.9733122	0.026687834
0.002447188	0.9975528
0.0022180101	0.99778205
0.00214816	0.99785185
0.9981292	0.0018708524
0.997079	0.002920961
0.99831676	0.0016833169
0.82182616	0.17817385
0.014888716	0.9851113
0.98693883	0.013061168
0.046206422	0.9537936
0.06958844	0.9304115
0.9982438	0.0017562337
0.98997295	0.010027066
0.0023810873	0.99761885
0.0061996374	0.99380034
0.997795	0.0022050543
0.0026146774	0.9973853
0.4173128	0.5826872
0.9941559	0.0058440566
0.13389227	0.8661077
0.9937623	0.0062376754
0.0061902674	0.99380976
0.0144787105	0.98552126
0.998049	0.0019509298
0.00241381	0.99758625
0.003676863	0.9963231
0.005363405	0.9946366
0.042579774	0.95742023
0.0019148017	0.99808526
0.0021787903	0.9978212
0.0021059348	0.9978941
0.22219959	0.77780044
0.04893579	0.9510642
0.0025749304	0.9974251
0.99780923	0.0021908425
0.995618	0.004382052
0.3620939	0.6379061
0.001935952	0.9980641
0.0722221	0.92777795
0.009992294	0.99000776
0.0075995116	0.9924004
0.0023028653	0.9976972
0.9944646	0.0055353874
0.9355648	0.06443517
0.002525768	0.99747425
0.9924332	0.0075668567
0.9892512	0.010748804
0.057074513	0.94292545
0.018251732	0.9817483
0.056284525	0.9437155
0.9552153	0.044784706
0.0025855675	0.99741435
0.0025191372	0.9974809
0.9814014	0.01859861
0.012680073	0.98731995
0.99812156	0.0018784793
0.012767888	0.9872321
0.0032994307	0.9967006
0.002541863	0.99745816
0.9984189	0.0015810906
0.5003805	0.4996195
0.005173549	0.9948264
0.9984843	0.0015156686
0.6767836	0.32321638
0.99761343	0.0023866326
0.9959914	0.0040085944
0.986516	0.013483984
0.017917478	0.9820825
0.9964881	0.0035118868
0.99560696	0.004393058
0.014650033	0.9853499
0.002197959	0.9978021
0.0334391	0.9665609
0.02990561	0.9700944
0.98803467	0.011965291
0.087709524	0.9122905
0.082967244	0.9170328
0.9958715	0.0041285264
0.9912691	0.008730883
0.9944666	0.0055334037
0.0018728016	0.99812716
0.9941354	0.0058646523
0.03450912	0.96549094
0.9865709	0.013429095
0.0030628608	0.99693716
0.002789088	0.9972109
0.0020520322	0.997948
0.002223372	0.99777657
0.997175	0.002825051
0.01545652	0.9845435
0.99060047	0.009399563
0.99757046	0.0024295407
0.99658966	0.0034103
0.9945886	0.00541134
0.9983423	0.0016577005
0.014479268	0.9855208
0.035001278	0.96499866
0.98319006	0.016809903
0.9971558	0.0028442063
0.99759066	0.0024093874
0.9977119	0.0022880503
0.0054482254	0.99455184
0.997512	0.002488012
0.0057753925	0.9942246
0.9798078	0.02019214
0.032154903	0.96784514
0.0029062403	0.9970938
0.22458318	0.7754168
0.99613047	0.0038695415
0.0018093463	0.9981907
0.0019010259	0.998099
0.0026468313	0.9973532
0.32218403	0.677816
0.005547681	0.9944523
0.99789906	0.0021009282
0.98319304	0.016806915
0.03927361	0.9607263
0.9934277	0.0065722605
0.0035143658	0.9964856
0.6084073	0.39159268
0.99649376	0.0035062344
0.98903394	0.010966102
0.0024974155	0.9975026
0.56174797	0.438252
0.9976051	0.0023949337
0.020069482	0.9799305
0.0050224178	0.99497753
0.9810432	0.018956777
0.06082042	0.93917954
0.99529666	0.0047033
0.061662495	0.9383375
0.2758058	0.7241942
0.9977054	0.002294606
0.9981201	0.0018798071
0.0018112194	0.9981888
0.9920155	0.007984519
0.99719393	0.0028059937
0.9956844	0.0043156464
0.0043744543	0.9956255
0.008045512	0.9919545
0.9950536	0.0049464297
0.03260302	0.967397
0.0026374261	0.99736255
0.99819154	0.00180843
0.99430215	0.0056979163
0.018223096	0.9817769
0.99792814	0.0020718144
0.3475453	0.6524547
0.99689865	0.0031013726
0.9393622	0.06063772
0.028488716	0.97151124
0.751546	0.24845402
0.2460683	0.75393176
0.993793	0.006206969
0.017993968	0.9820061
0.009353848	0.9906461
0.99633765	0.0036623303
0.033681538	0.9663185
0.02965341	0.97034657
0.9884978	0.011502129
0.9924138	0.007586135
0.99257797	0.007422001
0.968475	0.03152501
0.0027802296	0.9972198
0.9975235	0.0024764508
0.9571027	0.042897332
0.03210156	0.9678984
0.019867731	0.9801323
0.894493	0.10550702
0.002359012	0.99764097
0.939877	0.060122978
0.9981231	0.0018768724
0.9914403	0.008559694
0.9977507	0.0022492944
0.20457314	0.79542685
0.031866018	0.968134
0.99544984	0.0045501874
0.97443	0.025569916
0.0037506036	0.9962494
0.99487346	0.005126547
0.009901233	0.9900988
0.9975228	0.0024771693
0.004604053	0.99539596
0.013699641	0.98630035
0.7915074	0.20849256
0.9938864	0.0061135516
0.9933478	0.006652119
0.9720007	0.02799929
0.9967663	0.0032336353
0.002793242	0.99720675
0.0077071334	0.9922929
0.99765515	0.0023448342
0.011263961	0.9887361
0.0025394098	0.9974606
0.9982609	0.0017390978
0.08808802	0.91191196
0.9960084	0.0039915517
0.99672455	0.003275477
0.9728742	0.027125727
0.9412011	0.05879896
0.004069229	0.99593073
0.9964187	0.0035813167
0.9969386	0.0030613742
0.997891	0.0021090226
0.002451086	0.9975489
0.0017122476	0.99828774
0.011893227	0.98810685
0.9858496	0.01415041
0.9936035	0.0063965344
0.99629253	0.0037074236
0.004227856	0.9957722
0.031159751	0.9688402
0.9961385	0.0038615032
0.9798702	0.020129824
0.052843656	0.94715637
0.9976915	0.0023084702
0.122904055	0.87709594
0.9979785	0.0020215607
0.010889722	0.9891103
0.007467281	0.9925328
0.086038135	0.9139619
0.95109195	0.048908103
0.97396076	0.026039235
0.0058612414	0.9941387
0.0027228955	0.9972771
0.9953302	0.004669839
0.0021830464	0.9978169
0.92311466	0.07688534
0.9958476	0.004152417
0.3180918	0.6819082
0.0026892112	0.99731076
0.9411691	0.058830865
0.01099337	0.98900664
0.057316385	0.94268364
0.9792891	0.020710848
0.9983203	0.0016796553
0.02443742	0.9755626
0.92868304	0.071317
0.0075629763	0.99243706
0.0055823387	0.99441767
0.10809566	0.8919043
0.08643456	0.9135654
0.88275266	0.11724735
0.10338446	0.89661556
0.005462944	0.99453706
0.0023019188	0.9976981
0.011163499	0.9888365
0.9969739	0.0030261152
0.016655939	0.983344
0.5193452	0.48065484
0.9963257	0.0036742575
0.9929864	0.0070136515
0.0022110867	0.9977889
0.991895	0.008104934
0.99752325	0.0024767844
0.944024	0.05597594
0.002007502	0.9979925
0.99756503	0.002434932
0.043482643	0.9565174
0.9909768	0.0090231355
0.0026528474	0.9973471
0.07793324	0.9220667
0.07018395	0.92981607
0.0038877586	0.9961123
0.9981092	0.001890818
0.9975388	0.0024611822
0.99705637	0.0029436494
0.0035605324	0.9964394
0.0029635555	0.99703646
0.96374124	0.036258724
0.99501556	0.004984421
0.99561584	0.004384128
0.08278021	0.9172198
0.99680966	0.0031902771
0.039038666	0.96096134
0.06094207	0.9390579
0.9827974	0.017202599
0.99736845	0.002631564
0.009599228	0.99040073
0.02992196	0.970078
0.9954744	0.00452555
0.9936573	0.0063426704
0.022851072	0.97714895
0.9973258	0.002674224
0.9978528	0.0021472403
0.99792457	0.0020753646
0.0031999848	0.99679995
0.98666537	0.013334706
0.0020115355	0.99798846
0.9962734	0.0037266517
0.0053296033	0.99467033
0.0083570825	0.99164295
0.9968573	0.0031427569
0.019474978	0.980525
0.9782317	0.021768292
0.99264413	0.0073559275
0.050156854	0.9498431
0.004522419	0.9954776
0.9956974	0.004302635
0.0070739123	0.9929261
0.9959579	0.0040420396
0.07657017	0.9234298
0.031317458	0.9686826
0.071214296	0.92878574
0.88922745	0.11077253
0.9955432	0.004456792
0.9974584	0.0025416259
0.9983	0.0017000441
0.9945642	0.0054357783
0.9794531	0.02054691
0.016130177	0.98386985
0.9978886	0.0021114333
0.011222131	0.98877794
0.028681308	0.97131866
0.99845517	0.0015448566
0.9956299	0.0043700915
0.9932059	0.006794162
0.019712193	0.9802878
0.9974636	0.0025364526
0.998212	0.0017880746
0.9969471	0.0030529583
0.99737984	0.002620137
0.99471694	0.0052830274
0.90501124	0.09498873
0.9981804	0.0018196234
0.9914932	0.008506716
0.9981384	0.0018615758
0.01841905	0.9815809
0.97956103	0.020438947
0.9964449	0.0035551586
0.10741144	0.89258856
0.0025112855	0.99748874
0.020536741	0.9794632
0.98776674	0.012233216
0.99367744	0.0063225194
0.028969534	0.9710305
0.9981711	0.0018288463
0.002386939	0.9976131
0.0034064923	0.99659353
0.0022591269	0.99774086
0.012026145	0.9879738
0.0642975	0.93570244
0.9824775	0.017522557
0.002327326	0.9976726
0.15135723	0.84864277
0.98156905	0.018430969
0.0031435187	0.99685645
0.07163772	0.92836225
0.0066715246	0.99332845
0.954962	0.045038015
0.002188843	0.99781114
0.048374306	0.9516257
0.9919985	0.008001571
0.011594748	0.9884052
0.99764603	0.0023539134
0.9922321	0.007767898
0.018803248	0.9811967
0.9896623	0.010337783
0.057227075	0.9427729
0.008016407	0.9919836
0.9984584	0.0015416471
0.02690877	0.97309124
0.021397116	0.9786028
0.9960396	0.0039603096
0.0034742693	0.9965257
0.0064513725	0.9935487
0.99624455	0.0037554959
0.0047635934	0.99523646
0.080429755	0.91957027
0.9984211	0.001578897
0.99181634	0.008183627
0.0028327976	0.99716717
0.0049771806	0.9950229
0.9763056	0.023694435
0.02601432	0.9739856
0.9983728	0.0016271864
0.99787545	0.0021245345
0.847858	0.15214202
0.0134485485	0.9865515
0.0069895335	0.99301046
0.99774456	0.0022554111
0.99812526	0.0018747725
0.0033669851	0.996633
0.99196225	0.008037707
0.99280643	0.0071934983
0.9749513	0.02504872
0.006324114	0.9936759
0.0033048308	0.99669516
0.0028850643	0.9971149
0.965542	0.034458008
0.005458004	0.99454206
0.037666164	0.9623338
0.99204445	0.007955474
0.96312714	0.03687288
0.9918283	0.008171693
0.99455595	0.0054440754
0.0041219387	0.9958781
0.99848807	0.0015119634
0.019434191	0.9805658
0.9939435	0.0060564424
0.99845743	0.001542587
0.003497956	0.99650204
0.0030125482	0.9969875
0.9967534	0.003246596
0.0059585487	0.9940414
0.028285837	0.97171414
0.002699177	0.9973008
0.9873281	0.01267194
0.9766564	0.023343602
0.9954347	0.0045653144
0.055912055	0.944088
0.9248689	0.07513113
0.9974414	0.0025585466
0.99363154	0.00636842
0.0020862212	0.9979138
0.9940697	0.005930307
0.08254021	0.9174598
0.017697828	0.9823022
0.0021785726	0.99782145
0.0075804763	0.99241954
0.89874345	0.10125656
0.0022838633	0.9977162
0.99731797	0.0026820595
0.011871337	0.9881287
0.9827187	0.017281234
0.0022810835	0.9977189
0.33573097	0.66426903
0.057928555	0.94207144
0.017336069	0.9826639
0.9942392	0.0057607815
0.006601713	0.9933983
0.9743681	0.025631879
0.011812814	0.98818713
0.995317	0.0046830894
0.0046034437	0.99539655
0.025956176	0.97404385
0.99814093	0.0018591037
0.0026925872	0.9973074
0.9788392	0.021160828
0.9960322	0.003967761
0.07412082	0.9258792
0.0025834362	0.9974165
0.9976636	0.0023363803
0.0025831538	0.99741685
0.002229465	0.99777055
0.0031931354	0.99680686
0.035543352	0.9644567
0.99452436	0.0054757004
0.99485296	0.0051470185
0.0024865193	0.99751353
0.9983919	0.0016080821
0.9978029	0.0021970344
0.9980572	0.0019427809
0.027220007	0.97278005
0.9754326	0.024567377
0.9608264	0.039173644
0.96533525	0.034664724
0.2463578	0.75364226
0.99813545	0.0018645533
0.025832819	0.97416717
0.9959637	0.0040363213
0.99659485	0.0034051293
0.003911051	0.996089
0.0040219775	0.995978
0.9968453	0.0031546073
0.0076205637	0.9923794
0.010340925	0.98965913
0.0023080013	0.997692
0.77419084	0.22580917
0.007210225	0.9927898
0.9978543	0.00214568
0.002105596	0.99789447
0.011335383	0.9886646
0.00914246	0.99085754
0.021151705	0.97884834
0.0030946368	0.9969054
0.9955564	0.0044435654
0.0019395697	0.9980604
0.079126835	0.9208732
0.7979557	0.20204428
0.0064663594	0.9935336
0.0032249053	0.9967751
0.0059750006	0.99402505
0.021999259	0.97800076
0.001853894	0.9981462
0.99500906	0.004990915
0.9965551	0.0034449445
0.015213004	0.98478705
0.9981817	0.0018183143
0.98074657	0.019253405
0.0037445468	0.9962554
0.99260557	0.00739442
0.9766724	0.02332763
0.9971264	0.00287357
0.9923976	0.0076024476
0.24945264	0.75054735
0.013496739	0.98650324
0.0032117898	0.99678826
0.9386775	0.061322514
0.99783784	0.0021622016
0.0029245478	0.99707544
0.0036388775	0.9963611
0.0017692408	0.99823076
0.9984321	0.0015679082
0.9842196	0.01578045
0.0024404086	0.99755955
0.051474266	0.9485257
0.99160355	0.00839651
0.1832632	0.8167368
0.98571223	0.014287755
0.99344563	0.006554449
0.99819034	0.001809632
0.01615285	0.9838471
0.99607134	0.0039287084
0.9970561	0.0029438355
0.9971137	0.0028862564
0.00873601	0.991264
0.015777806	0.9842221
0.023550548	0.9764495
0.038524434	0.96147555
0.9982962	0.0017038569
0.9978453	0.0021546746
0.05351875	0.9464812
0.005146886	0.9948531
0.99762696	0.0023731038
0.9940171	0.0059828474
0.0027729229	0.997227
0.09043133	0.90956867
0.024726592	0.9752734
0.0037024883	0.99629754
0.99488044	0.005119511
0.049247447	0.9507526
0.995672	0.0043280055
0.9756933	0.024306701
0.04977023	0.9502298
0.0018577644	0.99814224
0.9881683	0.011831743
0.99764365	0.0023563427
0.014258498	0.9857415
0.004826739	0.9951733
0.003034628	0.99696535
0.0021397094	0.99786025
0.06246301	0.93753695
0.0061612697	0.9938387
0.9931346	0.006865374
0.01646558	0.9835344
0.038624633	0.9613754
0.14533293	0.8546671
0.9927295	0.007270476
0.9983725	0.0016275381
0.9135239	0.086476065
0.9753685	0.024631519
0.99841523	0.0015847009
0.018818809	0.98118126
0.89541245	0.10458757
0.9984571	0.0015428718
0.98432	0.01568002
0.0017618076	0.9982382
0.0029936584	0.99700636
0.99800855	0.0019914573
0.99819106	0.0018089863
0.9976132	0.0023868345
0.0031642008	0.9968359
0.0030014862	0.99699855
0.9883708	0.011629261
0.7692773	0.2307227
0.14160818	0.85839176
0.0021361469	0.9978638
0.9981133	0.00188676
0.0060742884	0.99392575
0.9970585	0.0029415032
0.99560416	0.004395889
0.9452528	0.05474719
0.99608827	0.003911731
0.013984296	0.9860157
0.99774146	0.002258566
0.99517965	0.004820348
0.9981102	0.0018898138
0.0037716292	0.99622834
0.84386873	0.15613122
0.072851494	0.9271485
0.0017563191	0.9982437
0.91317123	0.086828806
0.14220083	0.85779923
0.9966305	0.0033695372
0.019287642	0.9807124
0.98406965	0.015930345
0.9964689	0.0035311382
0.9470144	0.052985575
0.016721394	0.9832786
0.002020421	0.9979796
0.948821	0.051179
0.0025871866	0.99741286
0.0017785558	0.99822146
0.00882971	0.9911703
0.9973424	0.002657575
0.001920671	0.9980793
0.7884869	0.21151306
0.023501659	0.97649837
0.04019769	0.9598023
0.9976119	0.0023881828
0.98774755	0.012252512
0.0017097081	0.99829024
0.92008364	0.0799163
0.0029048934	0.9970951
0.001974257	0.9980258
0.041954722	0.95804524
0.99271214	0.0072878627
0.0036282714	0.99637175
0.99815494	0.0018450551
0.99262804	0.0073720273
0.9931058	0.0068941284
0.39432752	0.6056725
0.9863306	0.01366934
0.10091896	0.89908105
0.99119616	0.008803842
0.68413	0.31587002
0.99527353	0.0047264867
0.9956909	0.0043091564
0.99825424	0.0017457453
0.010658894	0.9893411
0.05279392	0.94720614
0.99747235	0.0025276104
0.9886283	0.01137173
0.9939587	0.0060413
0.0018668728	0.9981331
0.7551347	0.24486527
0.020314718	0.97968525
0.022796761	0.97720325
0.7148061	0.2851939
0.9553257	0.044674285
0.9969169	0.0030830926
0.99818265	0.0018173992
0.9976574	0.0023425606
0.9870531	0.012946942
0.99020153	0.009798476
0.97820866	0.021791356
0.005853944	0.994146
0.0024767618	0.99752325
0.68154055	0.3184595
0.9972408	0.0027591859
0.99725974	0.0027402889
0.98234093	0.01765903
0.9866759	0.013324119
0.9977017	0.002298334
0.041997157	0.9580028
0.08420707	0.9157929
0.055908713	0.9440913
0.9628757	0.037124306
0.006772089	0.9932279
0.99643075	0.0035692179
0.06047595	0.93952405
0.088088356	0.91191167
0.0059321267	0.9940679
0.070245095	0.929755
0.0018683198	0.9981317
0.9967752	0.0032247412
0.0044023464	0.99559766
0.9971595	0.0028404759
0.002122878	0.9978771
0.9818257	0.018174225
0.9980159	0.001984126
0.0020347734	0.9979652
0.0023408127	0.9976592
0.010401157	0.9895989
0.21418339	0.7858166
0.9971852	0.0028148338
0.9946556	0.0053444016
0.008104138	0.99189585
0.01024174	0.98975825
0.09361425	0.9063857
0.0032938449	0.9967062
0.0021343527	0.9978656
0.99771094	0.002288991
0.9979359	0.0020641114
0.9976223	0.002377661
0.9673488	0.032651205
0.007798617	0.9922013
0.006905869	0.9930942
0.99838865	0.0016113789
0.9984408	0.0015591958
0.005876476	0.9941235
0.016749186	0.9832508
0.049892295	0.9501077
0.072969496	0.9270305
0.9975412	0.0024587763
0.99681	0.0031899726
0.0053267023	0.9946733
0.05339413	0.94660586
0.995144	0.0048560626
0.65981674	0.34018326
0.2586476	0.74135244
0.005459878	0.99454015
0.051204752	0.94879526
0.002588585	0.99741143
0.0019552575	0.9980447
0.010723192	0.98927677
0.109785154	0.8902148
0.0019488827	0.99805117
0.0023101117	0.99768996
0.9983215	0.0016784709
0.00221228	0.9977877
0.9963329	0.003667052
0.9983481	0.0016519435
0.9723584	0.027641557
0.9858791	0.014120914
0.7890666	0.21093343
0.97508156	0.024918491
0.9564201	0.043579824
0.99841535	0.0015846746
0.9901136	0.009886421
0.9405122	0.059487794
0.99769115	0.0023088877
0.0023995484	0.9976005
0.9780774	0.02192265
0.9957071	0.0042929384
0.7863806	0.21361943
0.002696815	0.9973031
0.050673172	0.9493269
0.0027063617	0.99729365
0.9965752	0.0034247604
0.9974408	0.002559199
0.9846876	0.015312386
0.069130376	0.93086964
0.096704684	0.9032953
0.0023860852	0.9976139
0.9944887	0.0055112704
0.6466938	0.35330614
0.9979457	0.0020542284
0.9974137	0.0025863105
0.9770512	0.022948815
0.99835396	0.0016460504
0.028617553	0.97138244
0.010698077	0.989302
0.8853175	0.11468255
0.9039922	0.09600782
0.009186999	0.99081296
0.0149563	0.98504376
0.99840933	0.001590757
0.0024023468	0.99759763
0.045577668	0.95442235
0.99810696	0.0018930311
0.4797773	0.52022266
0.9794341	0.020565936
0.20225614	0.7977438
0.99581856	0.004181422
0.9599749	0.040025137
0.0018799495	0.99812
0.9980556	0.0019443922
0.98099613	0.019003808
0.98496675	0.015033314
0.0031828147	0.9968172
0.9983051	0.0016949535
0.998278	0.0017219366
0.9955064	0.0044936338
0.99157023	0.0084297415
0.9923057	0.0076943184
0.99693465	0.0030653279
0.30141166	0.6985884
0.98557854	0.014421451
0.9961494	0.0038505907
0.010435845	0.9895642
0.31325766	0.6867423
0.7005359	0.29946408
0.99842095	0.001579085
0.005144148	0.9948559
0.042129755	0.95787024
0.99773324	0.0022667926
0.9871558	0.012844223
0.9983923	0.0016076433
0.9956151	0.004384905
0.009947307	0.99005276
0.044135984	0.955864
0.0023307675	0.99766916
0.015942968	0.984057
0.9983559	0.0016440455
0.0021381706	0.9978618
0.995203	0.0047969446
0.990239	0.00976097
0.0021526557	0.9978473
0.0042541423	0.99574584
0.0028815547	0.9971185
0.025309829	0.9746902
0.9473833	0.052616745
0.99716526	0.0028347068
0.067633145	0.93236685
0.008451308	0.9915487
0.06939111	0.93060887
0.040223468	0.9597765
0.566974	0.43302605
0.98821926	0.011780773
0.015941061	0.98405886
0.0018252771	0.99817467
0.96699953	0.0330004
0.022377258	0.9776227
0.97502035	0.024979664
0.08584052	0.9141595
0.9950606	0.004939337
0.99629635	0.0037036703
0.99710387	0.0028960756
0.033826426	0.9661736
0.99761707	0.002382891
0.99547946	0.0045204596
0.9922999	0.0077000833
0.014972488	0.98502755
0.016118526	0.9838815
0.9924545	0.0075454516
0.9778823	0.022117676
0.008508025	0.991492
0.02997418	0.97002584
0.9946174	0.005382671
0.0019058462	0.99809414
0.9902954	0.009704673
0.99441344	0.0055865487
0.98889506	0.011104951
0.0018232681	0.9981767
0.0045332126	0.9954667
0.0100724455	0.9899275
0.011023063	0.9889769
0.9938623	0.0061376872
0.936252	0.063747965
0.026790805	0.9732092
0.9955129	0.004487038
0.99520653	0.004793463
0.9955446	0.0044554127
0.0077392035	0.9922609
0.0019525555	0.9980475
0.99782145	0.0021785318
0.0028675266	0.9971324
0.77316654	0.22683343
0.9053081	0.094691865
0.004794186	0.9952058
0.9974975	0.0025025345
0.007975685	0.9920243
0.9926967	0.0073032235
0.8975466	0.10245339
0.06670986	0.9332902
0.0020549567	0.997945
0.004525146	0.9954749
0.014185149	0.9858148
0.9699257	0.030074295
0.9380409	0.061959103
0.002022364	0.9979777
0.9924791	0.007520946
0.004715383	0.9952846
0.002038556	0.9979614
0.9979266	0.0020733904
0.9962219	0.00377813
0.013918515	0.9860815
0.0037649758	0.9962351
0.010483154	0.9895168
0.9984301	0.0015699443
0.99208766	0.007912328
0.0019665326	0.99803346
0.49357924	0.5064208
0.998408	0.001591973
0.9962453	0.0037546537
0.012817509	0.9871825
0.99297184	0.0070282225
0.99272186	0.007278089
0.9980763	0.001923667
0.9960289	0.0039711664
0.99683565	0.0031644355
0.9974069	0.002593127
0.007044073	0.9929559
0.002038114	0.9979619
0.054311763	0.9456882
0.99330586	0.0066941315
0.021136228	0.9788638
0.9981294	0.0018706209
0.9972785	0.002721482
0.99199194	0.008008049
0.9982791	0.00172091
0.0023425238	0.9976574
0.012698383	0.9873016
0.99441916	0.005580833
0.094356716	0.9056433
0.9973157	0.0026842642
0.9970439	0.002956089
0.9299091	0.070090875
0.0032256334	0.9967744
0.9803797	0.019620368
0.0388517	0.96114826
0.022595163	0.97740483
0.009232664	0.9907673
0.0018788725	0.9981211
0.95777446	0.04222561
0.0034986555	0.9965013
0.08209986	0.91790015
0.9686197	0.031380277
0.99778134	0.0022186993
0.14470737	0.8552926
0.94761753	0.052382413
0.055398718	0.94460124
0.99705374	0.0029462029
0.0037723999	0.9962276
0.9981148	0.0018851326
0.9957137	0.004286331
0.9970035	0.0029964747
0.95828277	0.041717246
0.005560021	0.99443996
0.10659324	0.89340675
0.017424107	0.9825759
0.0028068	0.9971933
0.02573099	0.974269
0.43606833	0.5639317
0.002711119	0.99728894
0.99841344	0.0015865619
0.04234699	0.957653
0.06134876	0.93865126
0.99815124	0.0018487005
0.011786359	0.98821366
0.005363889	0.9946361
0.0069940095	0.993006
0.007476543	0.9925235
0.99843365	0.0015663503
0.0052316203	0.9947684
0.0022367213	0.9977633
0.09037887	0.9096211
0.9965011	0.0034988583
0.97639626	0.02360371
0.9975854	0.0024145364
0.004229657	0.9957703
0.0021938798	0.99780613
0.004416908	0.9955831
0.9787531	0.021246957
0.99648404	0.003515988
0.971884	0.028115999
0.008260113	0.99173987
0.99623173	0.0037682946
0.99624485	0.0037550782
0.0018803691	0.99811965
0.02997304	0.97002697
0.9944265	0.005573494
0.001893317	0.9981067
0.9970432	0.0029567624
0.013643333	0.9863566
0.9802163	0.019783719
0.9070321	0.09296789
0.005673998	0.99432594
0.018447254	0.9815528
0.9973537	0.0026463782
0.09263826	0.9073617
0.0028610225	0.997139
0.98667186	0.013328163
0.0026836237	0.9973164
0.0118607795	0.9881392
0.99762744	0.002372571
0.9879237	0.012076354
0.0076866397	0.9923133
0.9977258	0.0022742026
0.9916066	0.008393433
0.0024022118	0.99759775
0.99769765	0.0023023325
0.819144	0.18085596
0.0020622106	0.99793774
0.9714343	0.028565697
0.013849802	0.9861502
0.99735755	0.0026423838
0.047207285	0.9527927
0.87867147	0.12132852
0.9954472	0.004552793
0.033354256	0.9666458
0.00260594	0.9973941
0.942298	0.05770205
0.99794406	0.002055977
0.0020123126	0.9979876
0.008485865	0.9915141
0.98363805	0.01636194
0.017934654	0.9820654
0.9915388	0.008461175
0.002333195	0.99766684
0.03130927	0.96869075
0.91504365	0.08495629
0.093984924	0.9060151
0.0050490084	0.994951
0.9959776	0.00402239
0.99767095	0.002329054
0.0018318677	0.9981681
0.0022865573	0.99771345
0.13568549	0.8643145
0.005674087	0.99432594
0.0028883226	0.9971117
0.996879	0.00312106
0.9471106	0.052889377
0.037089527	0.9629104
0.98252237	0.017477626
0.9920386	0.0079614455
0.0024560578	0.9975439
0.0019041073	0.9980959
0.0071344273	0.99286556
0.034706328	0.9652937
0.02758314	0.97241694
0.9929858	0.0070142327
0.9936998	0.0063002408
0.9936295	0.0063704574
0.0034639833	0.996536
0.1553791	0.84462094
0.06350184	0.9364981
0.001981565	0.9980184
0.9977197	0.002280302
0.997996	0.0020040483
0.6060742	0.39392582
0.98650914	0.013490798
0.070533335	0.9294667
0.002050001	0.99795
0.003997272	0.99600273
0.9970853	0.0029147018
0.8771672	0.122832835
0.06925565	0.93074435
0.0018890414	0.998111
0.0074195215	0.9925804
0.9894819	0.010518088
0.99801564	0.0019843206
0.022837294	0.9771627
0.9971662	0.0028337461
0.99795794	0.0020420419
0.99368095	0.006319013
0.7026099	0.29739007
0.066618256	0.93338174
0.96783787	0.032162108
0.99201643	0.007983529
0.0020548953	0.99794513
0.9979467	0.0020532825
0.018489044	0.98151094
0.020787548	0.9792125
0.99424654	0.005753522
0.0048920214	0.99510795
0.02157892	0.97842115
0.0044248584	0.9955752
0.9965622	0.0034378604
0.99673045	0.0032695448
0.97737044	0.022629546
0.004550758	0.99544924
0.029374013	0.970626
0.9975655	0.0024345173
0.9889665	0.011033444
0.043990586	0.95600945
0.010253517	0.98974645
0.0027839998	0.997216
0.5894526	0.41054738
0.93227	0.06773003
0.0023808717	0.9976191
0.9979043	0.0020956565
0.0058227354	0.9941772
0.0034145229	0.9965855
0.9925356	0.00746438
0.9976561	0.0023438972
0.99841297	0.0015869968
0.9847987	0.015201329
0.9937668	0.0062331664
0.015376829	0.98462313
0.0018438146	0.99815613
0.99510574	0.004894239
0.9952361	0.004763919
0.006060741	0.9939393
0.911093	0.088906996
0.997586	0.002414035
0.0020994793	0.9979005
0.0017505585	0.9982495
0.0047446233	0.9952553
0.002061269	0.9979387
0.008545066	0.99145496
0.0035906208	0.99640936
0.9984366	0.0015633524
0.9603267	0.039673325
0.9777485	0.022251435
0.0019128486	0.99808717
0.99630046	0.0036994726
0.9776649	0.022335121
0.8228052	0.17719474
0.0052355356	0.99476445
0.0019749487	0.99802506
0.27851382	0.7214862
0.0028849517	0.997115
0.03249125	0.9675087
0.9982449	0.0017551875
0.9972248	0.0027752724
0.004987662	0.99501234
0.0032902432	0.9967097
0.96900785	0.030992106
0.0142631885	0.9857368
0.034090687	0.96590924
0.042329114	0.95767087
0.9832092	0.01679078
0.012156912	0.98784304
0.99418443	0.0058155796
0.9968227	0.0031773052
0.003915389	0.9960846
0.044467434	0.95553255
0.008800313	0.9911997
0.0021992559	0.99780077
0.9963018	0.0036982184
0.9555764	0.04442353
0.015477548	0.98452246
0.9752523	0.024747748
0.04129321	0.9587068
0.9940912	0.0059087826
0.003004006	0.99699605
0.9905749	0.009425119
0.996849	0.003150978
0.99460137	0.0053986027
0.03470324	0.9652967
0.99850273	0.0014973319
0.1084062	0.89159375
0.9983747	0.0016252478
0.036026016	0.963974
0.98438466	0.0156153
0.99799526	0.0020047706
0.002291231	0.9977088
0.0029226104	0.99707747
0.074551366	0.92544866
0.008651487	0.99134856
0.0065111103	0.9934889
0.0021016342	0.99789834
0.14229248	0.85770756
0.9979401	0.0020598765
0.048531946	0.9514681
0.0063221985	0.9936778
0.9975605	0.0024394684
0.0048237597	0.9951762
0.9923794	0.0076205675
0.0022137053	0.9977863
0.99707043	0.0029294852
0.9939646	0.0060354243
0.7253599	0.2746401
0.0018757756	0.9981242
0.07493993	0.92506003
0.949174	0.050825972
0.99218607	0.007813948
0.99650794	0.0034920138
0.99753284	0.0024670826
0.993903	0.0060969954
0.986811	0.013189043
0.09888958	0.9011104
0.0076575796	0.9923424
0.99018073	0.009819331
0.96422553	0.035774488
0.11290723	0.88709277
0.0017694286	0.99823064
0.9978669	0.0021331527
0.99769956	0.0023003859
0.00897069	0.99102926
0.049505934	0.95049405
0.7656947	0.2343053
0.9980013	0.001998673
0.9769083	0.02309165
0.9959615	0.0040385146
0.005718875	0.9942812
0.9978992	0.0021007913
0.002182625	0.9978174
0.018055463	0.98194456
0.004366068	0.9956339
0.9968533	0.003146727
0.022855863	0.97714406
0.0022830833	0.9977169
0.0026172376	0.9973827
0.9787836	0.021216465
0.0025499517	0.99745005
0.8836642	0.116335794
0.0122738825	0.98772615
0.0019947875	0.9980052
0.99735534	0.002644686
0.0027532442	0.99724674
0.020875797	0.9791241
0.99326986	0.0067300806
0.9886559	0.011344089
0.9899374	0.010062551
0.9981476	0.0018524351
0.0055729714	0.9944271
0.99573034	0.0042697
0.47154936	0.5284506
0.0745759	0.92542416
0.6977914	0.3022086
0.99838674	0.0016133179
0.9969116	0.003088473
0.008656911	0.991343
0.1174422	0.8825578
0.007957852	0.9920421
0.0024131932	0.99758685
0.9967539	0.0032460808
0.9938164	0.0061836466
0.9972262	0.0027737694
0.9855753	0.014424718
0.9973482	0.002651788
0.99817336	0.0018266784
0.8837802	0.11621988
0.93843013	0.06156993
0.9978891	0.002110945
0.008040931	0.9919591
0.9870908	0.012909197
0.0027530207	0.997247
0.9842017	0.01579824
0.9965798	0.0034202165
0.005709011	0.99429095
0.99823964	0.0017603248
0.957796	0.04220398
0.93297666	0.067023255
0.016155457	0.9838446
0.048750464	0.9512495
0.0019953465	0.9980046
0.0035366404	0.99646336
0.988123	0.011876986
0.004018129	0.99598193
0.8219689	0.17803104
0.0021953792	0.9978046
0.22276077	0.77723926
0.043790244	0.9562097
0.9970126	0.0029874328
0.001936009	0.998064
0.001953198	0.99804676
0.9957254	0.0042746533
0.002399875	0.99760014
0.0037591779	0.99624085
0.04897424	0.9510257
0.008008652	0.99199134
0.9983682	0.0016318185
0.96469706	0.03530302
0.99194276	0.008057204
0.0077396967	0.9922603
0.9957766	0.0042234864
0.9897175	0.01028252
0.0029046142	0.99709535
0.99376607	0.0062338933
0.015346912	0.98465306
0.9962979	0.0037021067
0.0035831956	0.9964168
0.0052863457	0.9947136
0.1607304	0.8392696
0.0018620658	0.99813795
0.9971035	0.0028964418
0.9842004	0.015799532
0.43359065	0.5664094
0.98784953	0.01215046
0.005614537	0.9943855
0.99576193	0.004238147
0.9977763	0.0022237126
0.99743587	0.0025641625
0.9972365	0.0027634636
0.06722814	0.9327719
0.9983394	0.001660532
0.9685535	0.031446457
0.9963314	0.0036686587
0.9952775	0.004722523
0.0017926764	0.99820733
0.99763083	0.002369139
0.0020446777	0.9979553
0.008775353	0.9912246
0.9868994	0.013100676
0.002470769	0.9975292
0.06667374	0.9333263
0.027550498	0.9724495
0.019544171	0.98045576
0.9980964	0.0019035853
0.085252665	0.9147473
0.009831806	0.9901682
0.99816775	0.0018322337
0.9979196	0.002080429
0.9938968	0.006103284
0.029531648	0.97046834
0.05851402	0.941486
0.0019483094	0.99805164
0.99420196	0.005798017
0.9969733	0.0030267646
0.99040425	0.009595748
0.9890459	0.010954069
0.3711502	0.62884986
0.055755746	0.9442442
0.9961378	0.0038622296
0.9973214	0.0026786483
0.0062120603	0.99378794
0.033208493	0.9667915
0.99727947	0.002720566
0.9955454	0.004454565
0.002144655	0.99785537
0.9982659	0.0017341287
0.74663436	0.25336564
0.001955704	0.99804425
0.0043451823	0.9956548
0.0019109624	0.998089
0.99716467	0.0028353136
0.9220114	0.07798859
0.09319577	0.9068042
0.0039369008	0.99606305
0.9424561	0.05754384
0.98589534	0.014104599
0.01682665	0.9831734
0.0021874385	0.9978125
0.9057437	0.09425623
0.010652646	0.98934734
0.0021727215	0.99782723
0.90243965	0.09756029
0.018517116	0.9814829
0.9931645	0.0068355077
0.025351886	0.9746481
0.002003706	0.9979963
0.31876636	0.6812337
0.0068734153	0.99312663
0.9971602	0.0028398007
0.08626805	0.9137319
0.007440023	0.99256
0.004816799	0.99518317
0.9344844	0.06551557
0.005416396	0.99458367
0.039458387	0.96054167
0.90230745	0.09769253
0.9678302	0.03216982
0.0029930763	0.99700695
0.98810893	0.011891059
0.0044713975	0.99552864
0.0060672876	0.99393266
0.0019367555	0.99806327
0.9951342	0.0048657935
0.99341774	0.0065823025
0.008710882	0.99128914
0.033674944	0.96632504
0.016500529	0.98349947
0.031327475	0.9686725
0.009954725	0.99004525
0.9929194	0.0070805843
0.021575768	0.9784242
0.009909584	0.99009037
0.9973339	0.0026661528
0.080765374	0.91923463
0.99375784	0.006242206
0.0053480784	0.9946519
0.9741211	0.025878916
0.0019279252	0.998072
0.043265175	0.95673484
0.98661184	0.013388213
0.012324835	0.9876752
0.0035019822	0.996498
0.9942504	0.005749611
0.8396641	0.16033593
0.8283789	0.1716211
0.7718813	0.22811876
0.99786925	0.0021306877
0.9980934	0.0019065483
0.99756855	0.0024313915
0.9960955	0.0039044954
0.0019053727	0.9980946
0.002893557	0.9971065
0.9967506	0.0032493654
0.050713852	0.9492861
0.27667847	0.72332156
0.9956846	0.004315351
0.003172627	0.9968273
0.0021706615	0.9978294
0.008006001	0.991994
0.9947345	0.005265533
0.9965283	0.0034716188
0.03192702	0.968073
0.998456	0.0015439978
0.002273586	0.9977264
0.003060814	0.9969392
0.0021355047	0.99786454
0.9883725	0.011627491
0.036310196	0.96368974
0.0017731491	0.9982268
0.049934156	0.9500658
0.028738217	0.97126174
0.67511266	0.32488737
0.038398217	0.9616018
0.002378755	0.99762124
0.0018484973	0.9981515
0.99649316	0.0035068877
0.99426323	0.005736803
0.99851316	0.0014868432
0.051056523	0.94894344
0.9934191	0.006580888
0.99685246	0.0031475408
0.99824595	0.0017540047
0.06745643	0.9325436
0.0023468013	0.9976532
0.0077000833	0.9922999
0.99338925	0.006610763
0.99645495	0.003545012
0.046862837	0.95313716
0.0031820887	0.9968178
0.9982546	0.0017453631
0.122845545	0.87715447
0.62726444	0.37273556
0.0024094172	0.99759066
0.009575503	0.99042445
0.99688077	0.0031192685
0.6245723	0.37542766
0.042381003	0.95761895
0.0806947	0.9193053
0.9969447	0.0030552158
0.0023868051	0.9976132
0.923063	0.07693706
0.013303574	0.9866964
0.996828	0.0031719587
0.025412532	0.9745875
0.7008187	0.29918128
0.0024350353	0.99756503
0.99832505	0.0016749831
0.06662173	0.9333782
0.0019212405	0.9980787
0.013798466	0.9862016
0.031193867	0.9688061
0.004881038	0.995119
0.0018837596	0.99811625
0.88424486	0.11575521
0.036516674	0.96348333
0.002318843	0.99768114
0.8043698	0.19563018
0.050675806	0.94932413
0.008088946	0.9919111
0.0285841	0.97141594
0.9938666	0.0061334223
0.98912114	0.01087889
0.055519294	0.9444808
0.99788135	0.0021185663
0.0022171384	0.9977829
0.9977168	0.002283254
0.013535345	0.9864646
0.02220099	0.977799
0.13203421	0.86796576
0.0021627992	0.99783725
0.9969598	0.0030402378
0.9979881	0.0020118859
0.9819286	0.018071396
0.001977517	0.99802256
0.079277694	0.9207223
0.9393064	0.060693678
0.99797314	0.0020268597
0.99811804	0.0018819824
0.0062549636	0.993745
0.0026166402	0.9973833
0.006585902	0.9934141
0.9910034	0.008996551
0.9884319	0.011568072
0.99710923	0.0028908385
0.91469777	0.08530227
0.99837035	0.0016296625
0.010174569	0.9898254
0.002343101	0.9976568
0.06476441	0.9352356
0.98089385	0.019106196
0.002010185	0.9979898
0.0055619227	0.99443805
0.0019612238	0.9980388
0.033186402	0.96681356
0.007878809	0.9921212
0.9958977	0.004102221
0.9952637	0.0047363173
0.0021029024	0.997897
0.0414573	0.9585427
0.9973321	0.0026679463
0.0061837817	0.99381626
0.0035327508	0.99646723
0.9979534	0.0020465516
0.0056641824	0.99433583
0.114907786	0.8850922
0.9714154	0.028584607
0.08687418	0.91312575
0.996842	0.0031579845
0.9979563	0.0020436554
0.10237797	0.897622
0.9910096	0.008990424
0.9969584	0.0030416036
0.9975616	0.0024384765
0.9984976	0.001502407
0.99639744	0.0036025345
0.95502794	0.044972047
0.0066610607	0.9933389
0.002479692	0.99752027
0.9697528	0.030247243
0.060827345	0.9391727
0.0044335974	0.9955664
0.002443153	0.9975568
0.8455444	0.15445557
0.99447215	0.0055279015
0.729911	0.27008903
0.006727327	0.99327266
0.99218434	0.00781563
0.9890191	0.010980934
0.9937051	0.0062949415
0.037766024	0.962234
0.0018194867	0.9981805
0.99827015	0.0017297805
0.011538602	0.9884614
0.08598454	0.9140155
0.99832493	0.001675101
0.0021418016	0.9978582
0.0019641323	0.99803585
0.00188976	0.9981103
0.99032986	0.009670185
0.0023740274	0.997626
0.97127026	0.0287297
0.9968778	0.003122176
0.92002517	0.079974905
0.0020727236	0.9979273
0.09682613	0.9031738
0.0019588962	0.9980411
0.9966827	0.0033172905
0.004832184	0.99516785
0.9982767	0.0017233135
0.043756716	0.9562433
0.9712502	0.028749818
0.9956489	0.004351045
0.8881465	0.11185347
0.9923975	0.007602512
0.7332775	0.26672256
0.0032915603	0.9967084
0.007717625	0.99228233
0.78710675	0.21289328
0.008735375	0.99126464
0.020839324	0.9791607
0.9974763	0.0025237086
0.0022296093	0.9977704
0.980925	0.01907492
0.010085854	0.9899142
0.99728453	0.0027154656
0.0049522677	0.9950478
0.998204	0.0017960106
0.0077500343	0.99224997
0.1499917	0.8500083
0.012870846	0.9871292
0.99834657	0.0016534273
0.016538389	0.9834616
0.99747133	0.0025286588
0.028274782	0.97172517
0.51366407	0.48633596
0.9978759	0.0021241303
0.9976338	0.0023662231
0.99833953	0.0016604504
0.002520875	0.99747914
0.018124253	0.9818757
0.010196393	0.98980355
0.0022028857	0.99779713
0.12958573	0.87041426
0.99816823	0.0018317674
0.007192705	0.99280727
0.019996148	0.9800039
0.9968951	0.0031049277
0.0048646326	0.99513537
0.9863733	0.013626641
0.0020201383	0.99797994
0.03530706	0.96469295
0.008010444	0.99198955
0.99657464	0.003425428
0.9965013	0.0034986488
0.99762136	0.0023786114
0.9599742	0.040025827
0.0025886907	0.9974113
0.99783605	0.0021639275
0.0031207262	0.9968792
0.0030376026	0.99696237
0.0075393124	0.99246067
0.001937104	0.9980629
0.92342865	0.07657131
0.010662083	0.9893379
0.016771961	0.9832281
0.96826386	0.03173618
0.0021799516	0.99782
0.99803084	0.0019691002
0.99730384	0.0026961095
0.9571295	0.042870536
0.9423785	0.057621468
0.9353145	0.06468559
0.0963466	0.9036534
0.013193103	0.9868069
0.9885252	0.011474761
0.9942741	0.005725869
0.9979234	0.002076546
0.9969311	0.0030688418
0.9925755	0.007424531
0.0058051487	0.9941949
0.13490872	0.8650912
0.011362443	0.9886375
0.9982967	0.0017033614
0.9952857	0.00471428
0.9981964	0.0018035723
0.001930507	0.99806947
0.21602379	0.7839762
0.22799629	0.7720037
0.017591521	0.98240846
0.016535921	0.98346406
0.99754447	0.0024554525
0.99799734	0.0020026583
0.004495923	0.9955041
0.10246825	0.89753175
0.9822222	0.017777758
0.0019640743	0.99803597
0.9967439	0.0032560907
0.9349455	0.06505448
0.9976793	0.002320741
0.07598972	0.9240103
0.026735278	0.97326475
0.9925097	0.0074902913
0.99840266	0.0015973663
0.04186603	0.958134
0.020615092	0.9793849
0.69524425	0.30475575
0.0024914404	0.9975085
0.99810636	0.001893643
0.044425555	0.95557445
0.5516593	0.44834074
0.9972699	0.0027299954
0.9975001	0.0024998386
0.9949876	0.0050124363
0.9964449	0.0035551416
0.13865179	0.8613482
0.9623721	0.037627902
0.991475	0.008525076
0.010262162	0.9897378
0.057717294	0.94228274
0.9972857	0.0027142314
0.9968604	0.0031395943
0.014208059	0.9857919
0.99673504	0.0032649594
0.9974033	0.0025966268
0.99778724	0.0022126979
0.10881051	0.8911895
0.0063075377	0.9936925
0.24369876	0.7563012
0.39180225	0.60819775
0.0023399463	0.99766004
0.009167522	0.9908325
0.99634343	0.0036565268
0.9979486	0.0020514796
0.0039284285	0.9960716
0.99369156	0.0063084736
0.9938643	0.006135754
0.99669456	0.0033054748
0.0052511394	0.9947489
0.99754167	0.0024584
0.99789786	0.0021020982
0.011191764	0.9888082
0.31749913	0.6825009
0.0022930673	0.9977069
0.99328315	0.006716872
0.9797406	0.020259298
0.9984389	0.0015611331
0.076679274	0.9233207
0.0025149828	0.99748504
0.9968106	0.0031893312
0.9963858	0.0036142117
0.015952121	0.9840479
0.9975189	0.0024810748
0.008859181	0.9911409
0.0033892419	0.9966107
0.9938059	0.006194188
0.0017524142	0.9982476
0.084813006	0.91518706
0.001971994	0.998028
0.06882964	0.93117034
0.0027739778	0.99722594
0.11230876	0.88769126
0.01106956	0.9889304
0.9918373	0.008162732
0.10883462	0.8911653
0.99821895	0.0017810778
0.44311634	0.55688363
0.98985344	0.010146587
0.0021252898	0.99787474
0.99711084	0.0028891275
0.99338126	0.0066188034
0.0119125405	0.98808753
0.95067424	0.049325716
0.014015264	0.9859847
0.004128781	0.99587125
0.008503613	0.99149644
0.6968944	0.3031056
0.96237016	0.03762988
0.9853344	0.014665583
0.0026073086	0.99739265
0.040771894	0.9592281
0.9975956	0.0024043818
0.9965513	0.0034487646
0.002499216	0.99750084
0.9116225	0.088377446
0.99821115	0.0017889157
0.99835557	0.0016444244
0.9935895	0.006410451
0.98079747	0.019202517
0.0018278213	0.99817216
0.9955835	0.004416556
0.009074204	0.9909258
0.1506617	0.84933823
0.9932747	0.006725276
0.99802065	0.0019793087
0.9940612	0.005938771
0.0047740894	0.9952259
0.06386846	0.93613154
0.9940708	0.005929189
0.020290617	0.9797094
0.9965216	0.0034784588
0.9914056	0.008594378
0.9566385	0.04336156
0.98012507	0.01987498
0.0018460713	0.99815387
0.026466124	0.9735338
0.99842525	0.0015747711
0.9969579	0.003042075
0.970549	0.029450987
0.066163056	0.933837
0.01680058	0.98319936
0.9984334	0.0015665218
0.0022489491	0.99775106
0.9977781	0.0022218833
0.0027846645	0.9972153
0.006949799	0.9930502
0.008031246	0.9919688
0.9757121	0.024287833
0.15244775	0.8475523
0.99287283	0.007127176
0.9983076	0.0016923652
0.0019502059	0.99804986
0.9922599	0.007740059
0.019979302	0.98002076
0.0032667695	0.9967333
0.0024552399	0.9975447
0.023960115	0.9760399
0.22861677	0.7713833
0.0041646757	0.9958353
0.0024801004	0.9975199
0.9984732	0.0015267346
0.0022855483	0.9977145
0.9872958	0.012704237
0.0028530185	0.997147
0.0027493942	0.9972506
0.057284143	0.9427158
0.016139867	0.98386014
0.99802905	0.0019709321
0.025499819	0.97450024
0.026385784	0.9736143
0.9493589	0.05064116
0.9983949	0.0016050992
0.04779084	0.95220923
0.14587232	0.85412765
0.005685325	0.9943146
0.02345691	0.9765431
0.9984938	0.0015061679
0.97492176	0.025078291
0.031935	0.9680651
0.9957254	0.0042746677
0.9981762	0.0018237819
0.018231776	0.98176825
0.98481673	0.015183279
0.09604307	0.9039569
0.0020023496	0.9979976
0.9984358	0.0015641877
0.031925976	0.96807396
0.04058496	0.959415
0.001872733	0.9981273
0.9935621	0.006437898
0.9969183	0.0030817243
0.9923361	0.0076639457
0.0033861832	0.9966138
0.7735113	0.22648868
0.13603573	0.8639643
0.11386782	0.88613224
0.080504045	0.919496
0.99661	0.0033899765
0.996903	0.0030969265
0.01852787	0.98147213
0.9950846	0.0049154484
0.07850912	0.9214909
0.06736813	0.9326319
0.0020664108	0.9979336
0.99814284	0.0018571987
0.9974668	0.0025331462
0.045341164	0.9546588
0.03514528	0.9648547
0.9000844	0.09991565
0.92244846	0.07755156
0.008205687	0.9917943
0.95724416	0.04275589
0.004415371	0.99558467
0.99658895	0.0034110455
0.99523866	0.004761317
0.84501827	0.15498167
0.006402246	0.99359775
0.9980186	0.0019813802
0.99731255	0.0026874829
0.0060108793	0.9939891
0.99478585	0.0052142357
0.0148885185	0.9851114
0.062016826	0.9379832
0.997629	0.0023710704
0.0017325049	0.9982674
0.997232	0.0027679391
0.0019253828	0.99807465
0.9980324	0.0019676615
0.8077384	0.19226159
0.94310844	0.056891575
0.9906598	0.009340237
0.9978703	0.0021296476
0.015046091	0.9849539
0.0026358673	0.9973641
0.094336465	0.90566355
0.9958918	0.0041081714
0.016602905	0.98339707
0.0044429074	0.9955571
0.0018587428	0.9981413
0.14873244	0.8512675
0.0023533113	0.99764663
0.9968598	0.0031402393
0.99112517	0.008874781
0.056864016	0.943136
0.0047603166	0.99523973
0.004536786	0.9954632
0.98459876	0.015401237
0.99775535	0.0022446744
0.016168393	0.98383164
0.0026335993	0.99736637
0.033006165	0.96699387
0.98992413	0.010075893
0.009381279	0.99061877
0.052953657	0.94704634
0.9678036	0.032196417
0.99832803	0.0016719413
0.018118026	0.9818819
0.98912674	0.010873206
0.9945186	0.0054814476
0.003361118	0.9966389
0.99832016	0.0016797592
0.023588628	0.9764114
0.94133645	0.05866354
0.99784446	0.002155532
0.011308443	0.98869157
0.0022948638	0.99770516
0.0026051768	0.9973948
0.9855672	0.014432821
0.00478528	0.9952147
0.9982724	0.0017275341
0.9805166	0.01948336
0.028264226	0.9717358
0.9943351	0.005664832
0.03419418	0.9658058
0.9972959	0.002704033
0.039685383	0.9603146
0.0033418678	0.9966581
0.002226358	0.9977736
0.9237226	0.07627735
0.99739826	0.002601773
0.00818592	0.99181414
0.9962174	0.0037825273
0.01504585	0.9849541
0.9983581	0.0016419416
0.002452839	0.9975472
0.9977513	0.002248644
0.87157255	0.1284274
0.9912861	0.008713863
0.99823785	0.0017621457
0.998131	0.0018690795
0.008399122	0.9916009
0.9764361	0.023564002
0.99703395	0.0029660421
0.05775922	0.94224083
0.99814785	0.0018521828
0.9973295	0.0026704797
0.97168714	0.028312827
0.0019722024	0.99802774
0.9983323	0.0016676727
0.0034177192	0.9965823
0.99688894	0.0031111124
0.05041043	0.9495896
0.010976694	0.9890233
0.0020791779	0.9979208
0.0049872594	0.9950127
0.0046237386	0.9953762
0.99224406	0.0077559627
0.0022215005	0.9977785
0.008359857	0.9916401
0.012913603	0.9870864
0.99651235	0.0034877174
0.99775213	0.0022478935
0.9971302	0.0028698128
0.85947496	0.14052504
0.99595034	0.0040495885
0.89182097	0.10817903
0.41368085	0.58631915
0.98771507	0.012284928
0.11539847	0.88460153
0.98653436	0.013465711
0.9724443	0.027555667
0.9765613	0.023438657
0.01212688	0.9878732
0.23063499	0.769365
0.021154754	0.97884524
0.99378914	0.0062108054
0.0077415174	0.9922585
0.013407639	0.98659235
0.997988	0.0020120353
0.98283386	0.01716616
0.0029485852	0.99705136
0.003440225	0.9965598
0.0023334946	0.9976665
0.01522471	0.98477525
0.0021758522	0.9978242
0.0068415385	0.9931585
0.9878098	0.012190251
0.002259101	0.99774086
0.9962907	0.0037093067
0.99231213	0.007687862
0.0026840356	0.99731594
0.99494654	0.005053504
0.99825376	0.0017462623
0.05222311	0.94777685
0.0038641598	0.9961358
0.0026226828	0.9973773
0.023716737	0.9762832
0.0028418906	0.99715817
0.0024316516	0.9975683
0.9980506	0.001949391
0.97600913	0.023990856
0.006005844	0.9939942
0.005186567	0.99481344
0.002126183	0.9978738
0.9930355	0.0069644777
0.13396008	0.86603993
0.002765036	0.997235
0.9801365	0.019863527
0.98655903	0.013440945
0.98082674	0.019173294
0.030039564	0.96996045
0.99464697	0.005352981
0.014744364	0.9852556
0.9599428	0.040057253
0.9942015	0.005798478
0.0041301297	0.9958698
0.012064322	0.98793566
0.9980096	0.0019904457
0.09588363	0.9041164
0.023839464	0.9761605
0.99800175	0.0019982413
0.0019407914	0.9980592
0.9982132	0.00178688
0.9979032	0.0020967857
0.0021995741	0.9978004
0.98986137	0.010138571
0.9976762	0.0023237725
0.99509144	0.0049085114
0.013008545	0.98699147
0.026914889	0.97308517
0.99599564	0.0040043765
0.99677664	0.003223391
0.0018720138	0.998128
0.99563086	0.004369193
0.002952342	0.9970477
0.9735608	0.026439164
0.008620559	0.9913795
0.997549	0.0024510277
0.99810386	0.0018961347
0.99836844	0.0016315193
0.99828595	0.0017140737
0.004667213	0.9953328
0.9959304	0.0040696743
0.104527965	0.895472
0.0049570305	0.9950429
0.99733645	0.0026634913
0.068210065	0.93179
0.0049814098	0.9950186
0.91746706	0.08253287
0.9073043	0.09269571
0.0120316995	0.9879683
0.03355051	0.96644956
0.99597245	0.0040274784
0.0019067118	0.9980933
0.96845967	0.031540327
0.073883496	0.9261165
0.0025107886	0.9974892
0.9067507	0.09324934
0.011629634	0.9883704
0.95262414	0.04737583
0.01917822	0.9808218
0.1690216	0.8309784
0.11375351	0.88624644
0.9980311	0.0019689673
0.017188458	0.9828115
0.004383871	0.9956162
0.95800066	0.041999385
0.995839	0.004160973
0.02382656	0.97617346
0.023533152	0.97646683
0.9912766	0.0087234005
0.9973495	0.0026505298
0.0034305952	0.9965694
0.040089816	0.95991015
0.9897654	0.010234565
0.002911267	0.99708873
0.9983972	0.0016028633
0.002164668	0.99783534
0.99823546	0.0017645276
0.9707525	0.029247578
0.0029583585	0.99704164
0.7516361	0.24836396
0.9436065	0.05639351
0.9872792	0.012720863
0.99715024	0.0028497616
0.9977055	0.0022945013
0.9979175	0.0020825327
0.051946584	0.9480534
0.930584	0.069415994
0.9946043	0.005395739
0.0035913	0.99640864
0.92893064	0.07106936
0.99483585	0.0051641823
0.023339344	0.97666067
0.0018864403	0.9981135
0.0020080751	0.9979919
0.5925688	0.40743122
0.019248387	0.98075163
0.03035803	0.9696419
0.022661272	0.97733873
0.11184081	0.88815916
0.0020619575	0.997938
0.992695	0.0073050424
0.022280524	0.9777194
0.0037148162	0.9962852
0.9952088	0.004791193
0.06533995	0.9346601
0.99706584	0.002934221
0.0042017032	0.9957983
0.043061465	0.9569385
0.0075040613	0.9924959
0.0027521844	0.99724776
0.0041070785	0.9958929
0.81935585	0.18064415
0.549601	0.45039892
0.9973924	0.0026075467
0.0032255673	0.9967744
0.0037254412	0.9962746
0.99746656	0.0025334866
0.0036984535	0.99630153
0.10819459	0.8918054
0.00466092	0.99533904
0.0048353625	0.99516463
0.0025022798	0.99749774
0.93635535	0.063644685
0.9966426	0.003357472
0.023222558	0.9767775
0.0017404369	0.9982596
0.010987041	0.98901296
0.996439	0.003561091
0.017101973	0.982898
0.9695096	0.030490415
0.99065	0.009350019
0.600038	0.39996198
0.0017999423	0.99820006
0.9954324	0.0045676157
0.05085583	0.9491441
0.0019519103	0.99804807
0.9935011	0.0064988337
0.9975128	0.0024871933
0.92994314	0.0700569
0.002479164	0.99752086
0.005417254	0.9945827
0.032673407	0.9673266
0.9982368	0.0017631548
0.012294143	0.9877059
0.9981806	0.0018193732
0.8564745	0.14352542
0.98806804	0.0119319195
0.0017327227	0.9982673
0.004711222	0.9952887
0.9960167	0.003983278
0.9917247	0.008275192
0.0018037749	0.9981962
0.9942338	0.005766181
0.005472686	0.9945273
0.99168915	0.008310935
0.9941103	0.0058897226
0.9953088	0.0046912
0.05389271	0.94610727
0.9931005	0.006899439
0.004014035	0.9959859
0.9965312	0.0034688604
0.9874937	0.012506271
0.022949424	0.97705054
0.14768371	0.8523163
0.10321196	0.896788
0.007970006	0.99203
0.99466586	0.0053340946
0.0021270472	0.99787295
0.10254309	0.89745694
0.9957659	0.004234124
0.07610495	0.92389506
0.002262638	0.9977374
0.9949608	0.005039187
0.99252206	0.007477923
0.007365836	0.9926341
0.99794513	0.002054852
0.95710206	0.042897936
0.03799091	0.96200913
0.41444787	0.5855521
0.013240878	0.9867591
0.96410197	0.035898004
0.99830747	0.0016925514
0.99823207	0.001767902
0.06168562	0.93831444
0.079297215	0.9207028
0.021751646	0.97824836
0.9964964	0.003503618
0.025097381	0.97490263
0.9947448	0.0052552503
0.9980533	0.0019466486
0.002246017	0.99775404
0.002807749	0.9971923
0.996732	0.0032679944
0.8541734	0.14582665
0.9963276	0.0036724412
0.0021025422	0.9978974
0.0020633168	0.9979367
0.11655464	0.8834454
0.0019032067	0.99809676
0.9928483	0.007151681
0.0020267633	0.99797326
0.0075603207	0.9924396
0.0034232128	0.9965767
0.008368874	0.9916311
0.9930969	0.006903145
0.0037331227	0.9962669
0.9977442	0.002255875
0.998492	0.0015079676
0.0032590104	0.996741
0.001891364	0.9981086
0.022961104	0.9770389
0.0034271895	0.99657285
0.39830485	0.6016951
0.004648235	0.9953518
0.005267029	0.994733
0.074319236	0.92568076
0.99837816	0.0016218895
0.99778455	0.002215427
0.99833846	0.0016615487
0.9947301	0.0052698203
0.9936499	0.0063501615
0.009251085	0.99074894
0.018900514	0.98109955
0.99779934	0.00220065
0.0344955	0.96550447
0.9957278	0.0042722593
0.99617696	0.0038230815
0.93614715	0.06385281
0.0019003465	0.9980996
0.025800666	0.9741993
0.08938724	0.9106127
0.99740523	0.0025947872
0.08312205	0.9168779
0.005071979	0.994928
0.99738485	0.0026151873
0.9811721	0.018827984
0.0036820215	0.996318
0.95054877	0.04945126
0.9956261	0.0043738605
0.012059852	0.9879402
0.9227804	0.0772196
0.027012417	0.97298765
0.9935917	0.0064082006
0.0090529155	0.9909471
0.8356008	0.16439924
0.99800724	0.0019927954
0.99774075	0.0022592302
0.038541324	0.9614587
0.99843985	0.0015601767
0.9944916	0.0055084014
0.9615446	0.038455456
0.08508117	0.91491884
0.99817073	0.00182928
0.5127424	0.48725763
0.10911847	0.89088154
0.9794018	0.020598114
0.10338033	0.8966197
0.04980765	0.9501924
0.8701224	0.12987764
0.04616717	0.95383286
0.01581195	0.9841881
0.008159567	0.9918405
0.16315067	0.83684933
0.99411714	0.0058828555
0.99820364	0.0017963167
0.99814475	0.0018552338
0.9983891	0.0016108403
0.994457	0.005542926
0.9937057	0.0062943744
0.044101622	0.9558984
0.10428899	0.89571106
0.9970317	0.002968346
0.0027811045	0.99721885
0.9853441	0.014655898
0.14353852	0.8564615
0.013294462	0.9867055
0.996619	0.0033809734
0.0031632353	0.9968368
0.99378294	0.0062171076
0.99806637	0.0019336076
0.99605787	0.00394214
0.9954631	0.0045368765
0.99810374	0.0018962458
0.93457973	0.06542028
0.0020493348	0.99795073
0.0032133805	0.9967866
0.9913386	0.008661447
0.66876066	0.33123934
0.99781007	0.0021899794
0.0028133125	0.9971867
0.9787716	0.021228435
0.026105983	0.97389406
0.99818736	0.0018126235
0.99838436	0.0016156327
0.9805916	0.019408364
0.97599334	0.024006696
0.99739647	0.0026035816
0.016464707	0.9835353
0.92017984	0.07982014
0.0028129043	0.9971871
0.9972971	0.0027028425
0.03374559	0.9662544
0.005521611	0.99447834
0.0040011653	0.99599886
0.0025233354	0.99747664
0.4247547	0.5752453
0.99810284	0.0018971781
0.0033234367	0.99667656
0.9927735	0.0072265724
0.99606043	0.00393949
0.9931942	0.006805778
0.006616489	0.99338347
0.0023515238	0.9976484
0.99836046	0.0016395296
0.99727815	0.0027218896
0.0033979411	0.99660206
0.0047527547	0.9952473
0.9621785	0.03782146
0.0023180908	0.99768186
0.0112398015	0.98876023
0.9897115	0.010288486
0.9966151	0.0033848477
0.0018420849	0.9981579
0.99843484	0.0015651508
0.0043097213	0.9956903
0.080377266	0.9196227
0.0027238461	0.9972761
0.9980202	0.001979797
0.010728125	0.9892719
0.9974216	0.0025783817
0.99745303	0.0025469589
0.99704176	0.0029581697
0.0036527242	0.99634725
0.77745247	0.22254755
0.010393767	0.9896062
0.0025907722	0.9974093
0.0380909	0.96190906
0.99757344	0.0024265712
0.95174944	0.04825058
0.98914796	0.010852036
0.9982048	0.00179518
0.009000838	0.9909992
0.0048041935	0.9951958
0.9848395	0.015160502
0.025307363	0.9746926
0.0074666413	0.9925333
0.8760582	0.12394181
0.97559094	0.024409039
0.048154186	0.9518459
0.98997366	0.010026326
0.9744051	0.025594903
0.99818003	0.001820041
0.9691989	0.030801177
0.005915136	0.9940849
0.9980323	0.0019676678
0.026230996	0.973769
0.06094159	0.9390584
0.99536055	0.0046394183
0.9947424	0.0052575665
0.017210444	0.9827895
0.015483923	0.98451614
0.34791225	0.65208775
0.95931256	0.040687386
0.99338245	0.006617561
0.034736417	0.9652636
0.02913454	0.9708655
0.99804544	0.0019545476
0.0044710957	0.9955289
0.97182065	0.028179312
0.0020288473	0.9979711
0.0041421936	0.9958578
0.014271539	0.98572844
0.014848596	0.98515147
0.9960049	0.0039951177
0.5624786	0.43752143
0.9938835	0.00611656
0.026790597	0.97320944
0.0021057245	0.99789435
0.056413632	0.94358635
0.9963511	0.0036489088
0.045628317	0.95437163
0.99092555	0.009074402
0.96531683	0.034683183
0.99839693	0.001603074
0.99375004	0.0062499577
0.99461985	0.0053801155
0.9843604	0.015639596
0.99540025	0.00459982
0.99778783	0.0022122082
0.9964713	0.0035287917
0.004296815	0.99570316
0.99232155	0.0076785088
0.0028853249	0.99711466
0.9595512	0.04044872
0.0030150781	0.9969849
0.008728312	0.9912717
0.005398495	0.9946015
0.99743855	0.002561414
0.99822205	0.0017779429
0.0020790603	0.99792093
0.044293605	0.9557064
0.9956428	0.0043572388
0.41724637	0.58275366
0.0044942135	0.9955058
0.0040518283	0.99594826
0.9967809	0.0032190643
0.0019534735	0.9980465
0.99783427	0.0021657073
0.003132348	0.9968676
0.006238264	0.9937617
0.021701982	0.978298
0.99643314	0.0035668856
0.99359035	0.006409603
0.76464	0.23536
0.022870993	0.97712904
0.004831166	0.99516886
0.9959478	0.0040522227
0.6903953	0.30960467
0.9874737	0.012526257
0.99825996	0.0017400284
0.99683446	0.0031655456
0.9266439	0.07335612
0.94980335	0.050196696
0.82953006	0.17046988
0.0021066344	0.9978934
0.990173	0.009827016
0.032886162	0.96711385
0.9983943	0.0016056785
0.9630693	0.036930732
0.4809142	0.51908576
0.0019842451	0.99801576
0.9974809	0.0025190986
0.9972875	0.0027124726
0.99790466	0.0020954013
0.19277787	0.8072221
0.0021362081	0.9978638
0.07712457	0.9228754
0.051586915	0.94841313
0.99564713	0.0043528136
0.0036682421	0.99633175
0.99125755	0.008742534
0.9982692	0.0017307987
0.049226847	0.9507732
0.9963097	0.0036902875
0.0021727423	0.99782723
0.07178305	0.9282169
0.0138361	0.9861639
0.0049312306	0.9950688
0.0020423254	0.9979577
0.9567371	0.043262832
0.99495476	0.005045213
0.9679855	0.03201448
0.0020310036	0.997969
0.95395887	0.046041064
0.99259275	0.007407255
0.0019785706	0.9980215
0.88137394	0.118626036
0.08620189	0.9137981
0.016121628	0.9838784
0.9974948	0.002505152
0.2123693	0.7876307
0.0020240007	0.997976
0.99591845	0.00408162
0.9970511	0.002948905
0.007632001	0.99236804
0.0023774472	0.99762255
0.9982315	0.0017685208
0.99782205	0.0021779763
0.98987037	0.010129578
0.0057210713	0.9942789
0.9236243	0.076375745
0.9019676	0.09803238
0.0074969158	0.99250305
0.99583286	0.004167127
0.80172056	0.19827943
0.9773646	0.022635402
0.063124575	0.9368754
0.9928906	0.0071093747
0.0024422142	0.99755776
0.94770104	0.052298974
0.0019295902	0.9980704
0.0036629566	0.99633706
0.009155047	0.9908449
0.9914062	0.008593851
0.0018391538	0.9981609
0.0040307087	0.9959693
0.98988414	0.010115885
0.9981888	0.00181119
0.9967559	0.0032440678
0.09703442	0.9029656
0.9864633	0.01353672
0.9836378	0.016362209
0.0034544934	0.9965455
0.0019101832	0.99808985
0.9957172	0.0042828205
0.9628355	0.0371645
0.99807334	0.00192663
0.45532954	0.54467046
0.99603456	0.0039654216
0.989416	0.010584082
0.0032303203	0.99676967
0.08569148	0.91430855
0.99773943	0.0022605138
0.99247676	0.007523288
0.014908183	0.98509175
0.024407301	0.9755927
0.9904355	0.009564584
0.9983979	0.0016020667
0.994232	0.0057679773
0.99734074	0.002659234
0.0020240797	0.9979759
0.996367	0.0036330079
0.012029801	0.9879702
0.013394463	0.9866056
0.985274	0.014725956
0.82537687	0.17462316
0.0046102004	0.9953898
0.9615185	0.03848144
0.0018237539	0.9981762
0.026050352	0.9739497
0.9955214	0.0044785906
0.06592429	0.9340757
0.9937103	0.006289753
0.9977162	0.0022838067
0.99842656	0.0015734319
0.0024291696	0.9975708
0.007082294	0.9929178
0.99536127	0.0046386966
0.9801809	0.01981901
0.9952095	0.0047904933
0.9961016	0.0038983687
0.0022476579	0.99775237
0.99597234	0.0040276432
0.019827086	0.98017293
0.9277551	0.072244816
0.9977754	0.0022246472
0.0045122984	0.99548775
0.050445445	0.94955456
0.08963807	0.9103619
0.99745125	0.0025487707
0.015508285	0.98449177
0.90203464	0.09796541
0.1572934	0.84270656
0.01829719	0.9817028
0.04852424	0.95147574
0.13866918	0.86133087
0.00911877	0.9908812
0.002753466	0.9972465
0.0037240433	0.996276
0.99699295	0.0030070336
0.99419963	0.0058003645
0.022363586	0.9776364
0.0021123246	0.9978877
0.99287474	0.007125294
0.12341272	0.8765873
0.8856086	0.11439135
0.99738675	0.0026132378
0.0018591904	0.9981408
0.07982862	0.9201714
0.0023775017	0.99762255
0.0038063305	0.99619365
0.004235081	0.99576485
0.028351564	0.9716484
0.9972031	0.0027969342
0.0036269266	0.99637306
0.99388534	0.006114665
0.99672204	0.0032779376
0.013167388	0.9868326
0.87679404	0.123205975
0.99430954	0.0056903968
0.024230275	0.9757697
0.9968658	0.0031342236
0.002178127	0.9978219
0.9980521	0.0019479165
0.013825303	0.9861747
0.99785393	0.0021460094
0.003561294	0.99643874
0.016583672	0.9834163
0.0048218174	0.9951782
0.8822402	0.11775975
0.996409	0.003590984
0.0021493656	0.99785066
0.016227204	0.9837728
0.9981989	0.0018011369
0.94338727	0.056612734
0.022694083	0.97730595
0.99818724	0.0018127796
0.9981396	0.0018603845
0.0045715547	0.99542844
0.0017870162	0.99821305
0.99432397	0.0056760972
0.16711657	0.8328834
0.99823487	0.0017650753
0.0032736964	0.9967263
0.0019581558	0.99804187
0.99841607	0.0015838675
0.019207725	0.9807922
0.99774975	0.0022502667
0.0024615123	0.99753845
0.0020286622	0.99797136
0.0034390986	0.9965609
0.998398	0.0016020333
0.9959947	0.004005245
0.99829704	0.0017030346
0.0028690677	0.99713093
0.09346939	0.9065306
0.058979526	0.9410204
0.004196254	0.9958038
0.9982424	0.0017576657
0.9764381	0.0235619
0.92576575	0.074234255
0.9931109	0.006889066
0.9980464	0.0019535683
0.9984326	0.0015673483
0.9973303	0.0026696927
0.002997207	0.9970028
0.0025679253	0.99743205
0.008606032	0.991394
0.0022943616	0.99770564
0.98134536	0.018654667
0.008503983	0.9914961
0.0053708744	0.9946292
0.99758756	0.0024124738
0.9984137	0.0015863307
0.9966504	0.0033496462
0.9983365	0.0016635758
0.99715805	0.0028419918
0.99591464	0.004085335
0.021225061	0.9787749
0.06751003	0.93249
0.99181306	0.008186903
0.9926494	0.007350591
0.12756851	0.8724315
0.003015487	0.99698454
0.9949772	0.005022804
0.9749829	0.025017088
0.99671555	0.003284456
0.0022674503	0.9977325
0.0020586946	0.9979413
0.9953217	0.0046783313
0.99728715	0.0027128404
0.004444736	0.9955552
0.38873342	0.61126655
0.0062344223	0.9937656
0.8484062	0.15159374
0.9967912	0.0032087408
0.004173949	0.9958261
0.22550066	0.77449936
0.9783245	0.021675536
0.950618	0.049381934
0.9975151	0.0024849786
0.99806637	0.001933696
0.014796179	0.98520386
0.99732566	0.002674364
0.9939043	0.006095742
0.007694256	0.9923057
0.9947255	0.0052744644
0.00253426	0.9974657
0.013241892	0.98675805
0.0030569227	0.99694306
0.99342257	0.006577444
0.0030629404	0.99693704
0.0029251752	0.99707484
0.99837446	0.0016255258
0.9855218	0.014478172
0.0027757778	0.9972242
0.098276846	0.90172315
0.0020052975	0.9979948
0.0019585136	0.9980415
0.99848974	0.001510205
0.038358282	0.96164167
0.98559767	0.014402358
0.05268193	0.94731814
0.9901698	0.009830119
0.9984553	0.0015446645
0.9058464	0.09415358
0.020399164	0.97960085
0.0035400568	0.9964599
0.18287309	0.81712687
0.028104097	0.9718959
0.12137562	0.8786244
0.9416893	0.058310665
0.98649454	0.013505428
0.005689677	0.99431026
0.02021305	0.979787
0.0025276283	0.99747235
0.022301016	0.9776989
0.0025179917	0.997482
0.009088476	0.99091154
0.0019327116	0.9980673
0.0032589426	0.9967411
0.0050282683	0.99497175
0.99639964	0.0036002947
0.045465067	0.95453495
0.0020663247	0.99793375
0.004491373	0.9955087
0.9953152	0.0046847654
0.0057157627	0.9942842
0.019821534	0.9801784
0.5255846	0.47441545
0.9947708	0.005229119
0.01786272	0.98213726
0.011285216	0.98871475
0.005932649	0.9940673
0.27626798	0.723732
0.99628216	0.0037178278
0.0033113647	0.99668866
0.9891644	0.010835587
0.9982382	0.0017617512
0.9931472	0.006852787
0.99404716	0.0059528435
0.9966627	0.0033372876
0.99838555	0.0016144981
0.006754279	0.9932458
0.017926415	0.98207355
0.9966472	0.003352771
0.99549305	0.0045068734
0.989375	0.010625028
0.9977308	0.002269279
0.99545175	0.0045483005
0.99664766	0.0033522963
0.06884079	0.93115914
0.9635731	0.036426943
0.99826837	0.0017316485
0.9792595	0.020740543
0.0049715564	0.99502844
0.9633306	0.036669318
0.9983316	0.0016683937
0.005456019	0.994544
0.99784243	0.002157537
0.99766326	0.0023367093
0.9577214	0.042278554
0.90316945	0.09683051
0.0020098435	0.99799013
0.0019245087	0.9980755
0.9976307	0.0023692674
0.008453833	0.9915461
0.003555106	0.9964449
0.99751437	0.0024855847
0.9843137	0.015686288
0.99590164	0.004098329
0.99434376	0.0056562894
0.003447024	0.99655294
0.3234733	0.67652667
0.96581286	0.034187216
0.0027834477	0.9972166
0.91465676	0.08534321
0.99845374	0.0015462119
0.99665916	0.003340874
0.9766575	0.023342451
0.047840305	0.9521597
0.97618616	0.023813779
0.9861097	0.013890401
0.085772276	0.9142277
0.0043674903	0.99563247
0.0077534085	0.9922465
0.017013103	0.9829869
0.0023560533	0.9976439
0.99538535	0.0046146773
0.99682415	0.0031758905
0.0018390416	0.998161
0.91538215	0.084617876
0.57235235	0.42764768
0.99253464	0.0074653267
0.99332184	0.00667819
0.9665803	0.03341978
0.06891434	0.93108565
0.9968934	0.0031065575
0.9976185	0.0023815236
0.04877302	0.95122695
0.99763	0.002369973
0.9866512	0.013348835
0.9975937	0.002406235
0.009019278	0.9909807
0.0020724337	0.99792755
0.0031251127	0.9968748
0.010365339	0.9896347
0.9980458	0.001954237
0.9976884	0.002311589
0.01095196	0.98904806
0.060775287	0.93922466
0.45906684	0.54093313
0.9972281	0.0027719026
0.006173212	0.9938268
0.119316064	0.88068396
0.0064295125	0.99357045
0.022200676	0.97779936
0.97493964	0.025060302
0.9963542	0.0036457756
0.077179864	0.9228201
0.0117597515	0.98824024
0.04492252	0.95507747
0.9973596	0.0026404043
0.73638296	0.26361704
0.0034708504	0.99652916
0.7818509	0.21814911
0.014437075	0.9855629
0.9983944	0.0016055369
0.18428408	0.8157159
0.9979407	0.0020592287
0.02848376	0.9715162
0.0019746996	0.9980253
0.9984011	0.0015988773
0.07294708	0.9270529
0.9878675	0.01213257
0.7580022	0.24199778
0.032687165	0.9673129
0.02049648	0.9795035
0.0019417889	0.99805814
0.003588194	0.99641186
0.058411043	0.941589
0.048646018	0.9513539
0.99818665	0.0018133908
0.9963315	0.0036685297
0.99679935	0.0032005992
0.14125237	0.8587476
0.0020743161	0.99792564
0.9904531	0.009546915
0.2366173	0.76338273
0.008639631	0.99136037
0.97540456	0.024595382
0.9975489	0.0024511188
0.0049408074	0.99505925
0.99728787	0.002712185
0.31049874	0.6895012
0.041088704	0.9589113
0.9983474	0.0016526388
0.019012202	0.9809878
0.0027700237	0.99723
0.001865464	0.9981345
0.9960383	0.003961653
0.0018268011	0.99817324
0.9941755	0.0058245915
0.12579854	0.8742014
0.9975539	0.0024461395
0.9984646	0.0015354897
0.9973093	0.002690685
0.0024554923	0.99754447
0.017689101	0.9823109
0.0019166578	0.99808335
0.004617372	0.9953826
0.99525946	0.0047404952
0.99253136	0.0074686916
0.9973368	0.0026631951
0.011030781	0.9889692
0.0069965064	0.99300355
0.00581408	0.9941859
0.0036846409	0.9963154
0.99262047	0.007379533
0.91787344	0.08212654
0.9928135	0.0071864356
0.0029775456	0.99702245
0.91490084	0.0850991
0.05237931	0.94762063
0.99136835	0.008631646
0.9947712	0.0052288547
0.8891676	0.11083238
0.0019473769	0.9980526
0.021667479	0.9783326
0.014662752	0.9853373
0.9942644	0.0057355682
0.9720782	0.027921764
0.99737394	0.0026260328
0.832384	0.16761595
0.98556155	0.014438499
0.007124801	0.9928752
0.015374867	0.9846251
0.99795085	0.002049124
0.99831414	0.0016858556
0.057338234	0.9426618
0.99817073	0.0018292274
0.0033449254	0.9966551
0.8257456	0.17425443
0.0022356715	0.99776435
0.9979226	0.0020773842
0.994538	0.005461971
0.99683434	0.0031656765
0.9751756	0.024824336
0.9983364	0.0016636185
0.0038071424	0.9961928
0.034708127	0.9652918
0.99646205	0.003538002
0.9979225	0.0020775502
0.016181618	0.98381835
0.9939507	0.0060493085
0.010107976	0.989892
0.9884043	0.011595678
0.997018	0.0029820532
0.99713695	0.002863084
0.9979126	0.0020873602
0.9970497	0.0029502765
0.8274437	0.17255624
0.95682126	0.043178692
0.94877476	0.051225245
0.0062904293	0.99370956
0.9438401	0.056159966
0.0021425376	0.9978575
0.9640551	0.035944898
0.06265648	0.93734354
0.09333065	0.9066693
0.9590045	0.040995482
0.0020159166	0.99798405
0.011175576	0.9888244
0.01422827	0.9857717
0.9897787	0.010221261
0.9969061	0.0030939013
0.03538957	0.9646104
0.013112173	0.9868879
0.92387664	0.07612336
0.97127736	0.028722636
0.987608	0.012392034
0.030017423	0.96998256
0.9983511	0.0016488705
0.0046930253	0.9953069
0.0036566362	0.9963433
0.97917515	0.02082487
0.0037472486	0.9962528
0.0042534578	0.99574655
0.9984901	0.0015098972
0.9983291	0.0016709117
0.016958287	0.98304176
0.99169815	0.00830191
0.0096186595	0.9903813
0.017367069	0.982633
0.9920832	0.00791679
0.26669085	0.73330915
0.0063355225	0.9936645
0.04066965	0.9593303
0.007029027	0.992971
0.0034302592	0.99656975
0.89127517	0.10872481
0.9951225	0.0048775263
0.009611826	0.9903882
0.9924388	0.0075611942
0.002388993	0.99761105
0.9926721	0.007327896
0.9875049	0.012495177
0.63993585	0.36006415
0.9901327	0.009867372
0.99772686	0.0022731177
0.7904331	0.2095669
0.002654814	0.99734527
0.3327651	0.6672349
0.9536804	0.04631961
0.12864573	0.8713543
0.9729839	0.027016105
0.0123049645	0.9876951
0.0036550157	0.996345
0.9931699	0.0068301233
0.003706344	0.9962936
0.9265473	0.07345275
0.06951503	0.930485
0.021870483	0.9781295
0.9597967	0.040203236
0.99589086	0.0041091545
0.96834564	0.03165434
0.99718815	0.0028119015
0.0018424664	0.99815756
0.9984565	0.001543495
0.010456048	0.98954403
0.99837744	0.001622488
0.053227954	0.9467721
0.008923116	0.99107695
0.008140071	0.99186
0.002503968	0.99749595
0.9296898	0.07031014
0.0035134996	0.99648654
0.9963052	0.0036947373
0.992281	0.0077189575
0.26281172	0.7371883
0.016617043	0.983383
0.0022976333	0.9977024
0.10721784	0.89278215
0.95059574	0.049404234
0.0021834853	0.99781656
0.040753547	0.9592464
0.0025951082	0.9974049
0.9984078	0.0015922125
0.004818477	0.9951815
0.99779487	0.0022051793
0.0029388512	0.9970611
0.0032336386	0.9967663
0.9848828	0.015117204
0.07268506	0.92731494
0.0020321803	0.9979678
0.9951834	0.0048165703
0.83013386	0.16986614
0.12980667	0.8701933
0.9594043	0.04059573
0.028158352	0.9718417
0.02807247	0.97192746
0.056025762	0.9439742
0.0019191515	0.99808085
0.9929468	0.0070532104
0.0029059486	0.99709404
0.9757076	0.024292355
0.2472113	0.7527887
0.0026494933	0.99735045
0.99661475	0.003385208
0.9983475	0.0016525106
0.43958127	0.5604187
0.99674195	0.0032580376
0.9962459	0.0037540686
0.99833006	0.0016699336
0.99572456	0.004275457
0.0027178207	0.99728215
0.9969789	0.0030211245
0.0033391688	0.9966608
0.99799025	0.0020097177
0.0021346898	0.9978654
0.99393696	0.006063034
0.9977042	0.002295781
0.97909594	0.020904018
0.0023115189	0.99768853
0.9978974	0.0021026526
0.043861493	0.95613855
0.3530581	0.6469419
0.99737513	0.002624839
0.0022813396	0.9977187
0.9960478	0.003952168
0.98387444	0.016125584
0.59884745	0.40115258
0.9977761	0.0022239308
0.9960278	0.0039721457
0.0024889305	0.997511
0.9978611	0.0021388829
0.9938612	0.0061388486
0.9973816	0.0026184008
0.9973793	0.0026207457
0.23645343	0.7635465
0.9976094	0.0023906722
0.048635155	0.9513648
0.0027325882	0.9972675
0.0046748416	0.9953251
0.99723107	0.002768912
0.99747014	0.00252991
0.08659366	0.9134064
0.092624284	0.90737575
0.0021543219	0.99784565
0.0022967425	0.99770325
0.9751916	0.024808366
0.9983759	0.0016240769
0.9951173	0.004882701
0.955844	0.044156063
0.9907851	0.0092148315
0.99578285	0.0042172098
0.009858934	0.9901411
0.08795589	0.9120441
0.25208798	0.747912
0.99489045	0.00510949
0.0018934888	0.9981065
0.9977481	0.0022519224
0.7691176	0.2308824
0.022654187	0.9773458
0.9927443	0.0072557335
0.0018802215	0.9981198
0.9983494	0.0016506314
0.16862032	0.8313797
0.06984188	0.93015814
0.003386637	0.9966133
0.99541265	0.0045874207
0.99763834	0.0023617228
0.021334661	0.9786653
0.005354908	0.9946451
0.2521115	0.74788857
0.9930276	0.006972324
0.0018565358	0.99814343
0.99268734	0.00731264
0.008141326	0.99185866
0.004441568	0.9955584
0.006652264	0.9933477
0.9957087	0.0042912713
0.9964876	0.0035123439
0.9874836	0.012516375
0.99824286	0.001757146
0.99575114	0.0042488133
0.8486594	0.15134056
0.068256184	0.9317438
0.9497353	0.050264783
0.019812686	0.98018736
0.003958559	0.9960414
0.16765356	0.83234644
0.99579644	0.004203601
0.06152747	0.9384725
0.9952245	0.004775549
0.9959443	0.0040557245
0.9879689	0.012031052
0.95590657	0.044093393
0.08210165	0.91789836
0.9965373	0.0034627058
0.99838054	0.0016194769
0.9968725	0.0031275651
0.011258862	0.9887411
0.003430223	0.99656975
0.0039176843	0.99608237
0.9954022	0.004597812
0.99693274	0.0030672331
0.9944208	0.005579174
0.99617636	0.0038236664
0.99656713	0.0034327963
0.99733526	0.002664746
0.021944687	0.9780553
0.99690336	0.0030966469
0.024172826	0.9758272
0.025809476	0.9741905
0.98858213	0.011417881
0.9981164	0.0018836745
0.016031854	0.98396814
0.06189738	0.9381026
0.64864635	0.35135365
0.9930963	0.0069037466
0.061644055	0.938356
0.99773055	0.0022694783
0.0019737629	0.9980262
0.9978295	0.0021704487
0.011646527	0.9883535
0.001954368	0.99804556
0.0025500813	0.99744993
0.9980568	0.0019431814
0.99717075	0.0028292788
0.99726045	0.0027394902
0.0074472693	0.9925527
0.9979657	0.0020343545
0.9928637	0.007136367
0.08802435	0.9119756
0.023769736	0.97623026
0.0037705884	0.99622935
0.9815522	0.018447813
0.99613166	0.003868347
0.006036043	0.993964
0.0028561344	0.9971438
0.061268017	0.938732
0.097415924	0.902584
0.9983619	0.0016380972
0.010493665	0.9895063
0.9974547	0.0025452902
0.012613434	0.9873865
0.99788755	0.0021124412
0.9961987	0.0038013223
0.004119267	0.9958807
0.99560875	0.004391246
0.05333542	0.9466646
0.9927209	0.0072790924
0.17385347	0.82614654
0.99623066	0.003769272
0.9980161	0.0019839166
0.9123047	0.08769525
0.0022290293	0.997771
0.0046369974	0.995363
0.07926818	0.9207318
0.9939323	0.006067662
0.15359423	0.84640574
0.99645424	0.0035458112
0.010121388	0.98987865
0.0019853427	0.9980147
0.9936079	0.006392117
0.9978574	0.002142564
0.99039805	0.009601977
0.011072526	0.9889275
0.99779654	0.0022035292
0.002185799	0.9978142
0.9529966	0.047003314
0.0040897164	0.9959103
0.059218697	0.9407813
0.97576845	0.024231626
0.068032	0.93196803
0.011593755	0.9884063
0.00203421	0.9979658
0.99746823	0.0025317855
0.036762357	0.9632376
0.998259	0.0017409603
0.99845695	0.0015430114
0.0029186904	0.99708134
0.98807204	0.011927979
0.99798274	0.0020172352
0.99488175	0.0051182583
0.99823475	0.0017651718
0.99513197	0.0048680175
0.9969459	0.0030540263
0.0446119	0.95538807
0.98192984	0.018070213
0.019843856	0.9801562
0.98863095	0.011368973
0.020628083	0.97937185
0.21125379	0.78874624
0.98684096	0.013159019
0.03994814	0.9600519
0.9983059	0.0016941017
0.9983353	0.0016646808
0.92323446	0.07676551
0.9861838	0.013816127
0.007598908	0.9924011
0.89390004	0.10610001
0.0053811492	0.9946188
0.06969939	0.9303006
0.9975304	0.0024695694
0.0022425202	0.9977575
0.99725926	0.002740771
0.04113949	0.95886046
0.010833818	0.9891662
0.9958781	0.0041219248
0.9977302	0.0022697991
0.97495335	0.025046647
0.50043374	0.49956623
0.0019540743	0.9980459
0.99802256	0.0019774644
0.0027197509	0.99728024
0.005302438	0.9946976
0.016648052	0.983352
0.0019955416	0.9980045
0.03216489	0.96783507
0.26892537	0.7310746
0.008552785	0.9914472
0.15204911	0.8479508
0.9975539	0.00244615
0.10633228	0.89366776
0.8288226	0.17117745
0.0026885387	0.9973115
0.046973914	0.95302606
0.9983423	0.001657691
0.9864871	0.013512901
0.0023379214	0.99766207
0.9940819	0.0059180325
0.9814959	0.018504063
0.022518225	0.9774818
0.015841167	0.9841589
0.99667776	0.0033222889
0.9970209	0.0029791202
0.973053	0.026947014
0.2714809	0.72851914
0.12505482	0.8749452
0.004669489	0.9953306
0.99528104	0.004718979
0.92401415	0.07598588
0.0056770123	0.994323
0.0020578308	0.99794215
0.005072872	0.99492717
0.998159	0.0018410526
0.002452336	0.9975477
0.9983937	0.0016062534
0.037494373	0.96250564
0.002673611	0.9973264
0.0036123814	0.9963876
0.8738634	0.12613656
0.99362296	0.0063770073
0.005511931	0.99448806
0.9850381	0.01496192
0.9939061	0.006093887
0.99836296	0.0016370722
0.0017305161	0.99826944
0.64432174	0.35567823
0.2662256	0.73377436
0.011162436	0.9888376
0.004245752	0.99575424
0.99456775	0.0054322863
0.99741435	0.0025855799
0.9817338	0.018266229
0.841911	0.15808892
0.11960073	0.8803993
0.013365752	0.98663425
0.9984048	0.001595268
0.97815645	0.021843612
0.0024986002	0.99750143
0.98129874	0.01870128
0.9972307	0.0027693335
0.66919816	0.33080184
0.012004896	0.9879951
0.0025972156	0.9974027
0.990198	0.009801979
0.99717027	0.0028297012
0.9966738	0.0033262228
0.9979036	0.0020964725
0.0050122766	0.9949877
0.008951109	0.9910488
0.97976196	0.020238014
0.9912354	0.00876463
0.9984504	0.0015495296
0.022831256	0.9771688
0.99284065	0.0071593644
0.010279526	0.9897204
0.0030253716	0.9969746
0.001983726	0.99801624
0.9877714	0.012228585
0.01267067	0.98732936
0.010538305	0.9894617
0.9667254	0.033274632
0.03131617	0.9686838
0.0018355901	0.9981645
0.9973526	0.0026473496
0.008769889	0.99123013
0.0048703607	0.9951296
0.08602967	0.91397035
0.9679403	0.032059677
0.988641	0.011358966
0.0032663485	0.99673367
0.036212508	0.9637875
0.99792874	0.0020712279
0.99832016	0.0016797641
0.017517468	0.98248255
0.81817454	0.1818254
0.026504029	0.97349596
0.022509074	0.9774909
0.9971685	0.0028315196
0.0051703304	0.9948297
0.0019306374	0.99806935
0.83024544	0.16975455
0.004446368	0.9955537
0.99829227	0.00170773
0.9969199	0.003080195
0.0024073296	0.9975926
0.99090856	0.009091361
0.011831883	0.9881682
0.0022292507	0.9977708
0.70216644	0.29783356
0.98431224	0.015687767
0.98339593	0.016604137
0.93505275	0.064947285
0.9864001	0.013599902
0.0024889722	0.997511
0.99216664	0.007833418
0.7910766	0.20892338
0.0019245498	0.9980755
0.99595475	0.0040453062
0.028544772	0.9714552
0.9970674	0.0029326684
0.005008174	0.99499184
0.028258495	0.9717415
0.018279785	0.9817202
0.99736637	0.0026336873
0.810679	0.189321
0.9976259	0.0023740814
0.020170458	0.97982955
0.9975452	0.002454773
0.95410246	0.045897543
0.9915052	0.008494739
0.9763714	0.023628581
0.0072105015	0.99278957
0.052525472	0.94747454
0.0027350762	0.997265
0.0030715708	0.9969284
0.0027945414	0.99720544
0.9979208	0.0020792366
0.0075320727	0.99246794
0.0027304578	0.9972696
0.9897747	0.010225334
0.008796575	0.9912034
0.17895266	0.82104737
0.9800126	0.01998745
0.9945083	0.005491693
0.403275	0.596725
0.9965641	0.003435912
0.998317	0.001683054
0.050585184	0.94941485
0.0018304033	0.99816954
0.982844	0.017155977
0.010389491	0.98961055
0.004879618	0.99512035
0.077898666	0.92210126
0.9978302	0.002169827
0.0082764225	0.9917236
0.0035574394	0.9964425
0.003941054	0.99605894
0.9982888	0.0017111362
0.9014304	0.09856954
0.9943428	0.0056571797
0.9982703	0.0017297461
0.0027767175	0.99722326
0.982578	0.017422
0.117608	0.88239205
0.010834825	0.9891651
0.060607366	0.9393926
0.013762888	0.98623705
0.0025094168	0.99749064
0.99755365	0.0024463453
0.99181587	0.008184139
0.99748296	0.0025170327
0.99736893	0.0026310082
0.008356758	0.9916433
0.0495179	0.9504821
0.9974528	0.0025471528
0.0036433516	0.9963567
0.11695259	0.88304746
0.99714583	0.002854207
0.99736893	0.0026310622
0.004779362	0.9952206
0.034238733	0.96576124
0.99527186	0.004728142
0.0048693395	0.99513066
0.016443795	0.98355615
0.9551096	0.044890378
0.99789953	0.0021004102
0.99846005	0.0015399291
0.99831414	0.00168585
0.016916975	0.983083
0.0024525286	0.99754745
0.99360424	0.0063958317
0.012906328	0.9870936
0.99827373	0.0017262864
0.006252629	0.99374735
0.005129751	0.9948703
0.0018750724	0.9981249
0.9958288	0.004171221
0.026998576	0.9730014
0.07977678	0.92022324
0.0045104264	0.99548954
0.002026904	0.99797314
0.06808736	0.93191266
0.99750286	0.0024971243
0.0036503545	0.9963496
0.08434449	0.91565555
0.01840837	0.9815916
0.99025273	0.009747263
0.36844066	0.6315594
0.9976191	0.0023808742
0.021819556	0.9781804
0.9976109	0.002389118
0.034712832	0.96528715
0.04812785	0.9518722
0.086572275	0.91342777
0.9958157	0.004184296
0.036901947	0.96309805
0.99346924	0.0065307016
0.98155975	0.018440228
0.05024316	0.94975686
0.010661359	0.98933864
0.0020990856	0.99790096
0.9645596	0.035440374
0.9955782	0.004421713
0.93828833	0.06171171
0.007979135	0.9920209
0.031940557	0.9680595
0.99005616	0.009943819
0.0020859404	0.997914
0.9931311	0.0068688793
0.98797065	0.012029296
0.99567586	0.0043241256
0.0110758785	0.9889241
0.0018529139	0.99814713
0.9929812	0.007018831
0.9967758	0.003224217
0.90051657	0.09948345
0.029329617	0.97067034
0.95760703	0.042392947
0.87853277	0.12146718
0.99575883	0.0042411378
0.99662507	0.0033749794
0.9935819	0.0064181853
0.98216116	0.01783886
0.0031493187	0.99685067
0.9439079	0.056092065
0.14423211	0.85576785
0.99786264	0.0021373485
0.99840707	0.001592945
0.007325895	0.99267405
0.9978084	0.0021916223
0.0030620599	0.996938
0.052638113	0.9473619
0.0019523017	0.9980477
0.016439907	0.9835601
0.9720249	0.027975125
0.049827285	0.95017266
0.010692905	0.9893071
0.99659413	0.003405885
0.0044641015	0.99553585
0.99480385	0.0051960927
0.020865297	0.9791347
0.07149409	0.9285059
0.014352092	0.9856479
0.99843615	0.001563884
0.9968346	0.0031654767
0.8395197	0.16048032
0.002186677	0.99781334
0.9901743	0.009825689
0.002098237	0.9979018
0.01994643	0.9800536
0.08456175	0.91543823
0.0020792077	0.9979208
0.9980003	0.0019996832
0.9862142	0.0137857795
0.0018422672	0.9981577
0.05181428	0.94818574
0.012470148	0.9875299
0.024253936	0.9757461
0.0018333365	0.9981667
0.99605787	0.0039421855
0.9982577	0.0017422744
0.99648714	0.003512835
0.006158654	0.9938413
0.9516219	0.04837809
0.9957562	0.004243712
0.064378485	0.93562156
0.008827574	0.9911724
0.9975551	0.0024449888
0.9362452	0.063754834
0.03979404	0.960206
0.8112883	0.18871172
0.9979899	0.0020101615
0.99510163	0.004898349
0.00693337	0.99306667
0.005578952	0.99442106
0.04580067	0.9541994
0.9146864	0.08531367
0.0024836515	0.9975164
0.01100255	0.98899746
0.860039	0.13996102
0.9983992	0.0016007492
0.997056	0.002943988
0.0031209355	0.9968791
0.0019016891	0.9980983
0.007215637	0.9927844
0.9944682	0.0055317534
0.9963953	0.003604721
0.020818554	0.9791814
0.9978957	0.0021043122
0.1049621	0.89503783
0.99793077	0.0020692903
0.0020337193	0.9979663
0.9951637	0.0048363036
0.9981858	0.0018142151
0.0025056242	0.99749446
0.003980283	0.9960198
0.99704355	0.002956463
0.02181504	0.97818494
0.99329007	0.0067098634
0.99795914	0.0020409198
0.9878963	0.012103704
0.029187733	0.97081226
0.98933405	0.010665998
0.0023394402	0.9976605
0.49280384	0.5071962
0.9981437	0.0018563909
0.007930916	0.9920691
0.002611044	0.997389
0.0023485157	0.9976515
0.013519817	0.9864802
0.4047804	0.5952197
0.98751694	0.012483014
0.050353304	0.94964665
0.481102	0.518898
0.0045676245	0.9954324
0.5632058	0.4367942
0.9865086	0.013491472
0.9972287	0.0027713438
0.6565095	0.34349054
0.002360909	0.99763906
0.954563	0.045437012
0.9965495	0.0034504985
0.0025204218	0.9974796
0.99547666	0.0045233187
0.002530501	0.99746954
0.022852778	0.9771473
0.9963319	0.0036681322
0.021486111	0.9785139
0.003815657	0.9961843
0.9938798	0.006120141
0.9710914	0.028908618
0.0036306407	0.99636936
0.0070266444	0.9929733
0.0020962222	0.9979038
0.98099774	0.019002289
0.9975631	0.0024368868
0.99778783	0.0022121156
0.060823344	0.9391767
0.018975949	0.981024
0.99335384	0.0066462075
0.9935634	0.0064366325
0.061765388	0.93823457
0.0018959111	0.9981041
0.024794677	0.9752053
0.9968176	0.0031824277
0.9983924	0.0016075876
0.016453654	0.9835464
0.0019094634	0.99809057
0.99648905	0.0035109627
0.9789123	0.021087633
0.011498757	0.9885012
0.002396407	0.9976036
0.006468437	0.99353164
0.9979936	0.0020064448
0.9980591	0.0019408985
0.99128777	0.008712308
0.0018941973	0.99810576
0.012049021	0.987951
0.0046836976	0.99531627
0.99222916	0.007770846
0.002343331	0.9976567
0.4575582	0.5424418
0.99831676	0.001683271
0.9842247	0.01577529
0.028303841	0.97169614
0.0019436161	0.9980564
0.046173498	0.9538264
0.042991184	0.9570088
0.99840313	0.0015968675
0.010965647	0.9890344
0.10209581	0.8979042
0.9924654	0.0075346325
0.98622406	0.013775969
0.019341215	0.98065877
0.24923822	0.75076175
0.32984942	0.6701506
0.005521255	0.9944787
0.0021810813	0.99781895
0.020256026	0.97974396
0.029331535	0.97066844
0.042260103	0.9577399
0.015437131	0.98456293
0.014596481	0.9854035
0.9968611	0.003138959
0.011138928	0.988861
0.9937901	0.0062099677
0.011333895	0.98866606
0.9937338	0.006266133
0.025699537	0.97430044
0.0028093085	0.99719065
0.996929	0.0030709843
0.9962154	0.003784551
0.0066156364	0.9933843
0.0022925113	0.9977075
0.002220165	0.9977798
0.99673647	0.0032635136
0.0033748092	0.9966252
0.99764496	0.0023550605
0.8971857	0.10281431
0.9982039	0.001796133
0.030459145	0.96954083
0.99450666	0.005493324
0.9981621	0.0018378919
0.99531364	0.0046863756
0.99616575	0.0038342625
0.0017598756	0.9982401
0.0020351396	0.99796486
0.96788734	0.0321126
0.9971064	0.002893631
0.0020497171	0.99795026
0.9854833	0.014516698
0.007226172	0.9927738
0.030907415	0.9690926
0.005140711	0.99485934
0.994934	0.005066001
0.6602354	0.33976462
0.056362025	0.943638
0.038530387	0.9614696
0.99770504	0.002294983
0.04312583	0.9568742
0.94366646	0.056333527
0.9969885	0.0030115442
0.7060609	0.29393905
0.9953388	0.0046611945
0.998395	0.0016049983
0.9938538	0.0061462075
0.01145339	0.9885466
0.009321416	0.9906786
0.0020163713	0.9979836
0.9916162	0.008383847
0.0072862944	0.99271375
0.9975944	0.002405568
0.99733835	0.0026616405
0.99846315	0.0015368997
0.0021701036	0.99782985
0.0055058002	0.99449414
0.9354563	0.06454371
0.9983126	0.0016873875
0.9911342	0.008865789
0.993901	0.0060990364
0.009863208	0.99013674
0.012115803	0.9878842
0.996461	0.0035390884
0.029468324	0.97053164
0.002805304	0.99719465
0.002038822	0.99796116
0.98848593	0.0115140965
0.7509239	0.24907611
0.99725634	0.0027437233
0.002026571	0.9979734
0.9513877	0.048612338
0.0057042306	0.9942958
0.67427355	0.32572648
0.99414885	0.005851142
0.9952022	0.0047978368
0.9878302	0.012169804
0.00507146	0.9949286
0.99803275	0.0019672345
0.9981292	0.0018708095
0.0035567046	0.99644333
0.0021963804	0.9978036
0.0018146832	0.99818534
0.0023041735	0.99769586
0.9881678	0.011832223
0.9221297	0.07787033
0.004228944	0.995771
0.030667506	0.96933246
0.99772507	0.0022749016
0.99531794	0.004682098
0.030976366	0.96902364
0.66773057	0.3322695
0.9983645	0.0016355306
0.98678976	0.013210272
0.99701726	0.0029826968
0.04278355	0.9572164
0.047649674	0.9523503
0.0054386146	0.9945614
0.0025433889	0.9974566
0.9943071	0.0056929532
0.0048001693	0.9951998
0.0022045695	0.99779546
0.99544734	0.004552603
0.045316257	0.9546837
0.99808806	0.0019119295
0.049093124	0.95090693
0.9950729	0.0049271286
0.99837095	0.0016291142
0.9918291	0.008170936
0.18122108	0.81877893
0.03310456	0.96689546
0.0018656017	0.99813443
0.997033	0.0029670435
0.016018178	0.9839818
0.0019125183	0.99808747
0.0020316744	0.99796826
0.018169886	0.98183006
0.71006244	0.2899376
0.0020080905	0.9979919
0.995996	0.004003998
0.98846394	0.011536096
0.99469334	0.005306645
0.007450643	0.9925493
0.99487585	0.0051241913
0.0018346946	0.9981653
0.45873457	0.54126537
0.99347275	0.0065272567
0.9974567	0.0025432582
0.42349565	0.57650435
0.0070492853	0.9929508
0.9974322	0.002567808
0.097954035	0.90204597
0.99759716	0.0024028565
0.019717792	0.9802822
0.99313885	0.0068611912
0.9957046	0.0042954157
0.9977794	0.002220541
0.0018796257	0.99812037
0.99269146	0.007308577
0.019721085	0.98027885
0.080313854	0.91968614
0.0035894492	0.99641055
0.9895058	0.01049411
0.9982064	0.0017936332
0.7509624	0.24903764
0.0046410747	0.9953589
0.99535626	0.004643688
0.99040425	0.00959572
0.32650504	0.673495
0.0024199213	0.99758005
0.7305449	0.26945508
0.98604834	0.013951682
0.99744993	0.0025500047
0.0058047553	0.9941953
0.0017618604	0.9982381
0.0025223384	0.9974777
0.9941864	0.005813576
0.9979742	0.0020257623
0.0024492727	0.9975508
0.004432721	0.99556726
0.0038010275	0.99619895
0.9948926	0.0051073963
0.9929711	0.0070288875
0.78530943	0.21469058
0.9456367	0.054363273
0.8580381	0.14196186
0.998281	0.0017190768
0.9980572	0.0019428291
0.4301645	0.56983554
0.2404963	0.75950366
0.011734393	0.98826563
0.0022297623	0.9977703
0.98661	0.013390065
0.012856932	0.9871431
0.011242483	0.98875755
0.997013	0.0029870167
0.059990395	0.9400096
0.0017771552	0.9982229
0.21046562	0.7895344
0.9801604	0.019839598
0.002288575	0.9977114
0.07774936	0.9222506
0.020372646	0.9796274
0.0019251095	0.9980749
0.04472567	0.95527434
0.9984567	0.0015432481
0.21766055	0.78233945
0.03469132	0.9653087
0.0032481023	0.9967519
0.98965585	0.010344112
0.084330566	0.91566944
0.9969342	0.0030657651
0.91963035	0.08036962
0.0022690282	0.99773103
0.9965305	0.003469538
0.9947455	0.0052545625
0.0018986543	0.9981014
0.012191147	0.9878088
0.9834856	0.01651441
0.97648984	0.023510195
0.98874	0.011259924
0.0022720268	0.99772793
0.058893185	0.9411068
0.0021666845	0.9978333
0.0025921229	0.99740785
0.002435274	0.9975648
0.001822843	0.9981772
0.9982822	0.0017177941
0.9976895	0.0023105403
0.011723147	0.9882769
0.99334395	0.006656053
0.9928074	0.0071925754
0.99753475	0.0024652597
0.83271676	0.16728319
0.0019241056	0.99807584
0.117193215	0.8828067
0.9970747	0.0029252472
0.6035974	0.39640257
0.99676454	0.0032354526
0.97786283	0.022137156
0.009718783	0.9902812
0.9591908	0.040809248
0.048665773	0.9513342
0.010536351	0.9894637
0.006600715	0.99339926
0.87525415	0.12474586
0.15013917	0.8498609
0.0023087624	0.9976913
0.03862567	0.9613743
0.287417	0.71258295
0.059591915	0.94040805
0.9864493	0.013550645
0.16926022	0.83073974
0.99725866	0.0027412623
0.043506764	0.9564932
0.9491484	0.05085156
0.99797434	0.002025718
0.9964934	0.0035065443
0.95485497	0.045145035
0.009916643	0.99008334
0.12963153	0.8703685
0.5430694	0.45693052
0.9890286	0.010971477
0.15373825	0.8462618
0.004140841	0.9958592
0.0070712636	0.9929287
0.012200028	0.9878
0.9302389	0.06976103
0.99546534	0.0045346417
0.99572265	0.0042773047
0.91369677	0.0863032
0.99524623	0.004753812
0.002030277	0.9979697
0.98107576	0.01892417
0.0045685433	0.9954314
0.06814717	0.9318528
0.002006161	0.9979938
0.9933617	0.0066383076
0.99762875	0.0023713368
0.034666248	0.9653337
0.9982273	0.0017726606
0.99831367	0.0016863202
0.9771244	0.022875624
0.9936358	0.0063641886
0.99599385	0.0040061474
0.99623716	0.0037627602
0.99524516	0.004754866
0.0029185847	0.99708134
0.0031861237	0.99681383
0.98210984	0.017890096
0.9963223	0.003677705
0.059983723	0.9400162
0.98920316	0.010796874
0.8528474	0.14715263
0.0030102304	0.9969897
0.99783415	0.0021658195
0.99795973	0.0020402535
0.010152459	0.9898475
0.9871755	0.01282443
0.52896017	0.47103986
0.002406354	0.9975936
0.7007256	0.29927436
0.9180515	0.081948556
0.995706	0.004294011
0.99318624	0.006813796
0.03483353	0.96516645
0.03789166	0.9621083
0.0038295463	0.99617046
0.97734594	0.022654092
0.9979589	0.0020410954
0.01565701	0.98434293
0.0025091278	0.9974909
0.99766845	0.0023315295
0.019246766	0.98075324
0.9649043	0.035095684
0.012139151	0.98786086
0.99376374	0.0062362985
0.99792516	0.002074781
0.99641514	0.003584871
0.99663997	0.0033599874
0.046444643	0.9535554
0.0063941805	0.99360585
0.72237384	0.27762622
0.99840194	0.0015980814
0.04088723	0.9591127
0.9984635	0.0015364769
0.094062425	0.9059376
0.9964636	0.003536486
0.022089988	0.97791004
0.004274629	0.9957254
0.8403004	0.15969965
0.99427456	0.005725407
0.98855025	0.0114497775
0.013942986	0.98605704
0.95374566	0.04625436
0.99803954	0.001960527
0.002038009	0.997962
0.99699867	0.0030013963
0.00868425	0.9913157
0.9946548	0.005345187
0.9951438	0.004856237
0.0044645066	0.9955355
0.9983903	0.0016097227
0.0032895268	0.9967104
0.9978676	0.0021323753
0.9954484	0.0045515615
0.4830221	0.5169779
0.99829715	0.0017028692
0.98675644	0.013243537
0.9979373	0.0020626571
0.0025767584	0.9974233
0.51828974	0.48171023
0.008742512	0.99125755
0.004139677	0.9958604
0.0025779575	0.9974221
0.1532983	0.8467017
0.9983614	0.0016385621
0.056190908	0.9438091
0.99849236	0.0015076129
0.015572254	0.98442775
0.99422014	0.005779827
0.99632335	0.0036766676
0.9812651	0.018734837
0.986395	0.013604995
0.9949038	0.0050961417
0.9969547	0.00304527
0.05283304	0.947167
0.005102405	0.99489754
0.9976568	0.0023432004
0.9906386	0.009361368
0.9974446	0.002555398
0.068381324	0.93161875
0.98552376	0.014476233
0.004729879	0.9952701
0.99790406	0.0020958907
0.0018578421	0.9981421
0.0050682826	0.99493176
0.005078215	0.99492174
0.054927204	0.9450728
0.98526615	0.014733859
0.9968166	0.0031834748
0.007305074	0.992695
0.0018533266	0.99814665
0.046176568	0.95382345
0.9948695	0.0051305885
0.04201047	0.95798945
0.96241176	0.037588257
0.913978	0.086022034
0.99682415	0.003175907
0.9681184	0.03188151
0.9977658	0.002234186
0.28338185	0.7166181
0.0025043124	0.9974957
0.0019690637	0.99803096
0.98807913	0.011920816
0.9935428	0.006457243
0.001948994	0.99805105
0.0019929155	0.9980071
0.0021362852	0.9978637
0.98857504	0.011424891
0.026892748	0.9731073
0.004063548	0.9959364
0.99782145	0.0021785432
0.015985217	0.9840148
0.034900155	0.9650998
0.013066049	0.98693395
0.020281173	0.9797188
0.99786866	0.0021313326
0.0025054608	0.9974946
0.28776172	0.71223825
0.002095808	0.9979042
0.4793146	0.52068543
0.002209873	0.9977901
0.99254066	0.0074593406
0.99603915	0.0039608325
0.99848014	0.0015199042
0.9981457	0.0018543192
0.047892917	0.9521071
0.022068325	0.9779317
0.9970681	0.0029318905
0.98863494	0.011365078
0.9931926	0.006807457
0.04474774	0.9552523
0.9967961	0.003204
0.9973623	0.0026377286
0.029414594	0.97058547
0.99836725	0.0016327344
0.0036291818	0.9963708
0.009158897	0.99084103
0.0021181714	0.9978818
0.8430594	0.15694056
0.99815387	0.001846059
0.00830443	0.9916956
0.9965211	0.003478872
0.98732877	0.012671217
0.0037345702	0.9962655
0.99502134	0.004978697
0.04283602	0.957164
0.0018270098	0.998173
0.99715686	0.002843142
0.99174255	0.0082573835
0.99815685	0.0018431601
0.9967901	0.0032099097
0.001958929	0.9980411
0.022226417	0.9777736
0.8307596	0.16924047
0.40405747	0.5959425
0.99805814	0.0019418919
0.04659419	0.95340586
0.9889015	0.011098559
0.0018466093	0.9981534
0.9922667	0.0077333096
0.9474189	0.052581124
0.004037023	0.99596304
0.006997789	0.99300224
0.99665976	0.0033402038
0.0032779376	0.99672204
0.99612707	0.0038730006
0.5706986	0.4293014
0.113548055	0.8864519
0.99778545	0.0022144744
0.9978109	0.0021891189
0.998302	0.0016980044
0.0022999877	0.99770004
0.9941614	0.005838546
0.9949003	0.005099765
0.0020119136	0.9979881
0.99342656	0.0065734284
0.007319562	0.9926804
0.0029743563	0.99702567
0.009388372	0.9906116
0.016862636	0.98313737
0.99708873	0.002911342
0.9983955	0.0016045108
0.9911476	0.008852394
0.057921004	0.942079
0.99636227	0.0036377856
0.0725049	0.9274951
0.0020224063	0.99797755
0.9941521	0.0058478257
0.02204251	0.9779574
0.9984586	0.0015414197
0.0025098848	0.99749017
0.7947384	0.20526159
0.94265026	0.057349734
0.89111453	0.10888554
0.9984428	0.0015572344
0.9969806	0.0030193774
0.0024197013	0.9975803
0.9980393	0.00196069
0.9716547	0.028345274
0.47971705	0.520283
0.006821466	0.9931785
0.9926091	0.0073908865
0.98247683	0.017523179
0.058211222	0.9417888
0.9945485	0.0054515367
0.9952291	0.0047709187
0.0066616475	0.99333835
0.08487851	0.91512144
0.0032582365	0.99674183
0.9709647	0.029035307
0.9451171	0.054882955
0.9983381	0.0016618525
0.008397526	0.9916025
0.001933801	0.99806625
0.9978188	0.002181183
0.99692315	0.0030767997
0.041566458	0.9584335
0.0022172239	0.99778277
0.9922031	0.0077968463
0.99841464	0.0015853975
0.987745	0.012254981
0.0038382278	0.9961618
0.0037990112	0.996201
0.003835472	0.99616456
0.018691827	0.98130816
0.9984022	0.0015978317
0.025156925	0.97484314
0.005145251	0.9948547
0.45545533	0.54454464
0.0041591404	0.99584085
0.006730308	0.99326974
0.0053476975	0.9946523
0.8853914	0.11460859
0.068035096	0.93196493
0.9905696	0.009430399
0.09571121	0.9042888
0.06634451	0.9336555
0.0028123374	0.9971877
0.0023722888	0.9976277
0.07667222	0.92332774
0.10469613	0.8953039
0.9883167	0.011683259
0.99831116	0.0016888871
0.17411864	0.8258813
0.011752357	0.9882477
0.9966658	0.0033341737
0.023204478	0.97679555
0.001973823	0.9980262
0.99846905	0.001530882
0.0036316277	0.9963684
0.99847525	0.0015247267
0.986673	0.0133270295
0.99138814	0.00861185
0.9972441	0.0027559258
0.9823308	0.017669227
0.0060803224	0.99391973
0.99745506	0.0025449852
0.9854857	0.014514255
0.9948148	0.0051851114
0.029421374	0.9705786
0.7336399	0.26636013
0.9949563	0.0050437073
0.98997307	0.0100269
0.14992341	0.85007656
0.14190698	0.85809296
0.9825874	0.017412575
0.003442238	0.9965578
0.004365844	0.99563414
0.99764377	0.0023561788
0.99816066	0.0018393927
0.99797803	0.0020220245
0.0033445691	0.99665546
0.996967	0.0030329851
0.007663949	0.9923361
0.84215456	0.15784548
0.004847341	0.9951526
0.39159626	0.6084038
0.026736999	0.97326297
0.9128859	0.08711407
0.06489368	0.93510634
0.7682784	0.23172155
0.016300928	0.9836991
0.8769787	0.12302127
0.99823964	0.0017603447
0.016168287	0.98383176
0.05392043	0.9460795
0.9977163	0.0022837592
0.9980919	0.0019081426
0.994823	0.0051769908
0.0026403014	0.9973597
0.996152	0.0038479923
0.0028792145	0.9971208
0.997654	0.0023460458
0.95440865	0.04559129
0.10814566	0.89185435
0.998317	0.0016830572
0.036926273	0.96307373
0.016347954	0.983652
0.9941397	0.0058604
0.0032010572	0.9967989
0.0030332867	0.9969668
0.9975272	0.002472842
0.04170827	0.95829177
0.0054179733	0.994582
0.98935765	0.010642328
0.9982889	0.0017110343
0.019250149	0.9807498
0.9899871	0.010012886
0.002929827	0.9970702
0.0028491302	0.99715084
0.1121685	0.88783145
0.9941605	0.0058394815
0.011279551	0.9887205
0.035063654	0.9649364
0.6507337	0.34926626
0.002145901	0.99785405
0.99224126	0.007758723
0.9970721	0.0029279303
0.0027489862	0.997251
0.004274962	0.99572504
0.10924039	0.8907596
0.99544275	0.0045572207
0.002830413	0.99716955
0.99598724	0.0040127127
0.96097374	0.03902626
0.0023357025	0.99766433
0.9919831	0.008016914
0.99715155	0.002848472
0.011382231	0.98861784
0.036115564	0.9638844
0.09224534	0.90775466
0.98203516	0.017964829
0.986571	0.013428949
0.002158759	0.99784124
0.93941724	0.060582805
0.0030498742	0.9969502
0.019922134	0.98007786
0.01141765	0.9885824
0.9939891	0.0060108677
0.02686159	0.97313845
0.019568406	0.9804316
0.91830766	0.081692405
0.09246806	0.9075319
0.019654745	0.9803452
0.06649921	0.93350077
0.16262771	0.8373723
0.12208629	0.8779137
0.9955806	0.0044194083
0.2426113	0.7573887
0.9983851	0.0016148869
0.12265238	0.8773476
0.9965161	0.0034839178
0.9860869	0.013913111
0.024336493	0.9756634
0.002106869	0.99789315
0.87815076	0.121849254
0.0019476068	0.99805236
0.013079953	0.98692
0.0022425586	0.9977575
0.99828374	0.0017163189
0.99655306	0.0034469652
0.0028286935	0.99717134
0.004055018	0.99594504
0.991147	0.008853043
0.9981791	0.0018208883
0.005387538	0.99461246
0.008348535	0.9916515
0.6274462	0.37255386
0.97014475	0.029855197
0.048968147	0.95103186
0.9968425	0.0031574848
0.98127353	0.018726539
0.9874872	0.012512769
0.9922652	0.0077348473
0.0065178475	0.9934822
0.026618997	0.973381
0.0058474764	0.9941525
0.014578256	0.9854218
0.023125507	0.97687453
0.9980574	0.0019425952
0.13304488	0.8669551
0.9956391	0.0043608663
0.9888586	0.0111414185
0.003217379	0.99678266
0.009228481	0.99077153
0.99843806	0.0015619426
0.09236008	0.9076399
0.092992306	0.90700775
0.9946404	0.005359571
0.967823	0.03217703
0.99794966	0.002050359
0.0108242985	0.98917574
0.9524567	0.047543332
0.0030868116	0.9969132
0.99528706	0.004712949
0.021980656	0.97801936
0.002813213	0.9971867
0.003554579	0.9964455
0.9959721	0.004027869
0.00826959	0.9917304
0.044272073	0.955728
0.99808395	0.0019160814
0.0022075095	0.9977925
0.9981798	0.0018201692
0.0029803922	0.9970196
0.80976355	0.1902364
0.99837923	0.0016207217
0.0018596363	0.99814034
0.0022769372	0.99772304
0.03399324	0.9660068
0.97976345	0.02023653
0.008093313	0.99190664
0.9981893	0.0018107643
0.030963397	0.96903664
0.0038266822	0.9961733
0.062991634	0.9370084
0.103254095	0.8967459
0.0050726435	0.9949274
0.036015127	0.9639849
0.00575026	0.9942497
0.9909287	0.009071298
0.009404137	0.9905958
0.0030031106	0.9969969
0.9728526	0.027147435
0.9803775	0.019622443
0.0018505616	0.9981495
0.020996474	0.9790035
0.9970222	0.0029777605
0.99693006	0.0030700122
0.8654307	0.13456926
0.98211986	0.017880162
0.003600468	0.9963995
0.13981354	0.86018646
0.99795616	0.0020438714
0.98952127	0.0104787825
0.9875497	0.01245021
0.9970585	0.0029415258
0.9967456	0.003254432
0.0032052412	0.99679476
0.004434515	0.9955655
0.9971512	0.0028488622
0.88330185	0.11669819
0.012799578	0.9872004
0.9980557	0.0019443803
0.0029921955	0.9970078
0.9972205	0.0027795236
0.0030756826	0.99692434
0.9966769	0.0033231005
0.9841278	0.015872182
0.0025091995	0.99749076
0.9965327	0.0034672897
0.0017922259	0.9982078
0.0031711208	0.99682885
0.03385276	0.96614724
0.051693387	0.94830656
0.0020055312	0.99799454
0.002929509	0.99707043
0.6678358	0.33216426
0.2647428	0.7352572
0.029084899	0.9709151
0.0019940103	0.99800605
0.0039348444	0.9960652
0.99542314	0.004576809
0.007564007	0.992436
0.0052740993	0.9947259
0.9984352	0.001564821
0.041925408	0.95807457
0.99131244	0.008687567
0.99689734	0.0031026138
0.01461782	0.9853822
0.9974027	0.0025972878
0.051833473	0.9481666
0.99130684	0.008693207
0.010936115	0.9890639
0.01121323	0.98878676
0.0058289277	0.9941711
0.0130158095	0.98698425
0.002611809	0.9973882
0.93216336	0.067836665
0.17886956	0.82113045
0.0047139283	0.99528605
0.08154736	0.9184526
0.0021464375	0.9978536
0.99541557	0.004584419
0.9769692	0.02303081
0.99526113	0.0047389255
0.071305625	0.9286943
0.0027631829	0.99723685
0.013299632	0.9867004
0.1639712	0.8360288
0.001911944	0.99808806
0.007403462	0.9925965
0.042114187	0.95788574
0.0021833626	0.9978167
0.9979353	0.0020646967
0.0069544245	0.9930456
0.0028538108	0.9971462
0.94444036	0.055559635
0.005474044	0.99452597
0.19153586	0.80846417
0.0052141463	0.99478585
0.9963852	0.0036148177
0.004591945	0.995408
0.39661324	0.6033867
0.0069661867	0.99303377
0.99839777	0.001602282
0.99756753	0.002432487
0.3998168	0.6001832
0.17397583	0.8260241
0.22536065	0.7746393
0.9776068	0.022393214
0.9950334	0.004966574
0.002615135	0.99738485
0.0022718094	0.99772817
0.9942258	0.0057742703
0.36165163	0.6383484
0.0023069947	0.997693
0.080332026	0.91966796
0.9984701	0.0015298357
0.9977738	0.0022261136
0.99509996	0.004900027
0.0022267713	0.99777323
0.9776954	0.022304598
0.06837674	0.9316233
0.99689496	0.0031049822
0.003352741	0.9966473
0.044140548	0.9558594
0.82291096	0.17708905
0.99757785	0.002422212
0.07617456	0.9238254
0.096125044	0.903875
0.032786947	0.9672131
0.99614173	0.0038583132
0.99789256	0.0021075099
0.91418755	0.08581245
0.0025108578	0.9974891
0.1214823	0.8785177
0.0044265343	0.9955734
0.052184675	0.9478153
0.99835134	0.0016487216
0.8592645	0.14073552
0.99674463	0.003255354
0.17117478	0.82882524
0.0018408	0.9981592
0.97520995	0.024790067
0.99728584	0.0027141448
0.0054561817	0.9945438
0.004846633	0.9951533
0.99758136	0.0024186498
0.9442707	0.055729374
0.0051693586	0.99483067
0.99459994	0.0054000984
0.6534113	0.34658864
0.98741966	0.012580388
0.99815506	0.0018449505
0.99335974	0.006640241
0.015438158	0.98456186
0.02097291	0.97902715
0.0032361445	0.9967638
0.99147594	0.008524101
0.9984988	0.0015011693
0.9614671	0.03853292
0.99762243	0.0023775876
0.99822074	0.0017791975
0.09146413	0.9085359
0.95357555	0.04642443
0.99776685	0.0022331637
0.98488635	0.015113649
0.027052892	0.9729471
0.985562	0.014437948
0.99846196	0.0015381003
0.0075095254	0.9924905
0.9984875	0.0015125148
0.0030363768	0.99696356
0.006509648	0.99349034
0.012177212	0.9878228
0.054065622	0.9459344
0.76824343	0.23175655
0.9983164	0.0016836269
0.045792755	0.9542073
0.8493439	0.15065607
0.99483657	0.005163418
0.98583883	0.014161124
0.9977544	0.0022455994
0.0032359953	0.99676394
0.9344785	0.06552145
0.002455936	0.997544
0.009460446	0.99053955
0.0054508382	0.9945491
0.9974021	0.0025979583
0.049607534	0.9503925
0.0019100159	0.99808997
0.99638355	0.003616434
0.049289595	0.9507105
0.028235054	0.9717649
0.002305873	0.9976941
0.0018666987	0.99813336
0.99382895	0.0061710593
0.99663734	0.003362639
0.0022045106	0.99779546
0.98534715	0.014652841
0.004710004	0.99529004
0.044020247	0.9559798
0.01783197	0.9821681
0.9977731	0.0022268572
0.008413734	0.9915863
0.002047698	0.9979522
0.6658975	0.33410248
0.9498984	0.050101567
0.89583653	0.10416343
0.0018351856	0.99816483
0.9971853	0.0028147039
0.99777967	0.002220295
0.00854863	0.99145144
0.99695826	0.0030417773
0.94207937	0.0579207
0.99149656	0.008503423
0.0072790505	0.9927209
0.9957633	0.0042366455
0.99528956	0.004710399
0.9876874	0.012312569
0.04403807	0.95596194
0.006260761	0.99373925
0.018915635	0.9810844
0.002186392	0.9978136
0.01130999	0.9886901
0.0062340354	0.99376595
0.002125153	0.99787486
0.4475095	0.5524905
0.9341216	0.06587838
0.0027031358	0.99729687
0.0061980523	0.993802
0.012789471	0.9872105
0.012996136	0.98700386
0.090643756	0.9093563
0.9960795	0.0039204466
0.32879758	0.6712024
0.78877014	0.21122986
0.024467325	0.97553265
0.9978917	0.002108291
0.0023604163	0.99763966
0.005607922	0.9943921
0.0039388873	0.99606115
0.87005377	0.12994617
0.0017808345	0.9982192
0.0032101977	0.99678975
0.9978015	0.0021985385
0.0019474936	0.9980525
0.99834585	0.0016541673
0.9961189	0.0038810794
0.9927207	0.0072793406
0.99815196	0.0018479764
0.0351589	0.96484107
0.9905296	0.0094704395
0.9934617	0.0065382333
0.0017958737	0.9982041
0.03477573	0.9652243
0.9963509	0.0036491288
0.9952951	0.0047048405
0.99708706	0.0029129384
0.004796703	0.99520326
0.0018797672	0.99812025
0.13653143	0.8634685
0.0024512538	0.99754876
0.9971455	0.0028545244
0.0037710415	0.9962289
0.0018294399	0.9981705
0.0018779669	0.99812204
0.6447438	0.3552562
0.9663746	0.03362539
0.9961389	0.0038611235
0.010945954	0.98905396
0.036969926	0.96303004
0.0064655016	0.99353445
0.0020213556	0.9979786
0.003964706	0.9960353
0.0021962612	0.99780375
0.0069798757	0.9930201
0.9963152	0.0036847878
0.0071649933	0.99283504
0.0199859	0.9800141
0.47771212	0.5222879
0.9838811	0.016118815
0.002863837	0.9971361
0.9814321	0.018567892
0.99774384	0.0022561646
0.019120665	0.98087937
0.98737353	0.012626471
0.05065076	0.94934916
0.99689865	0.0031013668
0.012506972	0.98749304
0.0112355	0.9887645
0.0018612427	0.9981388
0.16896056	0.83103937
0.9967434	0.0032566197
0.07161631	0.9283837
0.0041171256	0.99588287
0.061715685	0.93828434
0.9971209	0.002878999
0.9944226	0.0055773384
0.9971499	0.002850129
0.997558	0.0024419865
0.9845077	0.015492337
0.0025912672	0.9974087
0.26064295	0.739357
0.99754554	0.0024544648
0.9957209	0.004279121
0.9157371	0.08426292
0.9931959	0.0068041408
0.997903	0.002097001
0.016994603	0.98300534
0.015639942	0.98436004
0.021760404	0.9782396
0.0021265713	0.9978734
0.0050172736	0.9949827
0.0022354852	0.99776447
0.96577835	0.03422159
0.04175001	0.95825005
0.99609715	0.0039028896
0.0030534286	0.99694663
0.9956722	0.004327785
0.9982628	0.0017371508
0.0020752975	0.9979247
0.98310953	0.016890453
0.019235536	0.98076445
0.1218284	0.8781716
0.03898391	0.9610161
0.0033402417	0.99665976
0.98128074	0.018719312
0.98972404	0.010275976
0.99625117	0.0037488185
0.96692824	0.03307176
0.9935675	0.0064325267
0.8724554	0.1275446
0.9894359	0.010564107
0.9774935	0.022506505
0.0017916084	0.9982084
0.055953495	0.94404644
0.004073562	0.9959265
0.005122794	0.9948773
0.99750096	0.0024990898
0.8080335	0.1919665
0.054140393	0.9458597
0.0067324247	0.99326766
0.9961643	0.003835716
0.07421869	0.9257813
0.9976774	0.0023226829
0.039655503	0.9603445
0.034365747	0.9656343
0.0037081477	0.9962919
0.99793005	0.0020698989
0.12506706	0.87493294
0.06374137	0.9362587
0.98232347	0.017676612
0.99377316	0.0062268367
0.001961641	0.99803835
0.001984959	0.99801505
0.0019465857	0.99805343
0.11817664	0.8818234
0.996988	0.0030119624
0.99715376	0.0028462792
0.0027128856	0.99728715
0.03680716	0.9631928
0.058832686	0.9411673
0.0023717314	0.9976283
0.9956418	0.004358182
0.029958071	0.9700419
0.8543727	0.14562733
0.069102764	0.93089724
0.18398401	0.81601596
0.006291399	0.9937086
0.0026246745	0.99737537
0.0018770323	0.998123
0.9975345	0.0024654462
0.10955381	0.89044625
0.0049198815	0.9950801
0.005247738	0.9947523
0.99822587	0.001774159
0.021314926	0.978685
0.9104111	0.089588925
0.063204765	0.93679523
0.002007089	0.9979929
0.03982309	0.96017694
0.98152936	0.018470684
0.07949021	0.9205098
0.995742	0.0042579332
0.04161774	0.9583823
0.99811614	0.0018839102
0.01328447	0.9867155
0.99542445	0.0045755953
0.9981172	0.0018827645
0.9898968	0.010103221
0.028215168	0.97178483
0.9976452	0.0023548165
0.009193789	0.99080616
0.0037463016	0.9962537
0.014413062	0.9855869
0.99737716	0.002622805
0.0028876993	0.9971123
0.99786586	0.0021341678
0.0023553697	0.9976446
0.007675431	0.9923246
0.9975109	0.0024890963
0.014840382	0.9851597
0.030890267	0.9691097
0.9949504	0.005049542
0.0019685624	0.99803144
0.018838476	0.9811615
0.009124926	0.9908751
0.9972223	0.0027776593
0.9968855	0.003114563
0.09899446	0.9010055
0.002798573	0.99720144
0.9938241	0.00617586
0.1677242	0.8322758
0.0017665758	0.99823344
0.04000848	0.9599916
0.9974903	0.0025096843
0.06459587	0.9354041
0.99841964	0.001580347
0.004424299	0.99557567
0.04645919	0.95354074
0.15055671	0.84944326
0.9627932	0.037206803
0.9982912	0.0017088524
0.9978138	0.002186191
0.9636094	0.03639059
0.02244585	0.97755414
0.0026679437	0.9973321
0.99611276	0.0038872783
0.010892895	0.9891071
0.9870324	0.012967553
0.9958677	0.0041322527
0.9979305	0.0020694437
0.95585114	0.044148903
0.9734075	0.026592508
0.0020874438	0.9979126
0.005649779	0.99435025
0.9960212	0.003978763
0.007736007	0.99226403
0.011542276	0.98845774
0.99829894	0.0017010268
0.003515221	0.99648476
0.009652724	0.99034727
0.9978002	0.002199758
0.0018709664	0.99812907
0.005073361	0.9949267
0.9961713	0.00382877
0.0029059597	0.99709404
0.9976312	0.002368845
0.980379	0.01962103
0.9964144	0.0035855405
0.05524202	0.94475794
0.996311	0.0036890006
0.004015254	0.9959848
0.99779105	0.002208948
0.00482659	0.9951734
0.98369044	0.016309561
0.9951233	0.004876651
0.99550503	0.004495046
0.996953	0.0030470167
0.01842889	0.98157114
0.0029606265	0.9970394
0.7920641	0.2079359
0.99605584	0.0039441776
0.0042470302	0.99575293
0.96889794	0.031102039
0.014628229	0.98537177
0.9981699	0.0018300321
0.99839956	0.0016004127
0.0068169357	0.9931831
0.9964858	0.0035142293
0.0036850646	0.99631494
0.0035349976	0.99646497
0.009730469	0.99026954
0.99101865	0.00898138
0.0019431019	0.9980568
0.0018473723	0.99815255
0.9971819	0.002818155
0.9965385	0.0034614422
0.06270872	0.93729126
0.99731797	0.0026820772
0.072861075	0.92713886
0.9966987	0.003301308
0.0018965498	0.9981034
0.99817586	0.0018241327
0.9942259	0.0057741473
0.033757895	0.96624213
0.04606203	0.95393795
0.0030308447	0.99696916
0.0067325993	0.9932674
0.9979721	0.0020279577
0.96499145	0.035008576
0.0057626013	0.9942374
0.0035331438	0.9964669
0.06392183	0.93607813
0.0019763035	0.99802375
0.003732658	0.9962674
0.002669604	0.9973304
0.103386015	0.896614
0.9832485	0.016751494
0.05474514	0.9452548
0.98474556	0.015254495
0.023395678	0.9766043
0.0019456197	0.9980544
0.01582032	0.9841797
0.49393332	0.5060667
0.0039174836	0.99608254
0.0046085743	0.99539137
0.017759759	0.98224026
0.9964515	0.0035484873
0.0037895849	0.99621046
0.056692064	0.94330794
0.004539125	0.9954608
0.99099416	0.009005862
0.0037498018	0.9962502
0.9968579	0.0031421534
0.010911787	0.9890882
0.996576	0.0034240088
0.46637154	0.53362846
0.02455925	0.97544074
0.017398108	0.9826019
0.10335196	0.89664805
0.001981847	0.99801815
0.9903306	0.009669407
0.18070716	0.8192928
0.0075740004	0.99242604
0.033276867	0.9667231
0.008439567	0.9915604
0.001924832	0.9980751
0.99559	0.0044100187
0.99820673	0.0017932601
0.12479148	0.87520856
0.9349259	0.06507409
0.023476185	0.9765238
0.0035479278	0.9964521
0.99601716	0.0039828867
0.012475774	0.98752415
0.0024326988	0.9975673
0.0024817903	0.9975182
0.90589565	0.09410436
0.9982765	0.0017235209
0.9983575	0.0016425358
0.008622075	0.99137795
0.0035301766	0.99646986
0.29896125	0.7010388
0.9575686	0.04243149
0.83567536	0.16432458
0.002121512	0.99787855
0.14494021	0.85505974
0.00264499	0.997355
0.0023067247	0.99769324
0.99080867	0.009191419
0.9979273	0.002072716
0.004253848	0.9957462
0.99467	0.005329957
0.017825732	0.9821743
0.14823443	0.8517656
0.0076916358	0.9923084
0.99195635	0.008043586
0.99734926	0.002650692
0.25770265	0.74229735
0.0052341744	0.9947659
0.07676933	0.9232307
0.9829025	0.017097542
0.998007	0.0019930105
0.016659843	0.9833401
0.9962373	0.0037627388
0.0250948	0.9749052
0.99702495	0.0029750436
0.006317525	0.9936825
0.87601304	0.12398694
0.0023547804	0.9976452
0.9771926	0.022807483
0.03290539	0.96709466
0.20379622	0.7962038
0.98438245	0.015617545
0.011868405	0.98813164
0.9034634	0.09653658
0.9968823	0.0031176733
0.9972908	0.0027092125
0.9501249	0.049875133
0.99812335	0.0018765846
0.004998531	0.9950015
0.9974686	0.0025313806
0.015626103	0.9843739
0.0035444328	0.99645555
0.07173366	0.9282663
0.0034947577	0.99650526
0.045895394	0.9541046
0.9902422	0.009757827
0.029466355	0.97053367
0.9981754	0.0018245876
0.0024108181	0.99758923
0.99647176	0.0035282348
0.0031134244	0.99688655
0.8205486	0.17945142
0.9925538	0.0074461726
0.0019526698	0.99804735
0.99308926	0.00691074
0.9960706	0.0039293803
0.99602306	0.003976927
0.99832004	0.0016799738
0.46324527	0.5367547
0.9958003	0.0041996245
0.9896276	0.010372458
0.002046725	0.9979533
0.041681513	0.9583185
0.002596975	0.99740297
0.010049242	0.9899507
0.99680376	0.0031962532
0.0019671444	0.99803287
0.011491346	0.98850864
0.99830234	0.001697584
0.95554626	0.044453707
0.0063999686	0.9936
0.06680817	0.93319184
0.0022760904	0.9977239
0.99040365	0.009596306
0.010849723	0.98915035
0.0020774852	0.9979226
0.0031263016	0.9968736
0.0369449	0.96305513
0.045742083	0.95425785
0.0018533512	0.99814665
0.085627764	0.9143722
0.0029111982	0.99708885
0.7257543	0.27424568
0.0057030567	0.99429697
0.0021427497	0.9978573
0.019142019	0.9808579
0.0020560063	0.99794394
0.9843724	0.015627606
0.9923522	0.007647784
0.00866637	0.99133366
0.9338538	0.06614622
0.0022813515	0.9977187
0.007831386	0.9921686
0.007347384	0.99265254
0.9758807	0.024119303
0.0019122763	0.9980877
0.0020233325	0.9979767
0.99765426	0.0023457464
0.0037239476	0.996276
0.045540374	0.9544596
0.25922516	0.7407748
0.032850288	0.96714973
0.99355775	0.0064422525
0.7558818	0.24411821
0.0024800543	0.9975199
0.99500257	0.004997436
0.0024001538	0.9975999
0.0027677142	0.99723226
0.79910773	0.20089225
0.0064316634	0.99356836
0.0018566647	0.9981433
0.024783287	0.9752167
0.97124195	0.028758064
0.99413717	0.005862811
0.0021509093	0.9978491
0.9970481	0.0029519852
0.99686724	0.003132755
0.0019630084	0.99803704
0.99841297	0.0015870302
0.99835205	0.0016479619
0.9976833	0.002316706
0.99002236	0.009977619
0.99833703	0.0016629898
0.3691584	0.6308416
0.0024338088	0.9975662
0.9965875	0.0034124528
0.022156937	0.9778431
0.07898485	0.92101514
0.99772125	0.0022787123
0.0061267316	0.99387324
0.9953306	0.004669469
0.9984426	0.001557459
0.2498482	0.75015175
0.014321284	0.98567873
0.9834314	0.016568575
0.06901626	0.93098366
0.038003545	0.96199644
0.9964461	0.0035539507
0.18242961	0.8175704
0.9984067	0.0015933387
0.9974485	0.0025514974
0.96385926	0.036140706
0.008004615	0.99199545
0.0019929442	0.9980071
0.9950412	0.0049588843
0.0021974286	0.99780256
0.011988211	0.9880117
0.012327772	0.9876722
0.0031971235	0.9968029
0.7310351	0.26896492
0.99837035	0.0016296781
0.9964818	0.0035182103
0.9826643	0.017335718
0.9071789	0.09282107
0.0055194744	0.9944805
0.054023873	0.94597614
0.0028307254	0.9971693
0.97791016	0.022089848
0.9980209	0.0019791336
0.056709714	0.9432903
0.99589336	0.0041066715
0.9982911	0.0017089776
0.00259214	0.99740785
0.01958654	0.9804135
0.002645706	0.99735427
0.011607752	0.9883923
0.9861522	0.013847842
0.07418155	0.9258185
0.5441946	0.4558054
0.025328899	0.97467107
0.99007356	0.009926417
0.0022605355	0.99773943
0.9702085	0.029791487
0.99686676	0.0031332313
0.006485632	0.9935143
0.99798524	0.0020147983
0.07275022	0.9272498
0.5442775	0.45572257
0.99617106	0.0038290063
0.99850947	0.0014904608
0.99760497	0.0023950122
0.7432542	0.25674585
0.99759954	0.002400518
0.0019037032	0.9980963
0.0020995091	0.9979005
0.002050603	0.9979494
0.97463155	0.025368484
0.99141836	0.008581614
0.99841416	0.0015857854
0.0077605336	0.9922395
0.7824212	0.21757881
0.008808269	0.9911917
0.03255355	0.96744645
0.3905901	0.6094099
0.008650301	0.9913497
0.998024	0.0019760355
0.8441669	0.15583311
0.9969867	0.003013293
0.0748292	0.92517084
0.05407584	0.94592416
0.9610225	0.038977426
0.991155	0.008844972
0.0051166215	0.99488336
0.0020641114	0.9979359
0.0022993279	0.99770063
0.009396091	0.99060386
0.008546609	0.9914534
0.012160028	0.98784
0.9918458	0.008154173
0.9967933	0.0032066552
0.9963903	0.0036096468
0.8541541	0.14584596
0.98860276	0.011397232
0.0018491667	0.99815077
0.9654147	0.03458535
0.59409446	0.4059055
0.9967276	0.0032724133
0.993993	0.0060070427
0.99092156	0.009078376
0.99060845	0.009391539
0.04543873	0.95456123
0.083139315	0.9168607
0.0032214704	0.99677855
0.004524562	0.9954755
0.0023283584	0.99767166
0.0020971848	0.99790287
0.0027602632	0.9972397
0.9607424	0.03925762
0.99778074	0.0022192185
0.9914266	0.008573464
0.018051997	0.981948
0.9972439	0.0027561737
0.10962034	0.89037967
0.9912766	0.008723367
0.07820663	0.92179334
0.16320305	0.83679694
0.99370605	0.0062939688
0.99386346	0.006136583
0.9465703	0.053429715
0.94982	0.05018002
0.092726395	0.9072736
0.013191147	0.9868088
0.002765725	0.9972343
0.9778887	0.022111353
0.0125459	0.98745406
0.99836224	0.001637762
0.0044461	0.9955539
0.9970799	0.0029200367
0.9691514	0.030848606
0.9964	0.0035999734
0.99828416	0.001715752
0.9980868	0.0019131973
0.070226684	0.9297733
0.9962339	0.0037661437
0.9971745	0.0028254688
0.9963876	0.0036123795
0.9984022	0.0015978547
0.9982547	0.0017452326
0.0018935176	0.9981065
0.976644	0.023356
0.99759334	0.0024065785
0.9976769	0.0023230673
0.9805834	0.019416515
0.0042868643	0.9957131
0.9467162	0.05328381
0.99763393	0.0023660767
0.99287224	0.0071277632
0.99209046	0.007909507
0.0035325426	0.9964675
0.006110713	0.9938892
0.99474406	0.0052559236
0.0044552204	0.9955448
0.0054611675	0.99453884
0.99325365	0.006746373
0.002028197	0.99797183
0.0029535352	0.99704653
0.99084	0.009159979
0.010231768	0.9897682
0.011927525	0.9880725
0.99749607	0.0025039276
0.9924861	0.0075138877
0.022972383	0.97702765
0.9970745	0.0029254616
0.017984128	0.98201585
0.53731	0.46269003
0.053833585	0.9461664
0.036640767	0.9633593
0.0029542851	0.9970457
0.005266784	0.9947332
0.002302234	0.9976978
0.0513307	0.94866925
0.018966995	0.98103297
0.008638798	0.9913612
0.99846786	0.0015321625
0.0035424833	0.9964575
0.0073965346	0.9926035
0.046794947	0.9532051
0.41251132	0.58748865
0.9977658	0.0022342561
0.005005399	0.9949945
0.009888348	0.99011165
0.021820964	0.97817904
0.9922356	0.0077643855
0.0072614085	0.99273854
0.9900413	0.009958725
0.0025492143	0.99745077
0.0023578114	0.9976421
0.99730873	0.0026912687
0.99671125	0.003288777
0.7675537	0.23244627
0.0031591482	0.99684083
0.8907135	0.10928654
0.31738505	0.682615
0.001969608	0.99803036
0.13370326	0.86629677
0.0029770897	0.9970229
0.0029180702	0.99708194
0.9943422	0.0056577343
0.006523769	0.9934762
0.06643871	0.93356127
0.00592963	0.99407035
0.9981767	0.001823329
0.0040751277	0.99592483
0.9851054	0.014894534
0.013581779	0.9864182
0.017071359	0.98292863
0.0027186596	0.9972813
0.9945604	0.005439597
0.002647272	0.9973527
0.9972288	0.0027711934
0.08343071	0.9165693
0.9979989	0.0020011438
0.9003653	0.099634685
0.020393744	0.9796062
0.029091408	0.9709085
0.993323	0.006676943
0.99834883	0.00165115
0.99375534	0.0062445807
0.011203147	0.98879683
0.0017704084	0.99822956
0.8824424	0.117557615
0.997581	0.002418935
0.13222525	0.8677748
0.965354	0.034645922
0.0034107796	0.9965892
0.02042344	0.9795766
0.0023331682	0.99766684
0.48130277	0.5186972
0.9974679	0.0025321757
0.0031123722	0.9968876
0.009834088	0.9901659
0.001818955	0.9981811
0.0018415924	0.9981584
0.9947649	0.0052351085
0.0019904652	0.9980095
0.0034353095	0.9965647
0.002905852	0.99709415
0.9964031	0.0035968923
0.0019236524	0.9980763
0.9954786	0.004521479
0.9927564	0.0072435704
0.012648838	0.98735124
0.9969675	0.0030324648
0.99645424	0.0035458112
0.23805189	0.7619481
0.9953595	0.0046405154
0.002064972	0.99793506
0.010104604	0.98989534
0.984454	0.015545998
0.009327057	0.9906729
0.9983615	0.0016384333
0.9965926	0.0034074394
0.9837389	0.016261145
0.012071111	0.9879289
0.9977258	0.0022742415
0.0021841105	0.99781585
0.99705124	0.0029487817
0.019311707	0.98068833
0.9983771	0.0016229362
0.001980429	0.9980196
0.0028516974	0.99714833
0.9938048	0.006195215
0.14670682	0.85329324
0.9971691	0.0028309745
0.020524299	0.9794757
0.008825134	0.9911748
0.0025005983	0.9974994
0.027500993	0.972499
0.99784005	0.0021599776
0.99839264	0.0016073779
0.013513358	0.9864867
0.003876499	0.9961235
0.30035654	0.69964343
0.99572635	0.004273722
0.99723214	0.0027678458
0.9703333	0.029666694
0.006290194	0.9937098
0.99363625	0.006363803
0.044743434	0.9552565
0.0018471525	0.9981528
0.0035963866	0.9964036
0.99743265	0.002567387
0.99126536	0.008734656
0.0053917863	0.99460816
0.99721485	0.0027851213
0.9943136	0.005686484
0.0022608386	0.9977392
0.033008303	0.96699166
0.056698415	0.94330156
0.98839927	0.011600685
0.011727434	0.9882726
0.001980562	0.99801946
0.9768391	0.023160886
0.29939482	0.7006052
0.9978855	0.0021144857
0.8837262	0.11627381
0.99838996	0.0016100261
0.945918	0.054081954
0.0020201057	0.99797994
0.99604106	0.003958956
0.9974642	0.002535813
0.0052037444	0.9947962
0.02128707	0.9787129
0.92249686	0.07750317
0.9982054	0.0017945202
0.9970938	0.002906242
0.9917664	0.008233567
0.0034668087	0.99653316
0.99750865	0.0024913328
0.0051951814	0.9948048
0.058022477	0.9419775
0.9946126	0.0053874413
0.9973459	0.0026540537
0.99514884	0.0048511983
0.9943743	0.005625774
0.004215632	0.99578434
0.9961035	0.003896436
0.99417686	0.0058231275
0.9274021	0.07259795
0.99521303	0.004787007
0.9967828	0.003217235
0.012061549	0.98793846
0.0028399765	0.9971601
0.057781983	0.94221807
0.99751043	0.0024895011
0.05042853	0.94957143
0.012602703	0.9873974
0.002140903	0.99785906
0.9979576	0.0020423606
0.98876816	0.01123185
0.9893328	0.010667276
0.012935271	0.9870647
0.0021519985	0.99784803
0.9974988	0.0025012007
0.96152055	0.03847946
0.9700953	0.029904654
0.0024020497	0.997598
0.99536586	0.0046341196
0.0054558893	0.99454415
0.010960016	0.98904
0.002731493	0.99726856
0.9970251	0.0029749232
0.29452512	0.7054749
0.9983193	0.0016806874
0.0032526476	0.9967474
0.7839608	0.2160392
0.9932255	0.0067744753
0.94466835	0.05533166
0.0030940012	0.996906
0.13501605	0.8649839
0.0022126725	0.99778736
0.004421217	0.9955787
0.99589926	0.0041007176
0.0023676935	0.99763227
0.99557894	0.004420986
0.011361414	0.9886386
0.9676897	0.032310307
0.050259184	0.9497409
0.0075425953	0.9924574
0.95997226	0.040027786
0.9983889	0.0016110964
0.9945452	0.0054547326
0.014974534	0.98502547
0.9661943	0.033805724
0.021032928	0.978967
0.9983619	0.0016381432
0.98263067	0.017369322
0.99660647	0.0033935355
0.5436226	0.45637742
0.08403866	0.91596127
0.998381	0.0016190051
0.002552172	0.99744785
0.9943336	0.0056664143
0.9962525	0.0037475724
0.0075053154	0.9924947
0.03277311	0.9672269
0.0034729256	0.996527
0.998329	0.0016710359
0.9982851	0.001714825
0.99797064	0.0020293824
0.9947188	0.0052812137
0.9963904	0.003609609
0.019538946	0.98046106
0.9798305	0.020169554
0.9948774	0.005122674
0.9978808	0.0021191603
0.9953483	0.0046517397
0.06285363	0.93714637
0.9885922	0.011407783
0.089846976	0.910153
0.0029424096	0.99705756
0.9983181	0.0016820033
0.94993335	0.05006663
0.0020611903	0.9979388
0.15296091	0.8470391
0.002245531	0.9977545
0.050370805	0.9496291
0.008419345	0.99158067
0.13120906	0.868791
0.07246489	0.9275351
0.04144641	0.95855355
0.0051667555	0.99483323
0.02283799	0.97716206
0.005324095	0.9946759
0.001957087	0.99804294
0.99367034	0.006329581
0.011300853	0.98869914
0.99831426	0.0016858075
0.99828833	0.0017116969
0.9935622	0.006437767
0.0019181253	0.9980819
0.008655553	0.99134445
0.9974348	0.0025651883
0.011229428	0.9887706
0.001875233	0.9981248
0.00197601	0.998024
0.023261975	0.97673804
0.0073593366	0.9926407
0.99625623	0.0037437251
0.008015109	0.9919849
0.070746265	0.92925376
0.0044242535	0.9955758
0.024115117	0.9758849
0.9966589	0.0033410736
0.03509545	0.96490455
0.9978955	0.0021045324
0.9935042	0.0064957673
0.92645425	0.07354578
0.0057231225	0.99427694
0.031124987	0.968875
0.9875909	0.01240912
0.9628049	0.037195146
0.18252537	0.8174746
0.05901432	0.9409857
0.23648787	0.76351213
0.32312506	0.67687494
0.8849393	0.11506069
0.9903832	0.0096168155
0.98448044	0.015519529
0.9984358	0.001564228
0.009613319	0.9903867
0.009243535	0.99075645
0.99639755	0.0036025126
0.99606615	0.0039338167
0.046725642	0.9532743
0.0046228105	0.9953772
0.98053575	0.019464273
0.9981997	0.0018002643
0.997811	0.0021890043
0.013303298	0.98669666
0.075228386	0.9247716
0.0047786906	0.9952213
0.0033588184	0.99664116
0.9983406	0.001659383
0.997999	0.0020009521
0.5321391	0.4678609
0.13128014	0.86871994
0.07675415	0.92324585
0.001804462	0.9981956
0.0022490807	0.99775094
0.017100148	0.98289984
0.17121676	0.8287832
0.01063009	0.98936987
0.12656885	0.8734311
0.017960876	0.98203915
0.11720735	0.8827926
0.9977543	0.0022457596
0.0170662	0.9829338
0.9981006	0.0018994133
0.005065179	0.99493486
0.05473483	0.9452651
0.010612617	0.9893874
0.56603557	0.43396443
0.0022767012	0.9977233
0.0019909572	0.998009
0.08214245	0.9178576
0.9965174	0.0034825103
0.0023468425	0.9976532
0.9965797	0.0034202978
0.06208285	0.9379171
0.97841954	0.02158049
0.004462885	0.99553716
0.9981749	0.001825121
0.9958247	0.0041753147
0.0019665763	0.99803346
0.0030519452	0.99694806
0.0050089536	0.994991
0.7275613	0.2724387
0.9965287	0.0034713587
0.9956201	0.0043798927
0.004907314	0.99509263
0.9984004	0.0015996005
0.0040715393	0.99592847
0.002559524	0.99744046
0.008436376	0.99156356
0.99723595	0.0027640853
0.96330565	0.03669439
0.0018905478	0.99810946
0.9980781	0.0019219028
0.9940918	0.0059082066
0.003270232	0.99672973
0.010153867	0.9898461
0.027987003	0.972013
0.00742806	0.992572
0.9981958	0.0018042241
0.9975948	0.0024052032
0.08876515	0.9112348
0.99574846	0.004251513
0.9983436	0.0016564084
0.029103883	0.97089607
0.984674	0.015326045
0.99051195	0.009488093
0.0038164388	0.9961836
0.031968873	0.9680311
0.9873394	0.012660664
0.01040607	0.989594
0.9980661	0.0019339316
0.005872213	0.99412775
0.01739996	0.98260003
0.9932073	0.0067927204
0.0019885963	0.99801135
0.07928113	0.92071885
0.057983056	0.9420169
0.98365074	0.016349282
0.06725567	0.9327443
0.9117819	0.088218115
0.9982229	0.0017770799
0.0026966443	0.99730337
0.047402773	0.9525972
0.99794346	0.002056566
0.9970798	0.0029201475
0.9957296	0.004270353
0.03141904	0.9685809
0.9823417	0.017658288
0.039344627	0.9606554
0.9976737	0.002326281
0.10694663	0.89305335
0.0021349601	0.997865
0.0038477255	0.9961522
0.003553046	0.996447
0.009655213	0.9903448
0.99838006	0.0016198701
0.9962406	0.0037594049
0.0019312385	0.99806875
0.9887002	0.011299815
0.02005727	0.97994274
0.014697066	0.9853029
0.95553106	0.044469006
0.019758552	0.9802414
0.10518737	0.89481264
0.9866164	0.013383577
0.002718908	0.9972811
0.0022164553	0.9977836
0.002175403	0.99782467
0.99242884	0.007571169
0.0027056127	0.99729437
0.020737035	0.9792629
0.008056095	0.99194396
0.008272783	0.99172723
0.0031514962	0.9968485
0.008597101	0.9914029
0.0070888526	0.99291116
0.9974905	0.0025094573
0.020022064	0.9799779
0.9919658	0.00803421
0.99834335	0.0016566315
0.98472625	0.015273773
0.00219914	0.9978009
0.025554582	0.9744454
0.99768937	0.0023106358
0.0020196037	0.9979804
0.947717	0.052283045
0.9983462	0.0016537901
0.9940294	0.005970638
0.9833341	0.016665835
0.004472858	0.9955271
0.004274775	0.9957253
0.08159745	0.91840255
0.9974498	0.0025501614
0.99704605	0.002953979
0.0061349883	0.99386495
0.99782604	0.0021739274
0.013803255	0.9861967
0.0038485918	0.9961514
0.0034003865	0.9965996
0.0102574285	0.9897426
0.99219453	0.00780548
0.02495435	0.9750456
0.99835676	0.001643177
0.0022881506	0.9977119
0.9983454	0.0016545997
0.9826132	0.017386781
0.0026502549	0.99734974
0.01865433	0.9813457
0.99617445	0.00382549
0.0020423797	0.9979576
0.99605066	0.0039493134
0.99648404	0.0035159811
0.11721298	0.88278705
0.8565214	0.14347862
0.9962094	0.0037906724
0.052902564	0.9470975
0.003573815	0.99642617
0.99715984	0.002840174
0.9969247	0.0030753158
0.0021556611	0.99784434
0.0018428707	0.9981571
0.9980683	0.0019317184
0.9981376	0.0018624266
0.9967836	0.0032163789
0.03163768	0.96836233
0.99812275	0.001877217
0.013237669	0.98676234
0.75677794	0.24322204
0.001817752	0.9981823
0.998343	0.0016569888
0.996763	0.003236974
0.9941765	0.0058234343
0.9976373	0.0023627204
0.9743163	0.025683684
0.04832423	0.9516758
0.0031411722	0.99685884
0.0312817	0.96871823
0.9196679	0.08033216
0.99833184	0.0016681809
0.9954094	0.00459059
0.0035995252	0.9964005
0.00273022	0.9972698
0.98846054	0.011539479
0.007765678	0.99223435
0.0063961376	0.9936039
0.0018537501	0.9981463
0.99588263	0.004117449
0.023737187	0.97626287
0.9960956	0.0039043655
0.0039946926	0.99600536
0.09274233	0.9072577
0.0041384306	0.9958616
0.008451759	0.99154824
0.013787581	0.9862124
0.023404727	0.9765953
0.99738723	0.0026127978
0.038745686	0.96125436
0.99099416	0.009005893
0.9953797	0.0046202745
0.0018785972	0.99812144
0.971781	0.028218992
0.0019356376	0.99806434
0.9963038	0.0036962212
0.032333445	0.9676665
0.992018	0.007982011
0.0021736338	0.9978264
0.9978161	0.0021838902
0.99743724	0.002562691
0.99724185	0.0027581758
0.9984211	0.0015789135
0.89077157	0.10922838
0.98921573	0.010784261
0.9980286	0.0019714502
0.0022836807	0.9977163
0.005811609	0.9941884
0.9944248	0.0055751354
0.018307436	0.98169255
0.0025489742	0.997451
0.832726	0.16727395
0.0019121624	0.9980878
0.043060333	0.9569397
0.0262632	0.97373676
0.043969177	0.9560308
0.9978313	0.0021687474
0.2466708	0.75332916
0.9935011	0.006498824
0.0055092317	0.99449074
0.008832332	0.99116766
0.99540967	0.0045902887
0.20136316	0.7986368
0.0032732703	0.99672675
0.9924367	0.00756332
0.0018904768	0.99810946
0.009386315	0.9906137
0.9532478	0.046752237
0.9942721	0.005727916
0.002211261	0.99778867
0.0022936806	0.9977063
0.99743396	0.002566109
0.97147995	0.028520059
0.9975319	0.002468052
0.99695396	0.0030459936
0.01684635	0.98315364
0.9984132	0.0015867286
0.002972129	0.99702793
0.99737775	0.0026222488
0.9984665	0.001533585
0.002524849	0.9974751
0.9967205	0.0032795176
0.94330716	0.05669283
0.43667948	0.5633206
0.0018955995	0.99810433
0.041436736	0.9585633
0.0019768933	0.99802315
0.9664865	0.033513527
0.0040809494	0.99591905
0.98872584	0.011274128
0.98958606	0.0104139885
0.9979633	0.0020366693
0.005994869	0.99400514
0.0032701509	0.99672985
0.006460682	0.9935393
0.06363548	0.93636453
0.99291587	0.0070841485
0.9719676	0.028032456
0.99249274	0.0075072474
0.9983907	0.0016093857
0.99594206	0.0040579266
0.77851415	0.22148593
0.98547816	0.014521878
0.9771573	0.022842754
0.97141755	0.028582523
0.0072658346	0.9927342
0.002067259	0.9979328
0.99752265	0.0024773555
0.95383567	0.046164326
0.9983005	0.00169954
0.026780663	0.9732194
0.93894386	0.061056126
0.99226284	0.007737108
0.044065267	0.9559347
0.99474055	0.00525953
0.0050186636	0.99498135
0.9975091	0.0024909014
0.9929609	0.007039112
0.9984376	0.0015624283
0.97352827	0.026471734
0.9878669	0.012133113
0.050871875	0.94912815
0.9905331	0.009466897
0.9982436	0.0017564142
0.03626011	0.96373993
0.19407117	0.80592877
0.023449484	0.9765505
0.99344033	0.006559701
0.99657816	0.003421868
0.002139681	0.9978604
0.030464709	0.96953523
0.9828181	0.017181959
0.89400786	0.10599212
0.0026956156	0.9973043
0.9939078	0.0060922154
0.99432546	0.0056744716
0.9974222	0.00257784
0.0031092523	0.9968907
0.99810374	0.0018962829
0.9895341	0.010465914
0.016058581	0.9839414
0.056859523	0.94314045
0.0101618795	0.9898381
0.996521	0.0034789795
0.0040198043	0.99598014
0.9364144	0.06358557
0.0027776186	0.9972224
0.99831045	0.0016895368
0.99277776	0.0072221844
0.0061999667	0.9938
0.9481444	0.051855642
0.020967817	0.97903216
0.0068881046	0.99311197
0.009151405	0.99084854
0.005471962	0.994528
0.9079597	0.092040315
0.99742186	0.0025781535
0.94656944	0.053430524
0.9977617	0.0022382867
0.0029223834	0.9970776
0.09080325	0.90919673
0.996536	0.0034639665
0.9711128	0.028887192
0.99722195	0.0027780966
0.0024658567	0.99753416
0.048376158	0.95162386
0.9977062	0.00229385
0.0018204083	0.99817955
0.9977514	0.0022486013
0.0020371324	0.99796283
0.0024761066	0.99752384
0.33315778	0.6668422
0.99834895	0.0016510668
0.9984719	0.0015280537
0.9974559	0.0025441295
0.98896056	0.011039419
0.0032469356	0.99675304
0.90270895	0.09729106
0.024960415	0.9750396
0.004899169	0.9951008
0.9940162	0.0059838057
0.9980627	0.00193728
0.036653735	0.96334624
0.99378693	0.0062130545
0.85056967	0.14943032
0.9654898	0.034510177
0.021885721	0.97811425
0.0021756347	0.99782443
0.06440132	0.93559873
0.084785715	0.9152143
0.09512211	0.9048779
0.003723516	0.99627644
0.27516824	0.7248317
0.00862384	0.9913762
0.7192373	0.28076267
0.9360375	0.06396246
0.00689919	0.99310076
0.057165537	0.94283444
0.9924959	0.0075041363
0.0020258357	0.9979742
0.99542457	0.0045754584
0.00877564	0.99122435
0.03348816	0.9665119
0.0021178015	0.9978822
0.052138023	0.94786197
0.9984497	0.0015502977
0.002124288	0.9978757
0.0047583967	0.99524164
0.9974654	0.0025346675
0.002525863	0.99747413
0.031177774	0.9688222
0.9971282	0.002871871
0.002172646	0.99782735
0.9949083	0.0050917002
0.0076600662	0.99233997
0.9925155	0.007484544
0.0034525588	0.9965475
0.99753165	0.0024683692
0.011397522	0.98860246
0.008950619	0.9910494
0.0020858333	0.99791414
0.002596802	0.9974032
0.044188898	0.9558111
0.996123	0.0038769408
0.99702615	0.0029739242
0.9983708	0.0016292173
0.9941916	0.0058084494
0.19845797	0.80154204
0.9248564	0.075143516
0.99019253	0.009807465
0.0075962255	0.99240375
0.14464328	0.8553567
0.014211057	0.9857889
0.997349	0.0026509534
0.0031486363	0.9968514
0.030640204	0.9693598
0.002118139	0.9978818
0.99746007	0.0025399073
0.98123026	0.018769719
0.99683255	0.003167409
0.0025531966	0.9974468
0.026307566	0.9736925
0.04040469	0.9595954
0.0062226667	0.9937774
0.9981945	0.0018055094
0.30821574	0.69178426
0.0073171826	0.9926829
0.0020540527	0.99794596
0.996599	0.0034009388
0.010534899	0.9894651
0.08015047	0.9198495
0.9975852	0.0024148007
0.0023514961	0.99764854
0.9890196	0.010980448
0.0018738315	0.9981262
0.0074087977	0.99259126
0.9320571	0.06794288
0.9976146	0.0023854522
0.9525233	0.04747674
0.026413964	0.973586
0.01931878	0.98068124
0.0019395521	0.9980604
0.0029830276	0.997017
0.066453286	0.9335467
0.9835031	0.016496869
0.0030518956	0.99694806
0.99464107	0.005358887
0.9931738	0.0068261847
0.96868736	0.031312566
0.046784505	0.9532155
0.051377643	0.9486224
0.030469393	0.96953064
0.0023720043	0.99762803
0.011025216	0.9889748
0.002404814	0.99759513
0.9921916	0.0078083565
0.010784506	0.98921555
0.04463581	0.9553642
0.99483114	0.005168871
0.3965826	0.6034174
0.0018942561	0.99810576
0.21096201	0.78903794
0.9979716	0.00202845
0.0058672186	0.9941328
0.9815502	0.018449735
0.99439657	0.0056034005
0.004662902	0.995337
0.13587172	0.86412823
0.9910419	0.0089581
0.9946721	0.005327844
0.2201256	0.7798744
0.25184143	0.7481586
0.9960057	0.0039943457
0.9984149	0.0015851522
0.0021352211	0.9978648
0.0021960335	0.997804
0.9977841	0.002215895
0.0018161953	0.9981838
0.97388756	0.02611244
0.9322079	0.06779211
0.16258992	0.8374101
0.0018762649	0.9981237
0.0036258758	0.9963741
0.0024921931	0.9975078
0.009071992	0.990928
0.021719465	0.97828054
0.0020995613	0.9979005
0.07564858	0.9243514
0.9671423	0.032857686
0.024208104	0.97579193
0.033104043	0.966896
0.98908955	0.010910486
0.0018470541	0.9981529
0.996101	0.0038989875
0.99450135	0.005498674
0.002425717	0.99757427
0.20547688	0.79452306
0.99249226	0.0075077023
0.0059891464	0.99401087
0.002425124	0.99757487
0.99796474	0.002035247
0.9983714	0.0016285945
0.994341	0.0056589525
0.99836975	0.0016302725
0.99680257	0.003197408
0.031132702	0.9688673
0.11851736	0.8814826
0.3845738	0.61542624
0.99553853	0.0044614044
0.007024183	0.99297583
0.996018	0.0039820564
0.02303794	0.9769621
0.9907396	0.009260398
0.27443323	0.72556674
0.068319	0.93168104
0.0019975416	0.99800247
0.0035739255	0.99642605
0.004339138	0.99566084
0.0022633204	0.9977367
0.99696654	0.0030334364
0.99656075	0.0034392294
0.9942562	0.00574377
0.9975612	0.002438735
0.99846256	0.0015374501
0.110353224	0.8896468
0.016087923	0.98391205
0.99751925	0.0024807777
0.009968114	0.99003184
0.9980465	0.0019534791
0.99758255	0.0024174238
0.99844664	0.0015534075
0.9689126	0.03108742
0.30197197	0.698028
0.050130717	0.9498693
0.9978751	0.0021249682
0.84775573	0.15224431
0.0059996755	0.9940003
0.6461397	0.35386035
0.008001049	0.991999
0.9034096	0.09659039
0.03474294	0.96525705
0.992669	0.0073309527
0.002024332	0.99797565
0.013917586	0.98608243
0.9836723	0.016327742
0.0019928452	0.9980071
0.915759	0.08424094
0.99466974	0.005330286
0.9965321	0.0034678765
0.9963288	0.0036712445
0.01166588	0.98833406
0.87754333	0.122456625
0.003187372	0.99681264
0.0037775016	0.9962225
0.07727322	0.9227268
0.0038782968	0.9961217
0.0027967906	0.99720323
0.99500716	0.0049928455
0.9958275	0.0041724527
0.977562	0.022438
0.0021655795	0.9978344
0.058256544	0.94174343
0.0020825684	0.9979175
0.64524865	0.35475132
0.0023134265	0.9976866
0.0102963485	0.9897036
0.99738127	0.0026187107
0.039714776	0.9602852
0.99681926	0.0031807218
0.9974892	0.002510816
0.9954774	0.004522677
0.037074327	0.9629257
0.954032	0.04596803
0.0036948426	0.9963051
0.9705673	0.029432744
0.005139192	0.9948608
0.99549377	0.004506232
0.002888213	0.9971118
0.6821165	0.3178835
0.003031303	0.9969687
0.002006903	0.9979931
0.99728096	0.0027190268
0.34284922	0.6571508
0.99846363	0.0015364059
0.0055348207	0.9944652
0.87840986	0.12159007
0.0020598313	0.9979401
0.021751137	0.97824883
0.99360716	0.006392856
0.8180147	0.18198538
0.99394447	0.006055579
0.0027611153	0.9972389
0.9916762	0.00832378
0.013743172	0.9862568
0.006652818	0.99334717
0.001812563	0.9981875
0.043766532	0.9562335
0.90945095	0.09054906
0.027074026	0.972926
0.06576863	0.93423134
0.9978946	0.002105498
0.99644464	0.0035553507
0.012182857	0.9878171
0.9826506	0.017349418
0.99671304	0.0032869985
0.98815465	0.011845377
0.98445237	0.015547692
0.124284096	0.8757159
0.9713544	0.028645542
0.066652946	0.93334705
0.9984012	0.0015988355
0.017788019	0.982212
0.0022342114	0.9977658
0.05079771	0.94920224
0.98997515	0.010024827
0.21852228	0.7814777
0.012162102	0.9878379
0.6347922	0.3652078
0.0044410373	0.995559
0.01764015	0.98235977
0.010394857	0.9896052
0.0019823548	0.99801767
0.053148706	0.94685125
0.004551203	0.99544877
0.0040333513	0.9959667
0.99834716	0.0016528883
0.9959019	0.004098117
0.29206055	0.70793945
0.87133807	0.12866189
0.0021148662	0.99788517
0.9929415	0.007058466
0.033551853	0.9664482
0.0022151847	0.9977848
0.99725986	0.002740109
0.0076658456	0.9923341
0.034056634	0.9659434
0.9506719	0.04932814
0.9951148	0.004885225
0.9724744	0.027525611
0.0018787357	0.9981212
0.9958007	0.0041993177
0.9771687	0.022831364
0.9966018	0.0033981428
0.9950955	0.0049045165
0.994626	0.0053739487
0.013507625	0.98649234
0.9848995	0.01510048
0.02583006	0.97416997
0.99794835	0.002051669
0.03539043	0.9646096
0.99674076	0.0032591992
0.99835074	0.0016492844
0.007555249	0.9924447
0.98797995	0.012019995
0.026413867	0.97358614
0.076575354	0.9234246
0.989358	0.010642002
0.0028389182	0.99716115
0.99746037	0.0025396259
0.0076079173	0.9923921
0.07775859	0.9222414
0.9974026	0.002597348
0.9980515	0.0019484626
0.0072581233	0.9927418
0.9270984	0.07290156
0.009280491	0.9907195
0.99726945	0.0027305798
0.00265104	0.9973489
0.99516606	0.004833895
0.9979286	0.0020713331
0.99811685	0.0018831465
0.996985	0.0030150025
0.003443771	0.9965563
0.0020938264	0.9979062
0.997767	0.002233019
0.99805117	0.0019488808
0.998212	0.0017880065
0.0068736104	0.9931264
0.013115283	0.9868847
0.050547544	0.94945246
0.17188534	0.8281147
0.008328662	0.9916713
0.9973455	0.0026545324
0.0026393146	0.99736065
0.14980787	0.8501922
0.99685585	0.0031441194
0.09557563	0.9044243
0.010158043	0.989842
0.0020846494	0.9979153
0.005458358	0.9945417
0.99229175	0.0077083185
0.9905257	0.00947422
0.031176582	0.96882343
0.9934922	0.0065077986
0.0043166424	0.9956833
0.0035302825	0.99646974
0.9879138	0.0120862005
0.0063084043	0.99369156
0.018769337	0.9812307
0.9902534	0.009746616
0.99148	0.00852002
0.02130179	0.9786982
0.9957163	0.0042837188
0.0022753412	0.9977247
0.0027733105	0.99722666
0.0035247565	0.9964753
0.991377	0.008622972
0.010455895	0.98954415
0.9966145	0.0033854994
0.0042472202	0.9957528
0.99308044	0.0069196275
0.9974101	0.0025898556
0.99842596	0.0015740276
0.99780875	0.0021913075
0.9927079	0.0072921147
0.9716195	0.02838056
0.9979978	0.0020021955
0.9949458	0.0050541847
0.029747153	0.9702528
0.010153657	0.9898463
0.99835455	0.0016454345
0.01171017	0.98828983
0.0020047487	0.99799526
0.99741155	0.0025884937
0.002190758	0.99780923
0.3023498	0.69765025
0.87173027	0.12826973
0.0029980424	0.99700195
0.16262226	0.8373777
0.99651414	0.0034858547
0.9958134	0.004186596
0.0038236517	0.99617636
0.9919205	0.008079521
0.0060467576	0.9939533
0.016098153	0.9839018
0.9952743	0.004725706
0.04060669	0.9593933
0.0029476546	0.9970523
0.9983347	0.0016653094
0.18697819	0.81302184
0.99068856	0.009311434
0.0020392004	0.9979608
0.9536894	0.046310574
0.0034397233	0.9965603
0.99429506	0.0057048793
0.0031074819	0.9968925
0.9962998	0.0037002391
0.99847823	0.0015217998
0.9969861	0.0030139692
0.0027302445	0.9972697
0.99802965	0.0019703836
0.05235482	0.9476451
0.992188	0.0078120297
0.9967719	0.0032281044
0.9977496	0.0022503394
0.21935885	0.78064114
0.98541117	0.0145888
0.012828487	0.9871715
0.99313146	0.0068685547
0.02563242	0.97436756
0.004111239	0.99588877
0.98996615	0.010033822
0.99666566	0.003334326
0.17548355	0.8245164
0.0794259	0.92057407
0.99839777	0.0016022499
0.0020833563	0.99791664
0.0022479552	0.997752
0.7450138	0.25498623
0.9957612	0.0042388067
0.01628079	0.9837193
0.0027124973	0.9972875
0.0066279005	0.9933721
0.0031361638	0.99686384
0.0019868077	0.99801314
0.9984843	0.001515678
0.020148434	0.97985154
0.002828656	0.99717134
0.99449253	0.005507519
0.9939885	0.0060114744
0.0019473825	0.9980526
0.0038857425	0.99611425
0.017687129	0.98231286
0.0026467808	0.9973532
0.9984426	0.0015574509
0.013987083	0.9860129
0.0020219407	0.99797803
0.020117115	0.9798829
0.07886469	0.9211353
0.05548492	0.9445151
0.0053616734	0.9946384
0.9961683	0.0038317116
0.99325514	0.006744833
0.96876734	0.031232605
0.9930655	0.0069344463
0.008130759	0.9918692
0.99028	0.009719988
0.0033958536	0.9966041
0.014532792	0.9854672
0.009117181	0.9908828
0.03316209	0.96683794
0.9957195	0.0042805313
0.8836765	0.11632343
0.014537191	0.9854628
0.99536246	0.0046375697
0.96044254	0.03955749
0.0020264776	0.9979735
0.9960996	0.0039004362
0.9888553	0.011144654
0.008202963	0.991797
0.0073613366	0.9926387
0.004211403	0.99578863
0.032341823	0.9676581
0.076633535	0.9233665
0.99197024	0.008029779
0.99848145	0.0015186021
0.9978655	0.0021345213
0.99274385	0.0072561596
0.007333052	0.9926669
0.04406414	0.9559359
0.8355662	0.16443376
0.0022042277	0.9977958
0.98942685	0.010573218
0.004988521	0.99501145
0.0024080283	0.997592
0.14463805	0.85536194
0.99766797	0.0023320052
0.0023474232	0.9976526
0.0064807674	0.99351925
0.9866627	0.013337366
0.9965597	0.0034403445
0.9946584	0.005341596
0.0023695775	0.99763036
0.997131	0.0028689257
0.997995	0.0020050462
0.12264988	0.87735015
0.9978668	0.0021332116
0.9983759	0.0016240692
0.9977259	0.0022740813
0.9886857	0.011314298
0.0024595957	0.9975405
0.009509745	0.9904903
0.9881528	0.011847173
0.9978473	0.0021527389
0.095145576	0.9048545
0.023615109	0.9763849
0.002210573	0.9977894
0.0022875115	0.9977125
0.9829413	0.017058631
0.0050078887	0.9949921
0.032263048	0.96773696
0.9984231	0.0015768942
0.052057788	0.9479422
0.13723387	0.86276615
0.005306282	0.9946937
0.9937935	0.00620644
0.0019806628	0.99801934
0.99707663	0.0029233927
0.035124917	0.96487516
0.9875064	0.012493587
0.003433573	0.9965664
0.9984876	0.0015123434
0.25293893	0.747061
0.008365222	0.9916347
0.9982236	0.0017763848
0.016053157	0.9839468
0.99375993	0.0062400973
0.0036211207	0.99637884
0.9983872	0.0016128571
0.045254745	0.9547453
0.89407915	0.105920866
0.99849594	0.0015040475
0.9978806	0.0021194878
0.24941361	0.7505864
0.99554706	0.0044528903
0.9975362	0.0024638483
0.7061683	0.2938317
0.0021908237	0.99780923
0.033164565	0.9668354
0.0020416528	0.9979583
0.027646294	0.9723537
0.0024785735	0.99752146
0.992859	0.007141031
0.9936684	0.006331597
0.99818975	0.0018102056
0.97016037	0.029839655
0.04196778	0.95803225
0.9971644	0.0028355967
0.001849297	0.99815065
0.0021132908	0.9978867
0.05463882	0.9453612
0.9977029	0.0022970678
0.001990997	0.998009
0.9913216	0.008678402
0.023008537	0.9769915
0.9967975	0.003202506
0.0019596666	0.9980404
0.9905185	0.009481538
0.9760572	0.023942808
0.009217353	0.9907827
0.98321944	0.016780565
0.013107126	0.9868929
0.99260724	0.0073927613
0.9711926	0.028807415
0.9662714	0.03372853
0.036697116	0.96330285
0.002732957	0.997267
0.0036141668	0.9963858
0.0075637563	0.99243623
0.005502759	0.99449724
0.9763006	0.023699366
0.0040775025	0.99592245
0.28655237	0.71344763
0.04724059	0.9527594
0.0046216566	0.9953784
0.95267856	0.047321506
0.0055067954	0.99449325
0.9968887	0.003111267
0.9984407	0.0015593406
0.0024820438	0.99751794
0.9963236	0.0036764892
0.99721473	0.0027853027
0.044059653	0.95594037
0.99061793	0.009382135
0.0018593452	0.9981407
0.99846715	0.001532776
0.9966229	0.0033770374
0.05849545	0.9415046
0.0019917572	0.9980083
0.9937198	0.0062802415
0.9952872	0.0047127656
0.005389156	0.9946109
0.9983883	0.0016116857
0.058304265	0.94169575
0.0051382896	0.99486166
0.99162173	0.008378315
0.9618428	0.03815725
0.0155918775	0.9844081
0.9651707	0.034829333
0.04941203	0.950588
0.9959644	0.004035593
0.0019205093	0.99807954
0.0018947256	0.9981053
0.007859833	0.99214023
0.07253721	0.9274628
0.03361695	0.96638304
0.9799382	0.020061783
0.05066489	0.9493351
0.11794943	0.8820506
0.98488253	0.015117461
0.9945294	0.0054706316
0.99087876	0.00912124
0.9862984	0.013701574
0.0105801085	0.98941994
0.9975904	0.0024096211
0.241578	0.75842196
0.99755317	0.0024469064
0.99703133	0.002968669
0.9856493	0.014350647
0.003565387	0.99643457
0.83571124	0.16428877
0.93521684	0.064783104
0.9912476	0.008752435
0.030051243	0.96994877
0.120323494	0.8796766
0.9375383	0.0624617
0.99669075	0.0033091905
0.0026862158	0.9973138
0.994882	0.005117995
0.034915123	0.96508485
0.9971711	0.0028288723
0.9931344	0.0068656076
0.002201576	0.9977984
0.43804774	0.5619523
0.9969127	0.0030872903
0.9981633	0.0018367716
0.99627763	0.003722391
0.9919016	0.00809846
0.98633456	0.013665394
0.99675626	0.0032436794
0.8785082	0.121491775
0.89564484	0.104355134
0.0025163598	0.9974837
0.10478761	0.89521235
0.11550494	0.8844951
0.9970805	0.002919509
0.9948953	0.005104654
0.997766	0.002234031
0.0022075837	0.99779236
0.985601	0.0143989585
0.0023442917	0.99765563
0.9970487	0.002951375
0.87008476	0.12991521
0.997993	0.00200705
0.98323536	0.016764633
0.0043049664	0.995695
0.99283713	0.007162863
0.0030076297	0.99699235
0.0075274906	0.9924725
0.014888156	0.9851119
0.99706334	0.0029366615
0.010247296	0.98975265
0.08086606	0.9191339
0.9983633	0.0016366567
0.03933973	0.9606602
0.0018241553	0.99817586
0.011953156	0.9880469
0.007162253	0.9928377
0.99478227	0.0052176747
0.99561006	0.0043899748
0.9984295	0.0015704893
0.9977297	0.0022702774
0.48190796	0.51809204
0.99809796	0.0019020749
0.9950126	0.0049874303
0.01507393	0.98492604
0.9984515	0.001548523
0.75167143	0.24832854
0.008121474	0.9918785
0.0019455001	0.9980545
0.9981975	0.0018025468
0.010738779	0.98926127
0.93463904	0.06536089
0.022187615	0.97781235
0.99123585	0.008764109
0.61679834	0.3832017
0.004853173	0.9951468
0.027032807	0.9729672
0.9982014	0.0017985804
0.9958075	0.004192472
0.0020941014	0.99790597
0.0025743183	0.9974256
0.99724764	0.0027523637
0.99667907	0.003320982
0.001950215	0.99804974
0.009236564	0.9907635
0.0021837906	0.9978162
0.9580526	0.041947342
0.83000743	0.1699926
0.0021350475	0.997865
0.99801093	0.0019891295
0.004164772	0.9958352
0.06700852	0.9329915
0.96870214	0.031297877
0.99752575	0.0024742854
0.9983327	0.0016673146
0.0022688424	0.99773115
0.004858496	0.9951415
0.00256392	0.9974361
0.83904856	0.16095138
0.0018889083	0.9981111
0.67401505	0.32598493
0.039961636	0.96003836
0.006653861	0.9933461
0.0021449449	0.997855
0.83618766	0.1638123
0.021597076	0.97840285
0.98516047	0.01483956
0.01084209	0.9891579
0.015749576	0.9842504
0.9960294	0.0039706687
0.9915822	0.0084178
0.9830921	0.016907874
0.083696656	0.9163034
0.9961888	0.0038112595
0.008061175	0.99193877
0.97398484	0.026015192
0.9077607	0.09223932
0.99220806	0.007791934
0.9831707	0.016829364
0.0031019654	0.99689806
0.113224745	0.8867752
0.0017500218	0.99824995
0.9971949	0.0028050856
0.9978104	0.0021896171
0.99849033	0.0015096664
0.8253182	0.1746818
0.99771345	0.002286542
0.9983222	0.0016777647
0.99417806	0.005821963
0.989254	0.010746004
0.0030510253	0.996949
0.11219522	0.88780475
0.98558444	0.01441552
0.0036157195	0.99638426
0.002642625	0.9973573
0.0038605754	0.99613947
0.99779797	0.0022020347
0.9977755	0.0022245487
0.005444638	0.99455535
0.8906993	0.109300636
0.084599376	0.9154006
0.99825686	0.0017431413
0.70109963	0.29890034
0.027374012	0.972626
0.0023836007	0.9976164
0.9762631	0.023736883
0.08556691	0.9144331
0.9980519	0.0019481733
0.9982874	0.0017126047
0.009845983	0.9901541
0.40929958	0.59070045
0.9900559	0.009944152
0.0020892106	0.9979108
0.9937975	0.006202529
0.0021113388	0.9978886
0.04336046	0.9566396
0.09690479	0.90309525
0.074777566	0.92522246
0.99178654	0.008213461
0.9953524	0.004647666
0.99849164	0.001508305
0.9901696	0.009830375
0.99720997	0.0027900005
0.0072545586	0.99274546
0.9939964	0.0060036243
0.98854256	0.011457405
0.0018584755	0.9981415
0.9941801	0.005819993
0.002741037	0.9972589
0.06496638	0.93503356
0.027503628	0.9724964
0.0018832593	0.99811673
0.0021066333	0.9978934
0.9881804	0.01181963
0.0023601626	0.9976399
0.02004021	0.97995985
0.9983298	0.0016701372
0.9913713	0.008628742
0.99841833	0.0015816303
0.022817388	0.9771827
0.022443837	0.97755617
0.9960614	0.0039386367
0.014117162	0.9858828
0.0031937775	0.99680626
0.9962134	0.0037865797
0.9977718	0.0022281543
0.03898157	0.96101844
0.9922805	0.0077195643
0.02330456	0.9766955
0.002057539	0.9979425
0.0019440841	0.99805593
0.0020241567	0.9979759
0.0021423448	0.99785763
0.9979352	0.0020648441
0.9942017	0.0057982034
0.98892844	0.011071586
0.97334087	0.026659139
0.08569541	0.9143047
0.0019616324	0.99803835
0.9975102	0.0024897617
0.1699796	0.8300204
0.9749492	0.025050813
0.7845512	0.21544881
0.99722725	0.0027727
0.003121149	0.99687886
0.07858224	0.9214177
0.0040767184	0.9959233
0.0026780474	0.997322
0.001911128	0.9980889
0.002609383	0.9973907
0.068576284	0.9314237
0.9971521	0.002847857
0.002882596	0.9971174
0.994472	0.0055279485
0.09962209	0.90037787
0.021064477	0.9789355
0.011846001	0.988154
0.01479886	0.9852011
0.9888243	0.011175638
0.99058014	0.009419857
0.99740785	0.0025921823
0.9931677	0.0068323626
0.9297775	0.07022244
0.046094246	0.95390576
0.7478497	0.25215024
0.06848059	0.9315194
0.020195011	0.97980493
0.99852496	0.0014750619
0.034184646	0.9658154
0.0020597726	0.99794024
0.9449921	0.05500784
0.0028338847	0.9971661
0.0032207172	0.99677926
0.004068277	0.9959317
0.9975923	0.0024077422
0.9954041	0.0045959074
0.8607819	0.13921806
0.9854916	0.014508448
0.003350194	0.9966498
0.0037864826	0.9962135
0.012195604	0.9878044
0.017225446	0.98277456
0.0067202253	0.99327976
0.9937236	0.006276457
0.99501884	0.0049811923
0.9964539	0.003546107
0.9983935	0.0016064506
0.99611986	0.0038801874
0.017403636	0.9825964
0.29477322	0.7052267
0.099184714	0.90081525
0.9985164	0.0014836044
0.0048276777	0.9951723
0.0042317663	0.9957683
0.0028594432	0.9971405
0.00281655	0.9971834
0.004547946	0.9954521
0.12192023	0.8780798
0.995833	0.004166996
0.006303275	0.99369675
0.9942806	0.005719373
0.99840194	0.0015980394
0.9976768	0.002323222
0.04453041	0.95546955
0.99590474	0.004095253
0.32801157	0.6719884
0.052097745	0.94790226
0.16194953	0.8380505
0.9918262	0.008173866
0.8976441	0.10235588
0.99715143	0.0028486373
0.9980527	0.0019472778
0.9982627	0.0017373478
0.0060286033	0.9939714
0.99634284	0.003657114
0.98940957	0.010590445
0.044627286	0.9553727
0.9870025	0.012997537
0.98313737	0.016862564
0.056274265	0.9437257
0.99591523	0.004084738
0.0042154277	0.9957846
0.0021893024	0.9978108
0.9983955	0.0016044253
0.9954502	0.0045498163
0.052410565	0.9475894
0.005516482	0.99448353
0.94297093	0.0570291
0.9808936	0.019106396
0.027765613	0.9722343
0.17109741	0.82890254
0.00218824	0.99781173
0.009116131	0.9908839
0.0038312203	0.9961688
0.0021852541	0.9978148
0.004300995	0.99569905
0.0049850973	0.99501485
0.9891143	0.010885664
0.08065601	0.91934407
0.003945253	0.99605477
0.0022338375	0.99776614
0.0045925817	0.9954074
0.995097	0.0049030418
0.0030107256	0.9969893
0.0023560245	0.997644
0.98715496	0.012845045
0.14552526	0.8544748
0.99768186	0.0023180863
0.04497033	0.95502967
0.06821161	0.93178844
0.0024860837	0.9975139
0.92011523	0.079884745
0.008202846	0.9917971
0.9944477	0.005552344
0.98274577	0.017254166
0.9895834	0.010416677
0.086198695	0.91380125
0.51349944	0.48650053
0.0019023762	0.9980976
0.81026554	0.18973447
0.01178145	0.98821855
0.0065599536	0.9934401
0.030185036	0.969815
0.9775984	0.02240153
0.0056361337	0.9943639
0.0020190717	0.997981
0.023661576	0.97633845
0.007903709	0.9920963
0.003088221	0.9969118
0.025544614	0.9744554
0.00250292	0.997497
0.0020603803	0.99793965
0.07092664	0.92907333
0.9969111	0.0030889548
0.033839796	0.96616024
0.9944502	0.0055498434
0.001882831	0.9981172
0.98998696	0.010012994
0.7773268	0.22267315
0.0038655018	0.9961345
0.9407276	0.059272412
0.005319336	0.9946807
0.013849508	0.98615044
0.88112074	0.11887929
0.99744236	0.0025576854
0.0024829756	0.997517
0.021902012	0.9780979
0.03523223	0.9647678
0.16388424	0.8361158
0.0037503934	0.9962496
0.98070735	0.019292584
0.99342597	0.006574067
0.9971644	0.0028355184
0.6972055	0.30279458
0.002478933	0.9975211
0.0019475272	0.9980525
0.8861044	0.11389558
0.99294513	0.007054898
0.003153234	0.99684674
0.0052197985	0.9947802
0.002086395	0.99791354
0.9984819	0.0015180685
0.9918126	0.008187454
0.010596602	0.98940337
0.0021280746	0.9978719
0.9842907	0.015709206
0.012304169	0.9876958
0.9534246	0.04657545
0.0028616292	0.9971384
0.99588287	0.0041171983
0.120463684	0.8795363
0.98984176	0.01015824
0.0023949372	0.9976051
0.9973683	0.002631749
0.99129325	0.008706774
0.7323315	0.2676685
0.0047307867	0.99526924
0.0049926816	0.9950073
0.99743336	0.0025666847
0.94721895	0.052781027
0.1011413	0.8988587
0.99800605	0.001993923
0.013846801	0.98615324
0.0018610725	0.9981389
0.017618801	0.98238117
0.06318837	0.9368117
0.042821884	0.9571782
0.99512213	0.004877854
0.0024345303	0.9975655
0.0024957352	0.9975043
0.06438043	0.9356196
0.0019691903	0.99803084
0.008012668	0.99198735
0.0035673056	0.99643266
0.96225125	0.037748806
0.9965192	0.0034808465
0.0025484338	0.9974516
0.093646795	0.90635324
0.99786216	0.002137794
0.9983491	0.0016508978
0.9950958	0.004904181
0.9959473	0.0040526823
0.9901224	0.009877654
0.13076907	0.8692309
0.99110854	0.008891503
0.9773297	0.022670371
0.031162238	0.96883774
0.6126255	0.38737455
0.022653848	0.9773462
0.99772483	0.002275142
0.9983942	0.0016057517
0.9052679	0.09473207
0.98398757	0.016012399
0.9957159	0.004284081
0.0018814238	0.9981186
0.9979804	0.0020196433
0.0018605721	0.9981394
0.0023360783	0.997664
0.14303572	0.85696423
0.9872175	0.012782483
0.022935627	0.97706443
0.82635695	0.17364302
0.09542514	0.90457493
0.023129944	0.97687006
0.9965322	0.0034677908
0.9975612	0.0024387245
0.99711835	0.0028817016
0.0808683	0.9191317
0.995904	0.004096004
0.9265446	0.07345536
0.07685392	0.92314607
0.020328276	0.9796718
0.98516244	0.014837523
0.0020254883	0.99797446
0.99674535	0.0032546069
0.048401587	0.95159835
0.002021596	0.9979784
0.99312216	0.00687785
0.9945294	0.005470603
0.016945612	0.98305446
0.98796695	0.012033048
0.9984627	0.0015373402
0.9983014	0.0016985962
0.015455767	0.9845442
0.0022649644	0.997735
0.0063836705	0.99361634
0.99533254	0.0046674414
0.024578996	0.975421
0.015138232	0.98486173
0.9974679	0.0025321348
0.054837335	0.94516265
0.020743594	0.9792564
0.9972927	0.0027072395
0.99739516	0.002604887
0.00824916	0.9917508
0.9971334	0.0028665655
0.99737513	0.0026248766
0.08403	0.91596997
0.99634594	0.003654073
0.9971597	0.0028402437
0.0029707132	0.9970293
0.008269315	0.99173075
0.011152918	0.988847
0.9981578	0.0018421708
0.9977724	0.0022275797
0.98924947	0.010750522
0.0023275258	0.9976725
0.9984364	0.0015636294
0.98574114	0.014258854
0.99653983	0.0034602536
0.9983816	0.0016183386
0.014565027	0.985435
0.002672866	0.9973271
0.97857463	0.021425303
0.07686682	0.9231332
0.99070555	0.009294505
0.0017670172	0.99823296
0.002171213	0.9978288
0.9739126	0.02608747
0.9984787	0.0015212513
0.002049356	0.9979506
0.105594106	0.8944059
0.004781626	0.99521834
0.9889204	0.011079655
0.019975018	0.980025
0.99793756	0.002062503
0.05926595	0.940734
0.99638927	0.0036107788
0.99707305	0.0029269196
0.0021983918	0.9978016
0.040005326	0.9599947
0.9938864	0.006113639
0.22204436	0.77795565
0.03894661	0.9610534
0.0021153996	0.9978846
0.9707345	0.029265458
0.016293747	0.98370624
0.035726175	0.96427387
0.8319751	0.16802485
0.05125317	0.94874686
0.01873617	0.9812639
0.002073484	0.9979265
0.96435946	0.035640575
0.91667527	0.08332475
0.024670117	0.97532994
0.0022708208	0.99772924
0.0035256068	0.9964743
0.014987989	0.98501205
0.056197006	0.943803
0.99814665	0.0018533805
0.002219998	0.99778
0.9976338	0.00236618
0.98203343	0.017966596
0.9909429	0.009057069
0.97174495	0.028255014
0.95676744	0.04323259
0.9968141	0.00318591
0.9911307	0.0088693015
0.003525423	0.99647456
0.99801874	0.001981271
0.9959863	0.004013639
0.008650997	0.99134904
0.99589145	0.0041085184
0.0020559416	0.99794406
0.8688008	0.13119924
0.99213386	0.0078661125
0.0025928677	0.99740714
0.027264839	0.9727351
0.001963379	0.9980367
0.004980166	0.9950198
0.001955369	0.9980446
0.008193867	0.99180615
0.05880568	0.9411943
0.45680195	0.543198
0.9666871	0.033312924
0.9979857	0.0020142586
0.9982327	0.0017672998
0.9945433	0.00545672
0.0019915863	0.99800843
0.03728715	0.9627128
0.014927046	0.9850729
0.99254143	0.0074584894
0.016069721	0.9839303
0.9823033	0.017696641
0.9969891	0.0030109573
0.0033188357	0.99668115
0.99775726	0.002242802
0.9900662	0.00993382
0.005219022	0.99478096
0.98813987	0.011860092
0.0036109812	0.99638903
0.9976221	0.00237797
0.9978714	0.0021285352
0.99841785	0.0015821417
0.9924805	0.0075194864
0.9984326	0.0015674441
0.07406622	0.9259338
0.9961928	0.003807126
0.0019723622	0.9980276
0.9839378	0.016062243
0.99472624	0.0052737137
0.0018721037	0.9981279
0.99727553	0.0027244692
0.21890628	0.7810937
0.9901211	0.009878947
0.29446813	0.70553184
0.0029635162	0.99703646
0.009242968	0.99075705
0.060279295	0.93972075
0.011564208	0.98843575
0.9590339	0.04096608
0.83035696	0.16964303
0.008532108	0.99146795
0.9974299	0.002570093
0.99679476	0.0032052533
0.99841845	0.0015815987
0.9837594	0.0162406
0.0017088196	0.9982912
0.99563015	0.0043699234
0.0020462	0.9979538
0.9982932	0.0017067638
0.111232035	0.88876796
0.09443518	0.9055648
0.9838696	0.016130343
0.9602306	0.039769392
0.99697804	0.0030219837
0.9983728	0.001627157
0.003091643	0.99690837
0.65343773	0.34656227
0.9763796	0.023620382
0.002396936	0.9976031
0.14984237	0.8501576
0.0026460974	0.9973539
0.0020274404	0.99797255
0.9775784	0.022421604
0.15908688	0.8409131
0.016148878	0.98385113
0.08216494	0.9178351
0.99268264	0.007317359
0.99664515	0.0033547857
0.9784671	0.021532938
0.0024074188	0.9975925
0.9946514	0.005348705
0.9960687	0.0039312826
0.9870432	0.012956818
0.0026980888	0.99730194
0.0019925532	0.9980075
0.9853592	0.014640883
0.019118685	0.98088133
0.10162281	0.89837724
0.029806264	0.9701937
0.0018881047	0.99811184
0.9977646	0.002235434
0.01106059	0.98893934
0.0044516115	0.99554837
0.99848145	0.0015186209
0.0018721492	0.9981279
0.9810198	0.018980201
0.026316848	0.9736831
0.9978842	0.0021157921
0.99745625	0.002543735
0.06935829	0.9306417
0.9661541	0.033845857
0.9919287	0.00807134
0.9977016	0.0022984233
0.00206955	0.9979304
0.99730563	0.0026943625
0.9978637	0.002136283
0.02877719	0.9712228
0.99701834	0.0029817186
0.0022430932	0.9977569
0.0027968648	0.9972031
0.9368138	0.06318627
0.9981116	0.0018883896
0.9955596	0.004440383
0.99739754	0.0026024128
0.9898532	0.010146768
0.002105959	0.9978941
0.99561787	0.004382208
0.0052940645	0.994706
0.99462986	0.005370125
0.32111648	0.67888355
0.9969338	0.0030661821
0.1278959	0.8721041
0.003081865	0.9969182
0.06448553	0.9355145
0.99798536	0.00201467
0.023111511	0.9768885
0.99844813	0.0015518804
0.053368483	0.9466315
0.9302486	0.06975141
0.0071554817	0.9928445
0.9964552	0.0035448712
0.0021590525	0.9978409
0.00448769	0.9955123
0.9970196	0.0029803524
0.9978796	0.0021203998
0.13675137	0.8632486
0.9921847	0.007815275
0.9951062	0.0048937676
0.22259763	0.7774024
0.002114989	0.99788505
0.0565313	0.94346875
0.8934965	0.10650347
0.006584773	0.99341524
0.0051028263	0.9948972
0.9984255	0.0015745801
0.99756396	0.002436086
0.007916881	0.9920831
0.015274992	0.98472494
0.032496765	0.96750325
0.99627656	0.00372347
0.019930935	0.98006904
0.03300641	0.9669935
0.9983374	0.00166259
0.98681706	0.013182936
0.9864785	0.0135214785
0.001818072	0.99818194
0.0024387885	0.9975612
0.9852406	0.014759416
0.059338618	0.9406613
0.9860234	0.013976632
0.8707155	0.12928453
0.9895159	0.010484079
0.006035584	0.9939644
0.07574721	0.9242528
0.99744993	0.002550056
0.030059358	0.9699406
0.9911828	0.008817154
0.99790573	0.0020942409
0.0075963843	0.9924036
0.0034868324	0.9965132
0.98119926	0.018800696
0.97459793	0.025402043
0.038821004	0.961179
0.99205834	0.007941675
0.021604143	0.9783959
0.9916928	0.00830723
0.0020236755	0.99797636
0.9908092	0.009190758
0.03885954	0.96114045
0.04028076	0.9597192
0.9897947	0.010205297
0.84436053	0.15563944
0.019328592	0.98067135
0.0053309505	0.994669
0.99707484	0.0029251224
0.012101754	0.9878983
0.0019023329	0.9980977
0.006581137	0.9934189
0.006367579	0.9936325
0.0024729748	0.99752706
0.9938881	0.0061119385
0.0079817325	0.9920183
0.994679	0.0053210966
0.9953054	0.004694585
0.057296723	0.94270325
0.007976645	0.99202335
0.9955237	0.004476316
0.0024582993	0.99754167
0.03823476	0.9617653
0.048649594	0.9513504
0.16039078	0.8396092
0.005461142	0.99453884
0.9960945	0.003905422
0.10401974	0.89598024
0.98808426	0.011915751
0.99289423	0.0071057747
0.9975038	0.0024961603
0.0020276043	0.9979724
0.0031906397	0.9968093
0.012818993	0.987181
0.016589358	0.98341066
0.9983463	0.0016536721
0.08417862	0.9158214
0.013573399	0.9864266
0.014969991	0.98503
0.979123	0.020876948
0.002705947	0.997294
0.008429196	0.99157083
0.98542714	0.014572851
0.9937589	0.006241061
0.9962316	0.0037683789
0.99692875	0.0030712439
0.9970041	0.0029959537
0.029154824	0.97084516
0.012089365	0.9879106
0.019277195	0.98072284
0.0044993027	0.99550074
0.8949225	0.10507751
0.004510542	0.9954894
0.021496959	0.97850305
0.0034430067	0.996557
0.99007446	0.009925523
0.039604865	0.96039516
0.9964012	0.0035987622
0.0023158444	0.9976841
0.0022192567	0.99778074
0.9953751	0.0046249526
0.0028391448	0.9971609
0.010112969	0.98988706
0.0031937566	0.99680626
0.010062015	0.989938
0.99825853	0.0017414278
0.08191418	0.9180858
0.995895	0.0041050278
0.041918304	0.9580817
0.9973465	0.002653428
0.0069522075	0.9930478
0.012822234	0.9871777
0.0036274528	0.9963726
0.99840087	0.0015991117
0.0046707345	0.99532926
0.36337227	0.63662773
0.94120085	0.0587991
0.99699235	0.0030075896
0.002268877	0.99773115
0.98971355	0.010286496
0.004104396	0.9958956
0.9962637	0.003736366
0.019180743	0.9808193
0.9982796	0.0017204381
0.9941484	0.005851666
0.9984043	0.0015957094
0.93140274	0.06859727
0.9983676	0.0016323802
0.078430675	0.92156935
0.0019828915	0.9980171
0.9976865	0.0023135385
0.99451244	0.0054875487
0.0031046886	0.9968953
0.26469314	0.73530686
0.59502107	0.4049789
0.0019480351	0.998052
0.0020344579	0.9979656
0.0024634544	0.99753654
0.004802525	0.9951975
0.99492705	0.005072922
0.0028055443	0.9971944
0.99408	0.00591991
0.0020612364	0.9979387
0.9855554	0.01444456
0.4076495	0.59235054
0.9963971	0.0036029953
0.9982703	0.001729667
0.9765916	0.023408474
0.9973091	0.0026908754
0.030311408	0.96968853
0.044648416	0.9553516
0.08605813	0.91394186
0.9959078	0.0040921816
0.9945426	0.005457403
0.0034812863	0.99651873
0.6173767	0.38262329
0.9973061	0.0026939244
0.0017756663	0.9982243
0.8991709	0.10082913
0.014449319	0.98555064
0.002637475	0.99736255
0.9766184	0.023381568
0.0017912801	0.99820876
0.9944646	0.0055353954
0.121358216	0.8786417
0.0021182823	0.9978817
0.98710966	0.012890307
0.019448828	0.9805511
0.02362969	0.97637033
0.9984763	0.0015236643
0.007543824	0.9924562
0.98377025	0.016229732
0.11636417	0.8836359
0.0020864238	0.99791354
0.0078023337	0.9921977
0.0041753086	0.9958247
0.03554221	0.9644578
0.012025805	0.98797417
0.9855224	0.014477581
0.06136307	0.93863696
0.0021141195	0.9978859
0.0025997357	0.9974003
0.9952596	0.0047404394
0.010837968	0.98916197
0.02367074	0.9763292
0.99483645	0.0051635355
0.98863435	0.011365636
0.99731797	0.002682035
0.0120578855	0.98794216
0.21192373	0.7880762
0.04463487	0.95536506
0.99551743	0.004482636
0.008528882	0.9914711
0.011475676	0.9885244
0.9978636	0.0021364477
0.97970104	0.02029898
0.0066208094	0.9933791
0.027093614	0.9729064
0.99729484	0.00270517
0.013819642	0.98618037
0.0019438297	0.9980562
0.97267467	0.027325315
0.0022083647	0.99779165
0.0024685005	0.9975314
0.03264442	0.9673556
0.9982596	0.0017404062
0.0064257975	0.9935742
0.008257025	0.9917429
0.98072505	0.019274991
0.99395883	0.0060411682
0.9980939	0.0019061075
0.0019037784	0.99809617
0.9979638	0.002036266
0.99804723	0.0019527765
0.013691784	0.9863083
0.14697315	0.85302687
0.09952563	0.9004744
0.99041545	0.009584543
0.0042068334	0.9957931
0.04178844	0.9582115
0.98761195	0.012388102
0.99701655	0.0029834954
0.99586666	0.004133374
0.9980623	0.0019377051
0.0018991244	0.99810094
0.001958947	0.9980411
0.9982146	0.0017854722
0.0019941735	0.9980058
0.02859068	0.9714093
0.9984126	0.0015873489
0.0034632587	0.99653673
0.014257954	0.9857421
0.0022911092	0.9977089
0.0019020513	0.99809796
0.9942417	0.005758333
0.9954255	0.004574507
0.110839725	0.8891602
0.0028820974	0.9971179
0.011048595	0.9889514
0.9897842	0.010215792
0.78466773	0.21533227
0.9975695	0.002430478
0.01263623	0.98736376
0.028332787	0.97166723
0.9854659	0.014534104
0.0018473124	0.9981527
0.9982868	0.0017132342
0.9902946	0.00970548
0.03468484	0.96531516
0.9955076	0.004492349
0.0020251966	0.9979748
0.0029818716	0.9970181
0.9825851	0.0174149
0.003682282	0.99631774
0.9938083	0.006191628
0.99416685	0.005833143
0.99538416	0.004615794
0.9955751	0.0044249003
0.0048894132	0.9951106
0.05763491	0.9423651
0.9426817	0.057318293
0.038420755	0.96157926
0.9963037	0.003696367
0.014282498	0.98571754
0.98809	0.011910015
0.0020371685	0.99796283
0.84125745	0.15874252
0.9958079	0.0041921297
0.99828917	0.0017107811
0.9780963	0.021903649
0.99733305	0.0026669288
0.0018610983	0.9981389
0.99165326	0.00834672
0.002071929	0.997928
0.97606236	0.023937589
0.9924408	0.00755919
0.009278011	0.99072206
0.9978369	0.002163135
0.35678792	0.643212
0.0019441064	0.99805593
0.9942458	0.0057542366
0.7733898	0.2266102
0.009176925	0.99082303
0.14297312	0.8570269
0.0068169325	0.9931831
0.99534506	0.0046549817
0.002029256	0.99797076
0.4599877	0.5400123
0.19145502	0.808545
0.9963671	0.0036328526
0.3273209	0.67267907
0.002936773	0.9970632
0.08079277	0.9192072
0.9982256	0.0017744226
0.0033569932	0.99664307
0.004653579	0.99534637
0.003184269	0.99681574
0.28901252	0.7109875
0.9960288	0.0039712153
0.001756309	0.9982437
0.9984524	0.001547592
0.99499387	0.005006207
0.0022052892	0.99779475
0.0050028255	0.99499714
0.002360176	0.9976399
0.008797526	0.9912025
0.9974819	0.0025181908
0.9978809	0.0021191393
0.0018914965	0.9981085
0.08893041	0.91106963
0.0023870377	0.99761295
0.9789975	0.021002494
0.9922609	0.0077391407
0.9984036	0.0015963734
0.02913951	0.9708604
0.099323474	0.9006765
0.0033721256	0.99662787
0.74697334	0.2530266
0.0047599464	0.9952401
0.037961535	0.96203846
0.0019121022	0.9980878
0.99374723	0.0062527144
0.0026640818	0.99733585
0.9082109	0.09178918
0.9978243	0.0021756822
0.015980262	0.98401976
0.9962012	0.0037988077
0.9838622	0.016137775
0.9968539	0.003146108
0.014101423	0.9858986
0.9961029	0.0038970578
0.0020497134	0.99795026
0.9974867	0.0025133267
0.9946694	0.0053306604
0.20802028	0.79197973
0.0076906094	0.99230945
0.028791666	0.97120833
0.9962185	0.0037815503
0.014614777	0.98538524
0.99007964	0.009920399
0.92639434	0.073605694
0.75229245	0.24770755
0.01698117	0.9830188
0.0022218388	0.9977781
0.99704283	0.0029571403
0.99753225	0.002467766
0.0048528886	0.99514717
0.99835545	0.0016444728
0.9852218	0.0147782
0.99772745	0.002272563
0.0018893623	0.99811065
0.8795418	0.120458215
0.6210968	0.37890315
0.9983936	0.0016063298
0.9619584	0.038041674
0.0019725233	0.9980275
0.0052028405	0.99479717
0.9899294	0.010070596
0.0025616284	0.9974383
0.0033764904	0.9966235
0.004135068	0.995865
0.9966137	0.0033862893
0.9902829	0.009717164
0.9950948	0.0049052006
0.0023897032	0.99761033
0.9979272	0.0020727443
0.030327449	0.96967256
0.9967591	0.003240867
0.9984125	0.0015874834
0.8544183	0.1455817
0.97926563	0.02073432
0.00522128	0.99477875
0.025720088	0.97427994
0.046692114	0.95330787
0.98992586	0.010074086
0.98582447	0.014175564
0.9934503	0.0065497346
0.016464446	0.9835355
0.0019572072	0.9980428
0.016497705	0.9835023
0.99652135	0.0034786072
0.99672264	0.0032774238
0.7956191	0.20438088
0.98619986	0.01380018
0.9974421	0.0025578542
0.0053252173	0.9946748
0.9949758	0.0050242716
0.004535044	0.995465
0.99471515	0.0052848826
0.921542	0.07845796
0.67549264	0.32450736
0.0018001478	0.9981998
0.33094573	0.66905427
0.9948369	0.005163134
0.8790014	0.12099862
0.9920317	0.007968265
0.002186962	0.997813
0.022544026	0.9774559
0.99718034	0.0028196992
0.9983126	0.0016874068
0.997752	0.0022479477
0.0019656867	0.9980343
0.9696861	0.030313903
0.0049454574	0.9950545
0.9785654	0.021434661
0.01469155	0.98530847
0.8860958	0.11390414
0.0017242677	0.99827576
0.021466339	0.9785337
0.21233787	0.78766215
0.001990368	0.9980096
0.9294379	0.07056216
0.0034429738	0.996557
0.9859139	0.014086111
0.0029101397	0.99708986
0.99747616	0.0025238164
0.4599372	0.5400628
0.90927595	0.090724036
0.9978612	0.0021387464
0.87204236	0.12795758
0.9978537	0.0021462229
0.028124254	0.97187567
0.002275942	0.997724
0.11201536	0.88798463
0.9932284	0.0067716553
0.002178423	0.99782157
0.99360585	0.0063941227
0.9946966	0.0053033438
0.0020965622	0.99790347
0.029627379	0.97037256
0.20018882	0.7998111
0.9750931	0.024906944
0.038331077	0.9616689
0.03891549	0.9610845
0.37780383	0.62219614
0.0056377826	0.99436224
0.5394905	0.46050945
0.00681325	0.9931867
0.82503355	0.17496644
0.002056608	0.99794334
0.0063612857	0.9936387
0.9918343	0.008165744
0.04003876	0.95996124
0.007056608	0.99294335
0.057168238	0.94283175
0.74676967	0.2532303
0.9934325	0.006567415
0.9976344	0.002365524
0.9974716	0.0025284907
0.0024255116	0.9975745
0.06933131	0.93066865
0.9643855	0.035614442
0.9749531	0.02504682
0.055237878	0.9447621
0.0031210573	0.996879
0.0020069021	0.9979931
0.0020899582	0.99790996
0.010035195	0.9899648
0.0029528358	0.9970471
0.9717488	0.028251152
0.99571913	0.0042808787
0.0046401187	0.99535984
0.9422627	0.057737295
0.001892514	0.99810743
0.99714404	0.002855931
0.99692863	0.0030713726
0.99381953	0.0061804536
0.08461626	0.91538376
0.0024108936	0.9975891
0.9932916	0.006708364
0.797544	0.202456
0.0019274133	0.9980725
0.004236758	0.9957632
0.6448274	0.3551726
0.998064	0.0019360294
0.9615982	0.03840181
0.048659783	0.95134026
0.004740347	0.9952597
0.007078067	0.992922
0.99653035	0.0034696534
0.018810503	0.9811895
0.0018240677	0.998176
0.9931096	0.0068903584
0.0020856902	0.99791425
0.31056467	0.68943536
0.9950598	0.0049402164
0.9921801	0.007819928
0.99801683	0.0019831653
0.99313027	0.0068697776
0.037518315	0.9624817
0.0023970932	0.9976029
0.039686967	0.960313
0.056063667	0.9439363
0.005763508	0.9942365
0.004264655	0.9957353
0.12921739	0.8707827
0.99711394	0.0028860492
0.48687252	0.5131275
0.0029003955	0.99709964
0.034288734	0.96571124
0.9983948	0.0016052214
0.0026783373	0.99732167
0.071322426	0.92867756
0.32801318	0.6719868
0.005276446	0.99472356
0.0024106575	0.99758935
0.8707953	0.12920466
0.99702245	0.0029775568
0.9701836	0.029816387
0.005448094	0.99455196
0.07361646	0.92638355
0.9904103	0.009589732
0.0029682147	0.9970318
0.9976954	0.0023046474
0.0038452938	0.9961547
0.2693267	0.7306733
0.021082882	0.9789171
0.9504146	0.04958539
0.90070933	0.099290684
0.99605584	0.0039441665
0.0043921345	0.9956079
0.99838996	0.0016100478
0.0098312935	0.9901687
0.002415536	0.99758446
0.9981402	0.0018597699
0.9978649	0.0021351776
0.055794872	0.9442051
0.0022057951	0.9977943
0.029677074	0.97032297
0.007229925	0.99277
0.0044313604	0.9955687
0.016209166	0.9837908
0.008600597	0.9913994
0.0017620835	0.99823785
0.9470208	0.05297919
0.9889515	0.011048508
0.004810403	0.99518955
0.008074906	0.99192506
0.10337987	0.89662015
0.997789	0.0022110024
0.004433601	0.9955664
0.25298864	0.74701136
0.67438805	0.32561192
0.9968051	0.003194959
0.0043916004	0.9956084
0.0018788545	0.9981211
0.16076243	0.83923763
0.005437736	0.9945623
0.0037716292	0.99622834
0.18224655	0.81775343
0.037909314	0.9620907
0.013127256	0.9868728
0.009768974	0.990231
0.9871603	0.012839713
0.026530819	0.9734692
0.9982438	0.0017561769
0.9973482	0.002651807
0.9784672	0.021532737
0.9967339	0.0032660968
0.0028255426	0.9971744
0.02682411	0.9731759
0.9968374	0.0031626297
0.99801373	0.0019861911
0.019021224	0.98097885
0.95693576	0.04306418
0.012849696	0.9871503
0.99610823	0.003891816
0.99283254	0.0071674082
0.99738413	0.0026158427
0.9980837	0.0019162903
0.99428314	0.00571688
0.9980165	0.0019834917
0.9933937	0.0066062673
0.9614705	0.038529504
0.0028994817	0.99710053
0.0023768365	0.99762315
0.0024225854	0.9975775
0.9984341	0.0015658499
0.0025373865	0.99746263
0.00767574	0.99232423
0.05285464	0.9471454
0.06427343	0.9357266
0.9972568	0.002743254
0.043649968	0.95635
0.9969408	0.0030591718
0.0032984081	0.99670154
0.99746823	0.0025318144
0.04771806	0.95228195
0.021839565	0.97816044
0.0029756918	0.99702436
0.9980515	0.0019484375
0.8816865	0.11831344
0.99167293	0.008327028
0.06672391	0.93327606
0.99697626	0.0030237644
0.8572601	0.14273992
0.0031684572	0.9968316
0.037945468	0.9620546
0.22623777	0.7737622
0.001910177	0.99808985
0.997934	0.002066006
0.002065725	0.99793434
0.08713216	0.91286784
0.97144055	0.028559372
0.9947577	0.0052422592
0.08746282	0.9125372
0.11013494	0.8898651
0.007588178	0.9924118
0.0032844653	0.99671555
0.001933383	0.9980666
0.003697027	0.99630296
0.95507324	0.044926796
0.9984446	0.0015554352
0.0022960948	0.99770397
0.9668738	0.033126183
0.002863072	0.99713695
0.0037606552	0.9962393
0.94219446	0.05780556
0.99413174	0.0058682645
0.9971554	0.0028446065
0.99487054	0.0051294584
0.002234505	0.99776554
0.0051565203	0.9948435
0.01607922	0.98392075
0.04015005	0.95985
0.19612043	0.80387956
0.99846846	0.0015315193
0.98844725	0.011552741
0.99827445	0.0017255519
0.068093635	0.93190634
0.99749136	0.0025086864
0.99817276	0.0018271817
0.9811732	0.01882685
0.99821377	0.0017862984
0.0041949567	0.995805
0.6242433	0.3757567
0.9981723	0.0018276644
0.013957981	0.9860421
0.9882399	0.011760118
0.10075311	0.8992469
0.9983292	0.0016708226
0.99819845	0.0018016119
0.9972452	0.0027548359
0.9975211	0.0024788787
0.98127246	0.018727537
0.0018675019	0.9981325
0.9983742	0.0016257928
0.99820673	0.001793308
0.9970573	0.0029426725
0.9876007	0.012399325
0.0028380463	0.997162
0.9942965	0.005703516
0.63104683	0.3689532
0.3682678	0.6317322
0.004063083	0.9959369
0.05010904	0.949891
0.9972682	0.0027318473
0.0025187405	0.9974813
0.7776096	0.22239044
0.19547832	0.80452174
0.9798554	0.020144574
0.016739296	0.9832607
0.99654824	0.0034518468
0.008759652	0.9912403
0.0021473034	0.9978527
0.99398106	0.006018962
0.0027869733	0.99721307
0.1326686	0.8673314
0.003323173	0.9966768
0.002409587	0.9975904
0.998207	0.001793069
0.99803203	0.0019679077
0.0032416095	0.9967584
0.002967585	0.9970324
0.97832245	0.02167758
0.082966186	0.9170338
0.9921687	0.007831269
0.12603918	0.8739608
0.9925932	0.0074067153
0.0018954049	0.9981046
0.0021531598	0.99784684
0.9796188	0.02038123
0.04547344	0.9545265
0.95785534	0.04214463
0.9947718	0.0052282116
0.9811741	0.018825905
0.8233	0.17669997
0.9865436	0.013456344
0.0055399495	0.9944601
0.98790795	0.012091996
0.062559225	0.93744075
0.9967519	0.0032481132
0.99423486	0.0057650898
0.0037536817	0.9962463
0.0074429107	0.99255705
0.9953447	0.0046552736
0.90269554	0.097304456
0.9973544	0.0026456483
0.038426403	0.96157354
0.9984642	0.0015357967
0.99375385	0.0062462008
0.007431243	0.9925688
0.003321496	0.9966785
0.041984804	0.9580152
0.97726965	0.022730326
0.0033677437	0.9966323
0.99493706	0.005062877
0.99632275	0.0036772331
0.109150134	0.8908499
0.96868736	0.03131261
0.0020767911	0.9979232
0.99740183	0.00259825
0.0058924872	0.9941075
0.83684385	0.16315618
0.99786144	0.0021385204
0.08867881	0.9113212
0.0020742943	0.99792564
0.10503261	0.8949674
0.99788254	0.002117478
0.9899693	0.010030678
0.001971281	0.9980287
0.20429392	0.7957061
0.0025894786	0.9974105
0.9872155	0.012784511
0.93931407	0.060685962
0.099950984	0.90004903
0.002932561	0.9970675
0.025969826	0.9740302
0.94098836	0.059011694
0.0025521526	0.99744785
0.011182902	0.9888171
0.9962597	0.003740394
0.0105754165	0.9894246
0.037722897	0.96227705
0.001965578	0.9980344
0.005117472	0.9948826
0.9877445	0.012255431
0.99613106	0.0038689685
0.0071120285	0.99288803
0.9977157	0.0022842654
0.997097	0.002902938
0.9982931	0.0017069051
0.005775839	0.99422413
0.998108	0.0018919088
0.0070818015	0.9929182
0.0018659935	0.9981341
0.011639798	0.98836017
0.0024726607	0.9975273
0.99734914	0.0026507995
0.94547224	0.054527745
0.03988785	0.9601121
0.99758446	0.002415543
0.9976786	0.0023214612
0.98967886	0.010321205
0.01099952	0.98900044
0.97043175	0.029568253
0.9072478	0.09275224
0.9959663	0.0040336926
0.002398127	0.9976019
0.08068475	0.9193152
0.90608984	0.093910106
0.9448152	0.055184815
0.70022845	0.29977152
0.0023105436	0.9976895
0.99568045	0.0043195086
0.064251184	0.9357488
0.99848986	0.0015100884
0.99842995	0.0015699905
0.99829406	0.0017059124
0.018574994	0.98142505
0.9861415	0.013858499
0.998166	0.001833991
0.07659047	0.9234096
0.0021243969	0.9978756
0.001993683	0.9980063
0.014981626	0.98501843
0.99548423	0.00451575
0.9826947	0.017305382
0.99366707	0.00633296
0.99764854	0.0023514803
0.10629802	0.8937019
0.9968258	0.003174256
0.9984723	0.0015277658
0.0039536906	0.99604625
0.9657426	0.034257475
0.002067496	0.99793255
0.9736309	0.026369136
0.9361252	0.063874796
0.0024473148	0.9975527
0.030577838	0.9694222
0.019526172	0.9804739
0.99611723	0.003882746
0.9948797	0.0051203007
0.36242598	0.63757396
0.9975069	0.0024931654
0.9860051	0.013994905
0.9959365	0.0040635196
0.9984011	0.0015988933
0.036792256	0.9632077
0.019073842	0.98092616
0.99783856	0.0021615073
0.08972031	0.9102797
0.0019299265	0.99807006
0.001937552	0.99806243
0.1658754	0.83412457
0.81508934	0.18491064
0.97683275	0.023167213
0.9973901	0.0026098893
0.0192517	0.9807483
0.9953258	0.0046741627
0.9761412	0.02385886
0.9978629	0.002137188
0.9616789	0.038321096
0.002023036	0.99797696
0.08942528	0.91057473
0.067730546	0.93226945
0.049356893	0.9506431
0.11010346	0.8898966
0.43406463	0.5659354
0.0024975925	0.9975024
0.1167143	0.88328564
0.0018163768	0.99818355
0.98235357	0.01764644
0.99797994	0.0020200324
0.0019947337	0.99800533
0.0038890494	0.996111
0.9981857	0.001814297
0.9984686	0.001531407
0.9980696	0.0019304024
0.8306848	0.16931522
0.9974377	0.0025622963
0.99826175	0.001738236
0.16810034	0.83189964
0.9976921	0.0023079147
0.017897302	0.98210275
0.01343805	0.98656195
0.9924918	0.0075082714
0.99748045	0.0025195852
0.87403065	0.12596935
0.006668921	0.993331
0.99492294	0.005077136
0.0026448446	0.9973552
0.98309016	0.016909854
0.9926295	0.007370421
0.007247989	0.9927521
0.08445159	0.91554844
0.99700564	0.0029943418
0.9953269	0.0046730977
0.99821424	0.0017858222
0.9973851	0.0026149163
0.99822134	0.0017786556
0.9764603	0.023539795
0.0052213045	0.99477875
0.022479003	0.977521
0.98302335	0.016976632
0.99810034	0.0018996521
0.9981371	0.0018628805
0.023538722	0.9764613
0.0039209314	0.996079
0.03790912	0.9620909
0.995564	0.004436022
0.99350077	0.0064991936
0.9944165	0.0055835727
0.99378455	0.0062154047
0.02256605	0.977434
0.0051007764	0.9948992
0.9963425	0.0036574858
0.038428094	0.9615719
0.013272689	0.9867273
0.997928	0.002071919
0.2865064	0.7134936
0.00264937	0.9973506
0.0019280096	0.9980719
0.0050467136	0.9949532
0.9952867	0.004713325
0.004615606	0.9953844
0.99764687	0.0023531816
0.0027624993	0.99723744
0.99736744	0.0026325802
0.0019520145	0.99804795
0.99774015	0.0022598603
0.9981863	0.001813633
0.01587935	0.98412067
0.99424016	0.0057598315
0.010674273	0.98932576
0.8308675	0.16913243
0.974871	0.025129007
0.9951715	0.0048285252
0.6873551	0.31264493
0.015968118	0.98403186
0.0024654919	0.9975345
0.9949969	0.005003099
0.006810523	0.99318945
0.9980136	0.0019863101
0.9959383	0.004061673
0.9980767	0.0019233082
0.9967452	0.0032548064
0.0092526525	0.99074733
0.99423766	0.0057622944
0.99689037	0.0031096782
0.99649847	0.0035015398
0.9976802	0.0023197578
0.002246031	0.99775404
0.0019000934	0.9981
0.98574346	0.014256569
0.9909072	0.00909284
0.0023093864	0.9976907
0.031590864	0.9684092
0.009893275	0.99010676
0.0025995008	0.9974005
0.95749766	0.042502403
0.022026554	0.9779734
0.017317012	0.98268294
0.867132	0.13286802
0.9970408	0.0029591431
0.27641752	0.72358245
0.0025226958	0.99747735
0.9969421	0.003057929
0.98598295	0.014017071
0.9983815	0.001618475
0.8870179	0.112982124
0.9968977	0.003102247
0.998212	0.0017879979
0.85176486	0.14823508
0.067802586	0.93219745
0.006229458	0.99377054
0.99760604	0.0023939484
0.9972046	0.002795355
0.0022812048	0.9977188
0.9983919	0.0016080361
0.0067769783	0.9932231
0.0022051265	0.99779487
0.94692457	0.0530754
0.99562067	0.004379296
0.9984561	0.0015438388
0.0052380934	0.9947619
0.32135352	0.6786465
0.002627442	0.9973725
0.001841317	0.99815863
0.9982868	0.0017131461
0.73867685	0.26132318
0.0028786599	0.9971213
0.027076626	0.9729234
0.019851629	0.98014843
0.004927956	0.99507207
0.9980236	0.0019763457
0.016684087	0.9833159
0.22490779	0.77509224
0.0033827475	0.99661726
0.01770427	0.9822957
0.010995869	0.9890041
0.0023136418	0.9976864
0.058593936	0.9414061
0.24692151	0.7530785
0.042345837	0.9576542
0.9977265	0.002273508
0.9983083	0.0016917356
0.28775662	0.71224344
0.995184	0.0048159673
0.014180029	0.98581994
0.7977498	0.20225023
0.080750085	0.91924995
0.99494886	0.005051078
0.99419314	0.0058068023
0.9978325	0.0021674929
0.008242177	0.9917578
0.9965624	0.003437553
0.9936395	0.0063604745
0.9960223	0.003977701
0.0243571	0.9756429
0.7101405	0.28985947
0.0053437147	0.9946563
0.0024397261	0.99756026
0.022627693	0.97737235
0.051624622	0.9483754
0.026324095	0.97367585
0.9969009	0.0030991018
0.22076687	0.7792331
0.9948755	0.0051244968
0.015289548	0.9847105
0.98757243	0.012427624
0.0044848835	0.99551517
0.0034663342	0.99653363
0.07321124	0.92678875
0.9983359	0.0016641881
0.9963546	0.0036454257
0.98684466	0.013155318
0.045389652	0.95461035
0.09779712	0.90220284
0.98808265	0.011917341
0.85247207	0.14752798
0.019141868	0.98085815
0.038958624	0.96104133
0.98611164	0.013888369
0.012064726	0.9879353
0.9977125	0.0022875017
0.9948303	0.0051697316
0.0039311876	0.99606884
0.62473214	0.37526783
0.0023524293	0.9976476
0.001959415	0.9980406
0.010377965	0.989622
0.99601185	0.003988143
0.99732685	0.0026731866
0.79783577	0.20216428
0.997209	0.002790953
0.120748006	0.87925196
0.9651852	0.034814782
0.6226745	0.37732542
0.11782358	0.88217646
0.0036896998	0.9963103
0.007261519	0.9927384
0.9939029	0.006097123
0.9984927	0.0015072447
0.11231986	0.8876802
0.0038964583	0.9961035
0.013395949	0.9866041
0.9588724	0.041127644
0.001932147	0.9980679
0.40723142	0.59276855
0.005971738	0.9940282
0.99585426	0.0041457796
0.99593544	0.0040645013
0.99383765	0.0061622974
0.031807236	0.96819276
0.20432955	0.79567045
0.9944119	0.005588182
0.0019603344	0.99803966
0.0894671	0.91053283
0.9948891	0.0051109884
0.045403916	0.9545961
0.005657885	0.9943421
0.0019086763	0.9980913
0.99371463	0.0062854155
0.9946754	0.0053245854
0.004991891	0.9950081
0.7659725	0.23402755
0.9813712	0.018628804
0.030184645	0.9698154
0.0019155407	0.9980844
0.99208635	0.007913654
0.0025062845	0.99749374
0.9660664	0.033933535
0.99481153	0.0051884972
0.9512411	0.04875891
0.12294894	0.8770511
0.015401569	0.9845984
0.984602	0.015398041
0.9953237	0.004676266
0.9426706	0.057329368
0.7423637	0.25763628
0.006947686	0.99305236
0.99790764	0.0020923943
0.0023388513	0.9976611
0.9975777	0.0024223179
0.0035640192	0.996436
0.99319905	0.006800893
0.015105637	0.98489434
0.9982652	0.0017348421
0.99740726	0.0025926973
0.9917761	0.00822383
0.9929871	0.007012854
0.0066321343	0.99336785
0.020378048	0.979622
0.9971213	0.0028786694
0.010702063	0.98929787
0.0071505844	0.99284947
0.08407272	0.9159273
0.9983596	0.001640307
0.9283124	0.07168761
0.995118	0.004882032
0.821767	0.17823301
0.9977202	0.0022797815
0.997497	0.0025029713
0.0020550184	0.997945
0.9966606	0.0033394801
0.9934285	0.0065715048
0.9963108	0.003689241
0.0047454294	0.99525464
0.004443631	0.9955564
0.95959824	0.040401805
0.99148226	0.008517809
0.99775827	0.0022416818
0.99835557	0.0016444355
0.0052669547	0.9947331
0.010905269	0.9890947
0.9980629	0.0019371206
0.99540085	0.004599154
0.066441745	0.9335582
0.008199191	0.99180084
0.98514557	0.014854429
0.010479851	0.9895202
0.0062798215	0.9937202
0.05689347	0.94310653
0.010317782	0.98968226
0.03049571	0.9695043
0.7664786	0.23352136
0.0020127553	0.9979873
0.0024688223	0.99753124
0.9974267	0.0025733
0.010114998	0.989885
0.16963874	0.83036125
0.9981376	0.001862392
0.99607444	0.00392556
0.076637655	0.9233623
0.9981523	0.001847628
0.99386	0.00614001
0.036169812	0.9638302
0.0035147953	0.99648523
0.011409392	0.98859066
0.9983827	0.0016172996
0.0036172967	0.9963827
0.017298102	0.98270196
0.9930341	0.0069658295
0.0019597013	0.9980404
0.9907329	0.009267036
0.02469188	0.9753082
0.99408394	0.005916047
0.99831533	0.0016847198
0.0020268422	0.99797314
0.9962387	0.0037613055
0.9979752	0.002024891
0.0018414241	0.99815863
0.0021077772	0.9978922
0.12512448	0.8748755
0.99799097	0.002009033
0.0018606881	0.99813926
0.99703276	0.0029672326
0.9848673	0.015132733
0.004571385	0.99542856
0.9954919	0.004508132
0.005425124	0.9945749
0.00200635	0.9979937
0.06320831	0.9367917
0.9598567	0.040143274
0.0018406302	0.99815935
0.99682236	0.003177657
0.99815613	0.0018438251
0.0063419016	0.9936581
0.011111378	0.9888887
0.009919536	0.9900804
0.002968251	0.9970317
0.017790668	0.9822093
0.996327	0.0036730028
0.9477751	0.05222481
0.99838006	0.0016198987
0.87735665	0.12264331
0.977759	0.022241045
0.0019335045	0.9980665
0.9925282	0.007471781
0.9926569	0.007343073
0.99481034	0.0051896363
0.0069210753	0.9930789
0.04658414	0.9534158
0.9971438	0.0028561482
0.011153791	0.98884624
0.9913639	0.008636066
0.05153173	0.94846827
0.99771845	0.0022815794
0.99783605	0.0021640102
0.08215351	0.91784656
0.0146166375	0.9853834
0.11793317	0.8820668
0.003974383	0.99602556
0.9964594	0.003540565
0.0029610319	0.99703896
0.1947673	0.80523264
0.0018441805	0.9981558
0.1789601	0.82103986
0.9905571	0.009442965
0.002696134	0.99730384
0.0018358494	0.9981641
0.007071555	0.99292845
0.010273947	0.989726
0.99599373	0.004006256
0.9923253	0.007674738
0.98077065	0.019229343
0.99716336	0.002836627
0.0037474174	0.99625254
0.9931653	0.0068347054
0.002089477	0.99791044
0.0019219796	0.998078
0.9983132	0.0016868687
0.006797235	0.9932027
0.15689655	0.84310347
0.0023321696	0.99766785
0.114896834	0.88510317
0.0075279246	0.99247205
0.00515035	0.9948496
0.02257535	0.9774246
0.0028757572	0.99712425
0.9919946	0.00800544
0.99536705	0.004632931
0.99685246	0.0031476023
0.98158836	0.01841161
0.99564916	0.004350899
0.9920963	0.007903663
0.996181	0.0038190046
0.9837002	0.016299741
0.15025969	0.84974027
0.20487201	0.795128
0.40076786	0.59923214
0.044840038	0.9551599
0.99087673	0.009123244
0.0063423826	0.99365765
0.0025690773	0.997431
0.99088573	0.009114237
0.99698347	0.0030165624
0.99300355	0.0069964733
0.002176924	0.9978231
0.007732139	0.9922679
0.9983759	0.001624145
0.21354608	0.7864539
0.009807344	0.99019265
0.99755114	0.0024488834
0.99845445	0.001545523
0.013084458	0.98691547
0.07093533	0.92906463
0.003379354	0.99662066
0.3404559	0.6595441
0.98984575	0.010154261
0.037199385	0.96280056
0.026661525	0.9733385
0.99569595	0.0043040076
0.004551708	0.9954483
0.99573237	0.0042676325
0.987382	0.01261796
0.71533936	0.28466064
0.9982318	0.0017681984
0.99676955	0.003230437
0.028720496	0.9712795
0.0019022594	0.9980977
0.005139533	0.9948605
0.011358003	0.98864204
0.0111216605	0.9888783
0.0114253275	0.9885747
0.023608249	0.97639173
0.9973007	0.0026993116
0.9817945	0.018205564
0.9861027	0.013897327
0.0019880978	0.9980118
0.0133679155	0.98663205
0.02669438	0.97330564
0.0018529515	0.998147
0.6670429	0.33295712
0.0019747398	0.9980253
0.031555142	0.9684448
0.9960406	0.003959403
0.99834883	0.0016511816
0.03130648	0.96869355
0.0020109124	0.99798906
0.069735065	0.9302649
0.99221015	0.00778984
0.01235367	0.98764634
0.024545617	0.97545433
0.9912141	0.008785924
0.9342123	0.06578767
0.9176067	0.08239332
0.9544796	0.0455204
0.0021514536	0.9978485
0.051701523	0.9482985
0.019864593	0.9801354
0.027264569	0.97273546
0.08877914	0.91122085
0.004679728	0.99532026
0.0022862486	0.9977138
0.018045176	0.9819548
0.9911678	0.0088321725
0.99562716	0.0043728063
0.9980646	0.0019354711
0.99792045	0.0020795383
0.002657143	0.9973429
0.15965098	0.8403491
0.01570197	0.984298
0.6647558	0.33524415
0.005222132	0.9947779
0.009899326	0.9901007
0.99606186	0.0039381613
0.82888246	0.1711175
0.99391854	0.006081394
0.98014736	0.019852625
0.9843871	0.015612987
0.021626549	0.9783734
0.031974938	0.9680251
0.003908964	0.99609107
0.99807006	0.0019299946
0.02455717	0.97544277
0.15167917	0.84832084
0.98809993	0.0119000245
0.96703666	0.03296329
0.055121563	0.9448784
0.008943658	0.9910563
0.9979621	0.0020378984
0.9980252	0.0019748246
0.9610483	0.038951676
0.9974469	0.0025530946
0.9922463	0.007753643
0.009131434	0.99086857
0.0025759253	0.9974241
0.99842227	0.0015777203
0.99819547	0.0018045711
0.8989727	0.101027325
0.020068862	0.9799311
0.044713106	0.95528686
0.99621046	0.003789596
0.27549827	0.7245017
0.98313206	0.016867878
0.99756193	0.002438095
0.07422432	0.92577565
0.13755222	0.8624478
0.007466818	0.9925332
0.9704423	0.029557722
0.006951253	0.99304867
0.9943076	0.0056924676
0.98530906	0.014690984
0.0019604417	0.99803954
0.030392408	0.96960765
0.9927113	0.007288712
0.997505	0.0024950209
0.0019968136	0.9980032
0.9916291	0.00837091
0.06274158	0.9372584
0.9235205	0.07647948
0.9983968	0.001603154
0.9915245	0.008475501
0.005323919	0.9946761
0.017239839	0.9827602
0.9957802	0.004219753
0.7476618	0.2523382
0.057498988	0.94250107
0.007935005	0.992065
0.99499965	0.005000372
0.007459182	0.99254084
0.0022835939	0.9977164
0.010175804	0.98982424
0.9978114	0.0021886046
0.99734986	0.0026501413
0.9981223	0.0018776988
0.99520016	0.0047998736
0.0032313343	0.9967687
0.0027014627	0.99729854
0.98915315	0.010846913
0.026929148	0.9730708
0.99631315	0.0036868614
0.014027321	0.98597264
0.0023543022	0.9976457
0.0052547045	0.99474525
0.085993454	0.9140066
0.0020428058	0.9979572
0.0019200833	0.9980799
0.0054386146	0.9945614
0.9951167	0.004883292
0.7543039	0.24569616
0.99704653	0.0029535017
0.9915348	0.00846514
0.9713707	0.028629296
0.0019539103	0.99804604
0.98856026	0.0114397975
0.014855907	0.9851441
0.9961993	0.0038007013
0.003535088	0.99646485
0.99832517	0.001674765
0.010240112	0.98975986
0.002351534	0.9976484
0.019489048	0.9805109
0.0027178894	0.99728215
0.997693	0.0023069594
0.034150366	0.96584964
0.003174508	0.99682546
0.9974215	0.0025784771
0.99078333	0.009216604
0.0379118	0.9620882
0.9932467	0.0067533073
0.0030883937	0.9969116
0.98242044	0.0175796
0.015743796	0.9842562
0.99843866	0.0015613589
0.05460046	0.9453996
0.9980634	0.0019366421
0.021672593	0.97832745
0.9742182	0.025781821
0.007265143	0.9927349
0.0019559546	0.998044
0.99727565	0.0027243071
0.995002	0.0049980283
0.0025752636	0.9974247
0.0024297915	0.9975702
0.99675035	0.0032496885
0.069443986	0.930556
0.0060227676	0.9939772
0.0052489475	0.99475104
0.99781007	0.0021899713
0.0039083026	0.99609166
0.99789596	0.0021039725
0.99336505	0.0066349558
0.3108167	0.6891833
0.045411043	0.95458895
0.101795964	0.8982041
0.005554683	0.9944454
0.0021535214	0.9978465
0.006700793	0.9932991
0.9945163	0.0054836464
0.060566127	0.9394339
0.9823344	0.01766561
0.99178165	0.008218341
0.0020565828	0.99794346
0.99244773	0.007552239
0.99797076	0.0020292338
0.99653566	0.003464393
0.22002333	0.77997667
0.9963916	0.0036083777
0.0020446319	0.9979553
0.933966	0.066033944
0.015364779	0.98463523
0.0065753506	0.99342465
0.99685353	0.0031465385
0.9813524	0.018647648
0.9750861	0.024913907
0.9443772	0.055622794
0.0019163003	0.9980837
0.0021079958	0.99789196
0.0017531234	0.9982469
0.0358334	0.9641666
0.9950058	0.0049942313
0.018212195	0.9817878
0.9927288	0.0072712405
0.9979588	0.0020412442
0.0041792127	0.99582076
0.14646785	0.85353214
0.04989989	0.9501001
0.0032758648	0.9967242
0.9788077	0.021192338
0.0018877966	0.9981122
0.045942564	0.9540574
0.9973316	0.0026683444
0.052008357	0.9479916
0.0022720937	0.99772793
0.0020908895	0.9979091
0.9977506	0.0022493994
0.9973967	0.002603272
0.99824333	0.0017567197
0.95754564	0.042454395
0.99786747	0.0021325233
0.9905635	0.009436468
0.004555625	0.9954444
0.040411048	0.959589
0.9919002	0.00809978
0.0022907187	0.9977093
0.99829084	0.001709167
0.00998622	0.99001384
0.0028126314	0.9971873
0.05993723	0.94006276
0.99465805	0.005341882
0.99732935	0.002670667
0.9976133	0.0023866687
0.15423006	0.8457699
0.89268374	0.10731629
0.0021078857	0.9978921
0.008323252	0.9916767
0.059629902	0.9403701
0.4414225	0.5585775
0.003214514	0.9967855
0.99508286	0.004917123
0.99837226	0.0016277194
0.04261028	0.95738965
0.0056832223	0.99431676
0.00893439	0.99106556
0.9936784	0.006321567
0.99565214	0.0043478734
0.996807	0.0031930583
0.0033166537	0.9966833
0.0068956893	0.9931043
0.9940181	0.005981872
0.0019233578	0.9980767
0.040777043	0.959223
0.003171305	0.99682873
0.6119661	0.38803393
0.060248543	0.9397515
0.99696916	0.003030865
0.79423195	0.205768
0.9960348	0.003965186
0.0047041755	0.9952958
0.0035701648	0.99642986
0.99644595	0.0035540485
0.03003087	0.9699691
0.9976052	0.0023947684
0.9984622	0.001537847
0.9764429	0.023557104
0.012722134	0.98727787
0.030899975	0.9691
0.0025710466	0.99742895
0.99057007	0.009429882
0.0045517595	0.9954482
0.07497436	0.92502564
0.010810491	0.9891895
0.002363252	0.9976368
0.0020143911	0.9979856
0.92693484	0.07306523
0.013233254	0.98676676
0.9952586	0.0047413977
0.07026198	0.92973804
0.0024991909	0.99750084
0.13411926	0.8658808
0.98871124	0.011288707
0.9954454	0.004554708
0.0020941652	0.99790585
0.9968989	0.0031011174
0.9863776	0.01362236
0.06511585	0.93488413
0.99217695	0.007823036
0.017698864	0.9823011
0.06561431	0.93438566
0.0043575945	0.9956424
0.9978781	0.0021219787
0.95766705	0.0423329
0.02205312	0.9779468
0.0032800133	0.99672
0.99830914	0.0016908047
0.3335765	0.66642344
0.9979219	0.002078092
0.03976465	0.9602353
0.0057427925	0.9942572
0.9956483	0.0043516564
0.9590556	0.04094439
0.9955793	0.004420684
0.99782026	0.0021797253
0.0025303022	0.99746966
0.0062075933	0.9937925
0.01193733	0.98806274
0.99657613	0.0034238852
0.99754024	0.0024597966
0.6756134	0.3243866
0.0053131096	0.99468684
0.05050255	0.94949746
0.018387536	0.9816125
0.0019956136	0.9980044
0.71040446	0.28959548
0.018995712	0.9810043
0.9540116	0.045988377
0.11034187	0.88965815
0.0035569002	0.9964431
0.06322663	0.93677336
0.0018484085	0.9981516
0.9983259	0.0016741315
0.04581128	0.9541887
0.9794297	0.020570256
0.053005703	0.9469943
0.6565849	0.3434151
0.06970244	0.9302975
0.9935128	0.0064871875
0.030725408	0.9692746
0.008631968	0.991368
0.01286279	0.9871372
0.9832811	0.01671887
0.9750718	0.024928177
0.9856068	0.014393217
0.015003483	0.98499656
0.99528	0.004720049
0.99825436	0.00174558
0.9969869	0.0030131112
0.9983254	0.0016745643
0.99812216	0.0018778212
0.9750411	0.024958858
0.023820404	0.9761796
0.0029089125	0.99709105
0.019808736	0.98019123
0.004059586	0.99594045
0.6194429	0.38055715
0.99159414	0.008405813
0.02521472	0.97478527
0.99376994	0.00623003
0.9980946	0.0019054345
0.004405951	0.9955941
0.9983777	0.0016222795
0.9976598	0.0023401647
0.0022554735	0.99774456
0.9965934	0.0034065212
0.8216123	0.17838769
0.076428264	0.9235717
0.009753727	0.9902463
0.07456943	0.9254306
0.0018505246	0.9981495
0.0056235627	0.9943764
0.010141655	0.9898583
0.99748033	0.0025196932
0.99819714	0.001802903
0.9977718	0.0022281862
0.997265	0.0027349968
0.0026358927	0.9973641
0.005702573	0.99429744
0.997741	0.0022590237
0.99571395	0.0042860582
0.946461	0.05353901
0.97786295	0.022137016
0.9944693	0.0055306884
0.0040912726	0.99590874
0.9744801	0.025519973
0.99223137	0.0077685956
0.98104686	0.01895313
0.99383414	0.0061659142
0.0018689112	0.9981311
0.0020683294	0.9979317
0.9793244	0.020675542
0.0059390306	0.99406093
0.008404898	0.9915951
0.9791794	0.02082069
0.99559826	0.004401807
0.98580027	0.0141998
0.98976225	0.010237768
0.99771297	0.0022870034
0.012343679	0.98765635
0.0023307411	0.9976693
0.99615866	0.0038413503
0.9957123	0.0042876885
0.011898034	0.98810196
0.043537788	0.9564622
0.0069282893	0.99307173
0.9984206	0.0015793616
0.9757229	0.024277113
0.9983645	0.0016354853
0.99849975	0.0015002728
0.9943376	0.00566241
0.03756124	0.9624388
0.013905169	0.98609483
0.04157798	0.958422
0.9941922	0.0058077937
0.013990813	0.9860092
0.9760308	0.023969207
0.029661085	0.9703389
0.0029626738	0.9970373
0.93026894	0.06973109
0.007459485	0.99254054
0.16008227	0.8399178
0.008488614	0.9915114
0.52621573	0.47378427
0.0040823296	0.99591774
0.0027472903	0.99725276
0.003947948	0.9960521
0.0020011943	0.9979988
0.007967059	0.99203295
0.99839824	0.0016017847
0.025997546	0.9740025
0.008155369	0.9918446
0.0065866443	0.9934134
0.0071887635	0.99281126
0.0018619444	0.99813807
0.0029558672	0.99704415
0.0019161762	0.99808383
0.9981046	0.0018954565
0.044380873	0.9556191
0.082943976	0.9170561
0.99207497	0.0079250755
0.99277025	0.0072297165
0.066353455	0.93364656
0.99838614	0.0016139186
0.010836844	0.98916316
0.9941117	0.005888288
0.012731023	0.9872689
0.043809075	0.9561909
0.99836725	0.0016327703
0.9966599	0.003340131
0.026144365	0.9738556
0.9982539	0.0017461511
0.99296147	0.0070384922
0.04710719	0.95289284
0.5660188	0.43398118
0.9983449	0.0016550494
0.64210254	0.35789746
0.99685115	0.0031488533
0.033894558	0.9661055
0.004516138	0.9954839
0.03378291	0.9662171
0.006538812	0.99346113
0.99216413	0.007835822
0.008433505	0.9915665
0.9950523	0.004947711
0.7987935	0.20120648
0.018270394	0.9817297
0.99641365	0.0035864217
0.067128874	0.93287116
0.0030250985	0.99697495
0.99833363	0.0016663799
0.04264091	0.9573591
0.9949004	0.0050996025
0.9975865	0.0024135031
0.94499755	0.055002503
0.0017474131	0.9982526
0.99603015	0.0039697974
0.9955243	0.004475717
0.13865766	0.8613424
0.99427783	0.00572208
0.9979488	0.0020512228
0.9920439	0.007956175
0.0031255197	0.99687445
0.0021332665	0.9978668
0.15333255	0.84666747
0.975267	0.024732986
0.0019593432	0.99804074
0.0028738407	0.99712616
0.0040112534	0.9959888
0.017577238	0.9824227
0.0019430075	0.99805695
0.99513334	0.004866637
0.99846125	0.001538783
0.29141787	0.7085821
0.0030015444	0.9969984
0.03217171	0.9678283
0.0019152372	0.9980848
0.9984224	0.0015776152
0.0041663707	0.99583364
0.0019203429	0.99807966
0.0018457058	0.9981542
0.0078034746	0.99219656
0.9969873	0.0030127214
0.21314679	0.7868532
0.01617109	0.98382884
0.9960083	0.003991645
0.0067581893	0.9932417
0.99713194	0.0028680367
0.0069331666	0.9930668
0.9975357	0.002464235
0.9947061	0.0052938787
0.0021427518	0.9978573
0.002479624	0.9975204
0.11500032	0.88499963
0.99799997	0.0020000087
0.99724674	0.0027532903
0.994642	0.0053579593
0.9972831	0.0027169357
0.9507347	0.049265314
0.99832433	0.001675712
0.001789774	0.9982102
0.032393638	0.96760637
0.0022002647	0.9977997
0.9747737	0.025226291
0.007787188	0.99221283
0.0028717073	0.9971283
0.02221729	0.9777827
0.9971552	0.0028448422
0.0449892	0.95501083
0.9953342	0.0046658115
0.0018648301	0.9981351
0.9974625	0.002537524
0.0019936715	0.9980063
0.99754375	0.0024561721
0.002375654	0.99762434
0.004266239	0.9957338
0.0104962895	0.98950374
0.989503	0.010496963
0.0019444413	0.9980556
0.0018690313	0.998131
0.9922174	0.0077825314
0.9924501	0.0075498805
0.9967169	0.0032830623
0.028796095	0.9712039
0.005998413	0.99400157
0.00992511	0.99007493
0.99830973	0.0016902607
0.0019975423	0.99800247
0.9953106	0.004689397
0.9964551	0.0035449516
0.0068872166	0.99311274
0.9656554	0.034344595
0.012109029	0.98789096
0.12728195	0.8727181
0.99751806	0.0024819318
0.99836046	0.0016394896
0.67549723	0.32450283
0.99785596	0.0021439837
0.004745285	0.99525476
0.9495539	0.050446082
0.025367819	0.97463214
0.99463564	0.005364306
0.043174263	0.95682573
0.0023437568	0.9976562
0.94714355	0.0528564
0.019786464	0.9802136
0.99542576	0.004574268
0.7814195	0.21858051
0.002380922	0.9976191
0.0027205893	0.99727947
0.9862293	0.013770669
0.0921492	0.90785086
0.0800384	0.9199616
0.0025300796	0.9974699
0.0019378547	0.9980622
0.9926938	0.00730626
0.0018184243	0.9981816
0.002130799	0.99786913
0.05708752	0.9429125
0.005306609	0.99469334
0.002075474	0.99792445
0.004120445	0.99587953
0.9969048	0.0030952166
0.9599392	0.040060777
0.99643576	0.0035642087
0.994269	0.0057309936
0.014287473	0.9857125
0.101993494	0.8980065
0.0032026721	0.9967974
0.99666166	0.0033383633
0.0026290396	0.99737096
0.014121259	0.98587877
0.038261417	0.9617386
0.034365185	0.9656348
0.0097211655	0.9902788
0.012444512	0.98755544
0.9960763	0.0039236993
0.98763275	0.01236725
0.99836606	0.001633893
0.011694117	0.98830587
0.0022563622	0.9977436
0.0029224977	0.99707747
0.9688335	0.031166473
0.9964083	0.0035916786
0.0061458726	0.99385417
0.015029833	0.9849702
0.9880044	0.011995614
0.99498665	0.00501338
0.0030637719	0.9969362
0.0028385564	0.9971615
0.0044001834	0.99559975
0.59437054	0.40562943
0.9957802	0.0042197616
0.05210866	0.94789135
0.99758077	0.0024191698
0.0026161515	0.9973839
0.9935865	0.0064135464
0.0020009167	0.997999
0.0026150418	0.99738497
0.98399955	0.01600043
0.8617933	0.13820677
0.0016892939	0.9983107
0.03614486	0.9638552
0.99642146	0.0035786089
0.0123313945	0.9876686
0.0019656564	0.9980343
0.86414117	0.13585885
0.0029570982	0.99704283
0.9971802	0.0028198306
0.0025709926	0.99742895
0.37706062	0.62293935
0.026375782	0.9736242
0.9980447	0.0019552966
0.99311393	0.006886056
0.9785266	0.021473447
0.0027352634	0.99726474
0.99829143	0.0017085284
0.99448544	0.0055145486
0.015652241	0.9843478
0.031019865	0.9689801
0.99624026	0.0037597944
0.9970757	0.002924345
0.9965417	0.0034583253
0.0042289123	0.9957711
0.99047613	0.009523857
0.004883118	0.99511683
0.9983949	0.0016051099
0.99810815	0.0018917961
0.002638303	0.9973617
0.4532215	0.5467785
0.9129661	0.087033905
0.9895195	0.010480503
0.019521106	0.98047894
0.9976615	0.0023384818
0.011878537	0.9881215
0.008184205	0.99181575
0.002453918	0.997546
0.99794	0.0020599968
0.99829775	0.0017023262
0.0020004278	0.9979996
0.0038606853	0.99613935
0.048272785	0.95172715
0.9930434	0.0069565675
0.016016554	0.9839834
0.0024526862	0.9975473
0.002856162	0.9971438
0.99758077	0.002419226
0.9940399	0.0059601595
0.12339566	0.8766043
0.9980129	0.0019870193
0.99656737	0.0034326073
0.009822925	0.9901771
0.9968837	0.0031162258
0.020649191	0.9793508
0.0018100094	0.99819
0.0045824656	0.9954176
0.9984736	0.0015263828
0.11427187	0.8857281
0.014192645	0.9858073
0.019559437	0.98044056
0.98449904	0.015500947
0.9905205	0.009479483
0.050345574	0.9496544
0.01238354	0.9876165
0.9930698	0.0069301007
0.9702196	0.02978038
0.015863694	0.98413634
0.96364677	0.036353223
0.37055367	0.62944627
0.99322706	0.006772974
0.9939458	0.0060542473
0.9983706	0.0016294033
0.2557965	0.74420345
0.0020263619	0.9979736
0.017593993	0.982406
0.014005681	0.98599434
0.9951277	0.0048722955
0.0037741063	0.99622595
0.001994743	0.9980052
0.9981834	0.0018165479
0.051181525	0.9488185
0.9984175	0.0015824535
0.062345922	0.9376541
0.007024572	0.9929755
0.99792385	0.0020761082
0.010564081	0.9894359
0.007623702	0.99237627
0.11274223	0.88725775
0.99708074	0.0029191955
0.043089937	0.95691013
0.010024821	0.98997515
0.01618539	0.98381454
0.0026700306	0.99732995
0.99830484	0.0016951187
0.99240255	0.0075974194
0.012195799	0.9878042
0.9980976	0.0019023843
0.08405156	0.9159485
0.9983405	0.0016595172
0.9929645	0.0070355334
0.0018799907	0.99812
0.13326949	0.8667305
0.99648106	0.0035189393
0.99681705	0.003182963
0.9890759	0.010924146
0.9982535	0.0017464152
0.0025322358	0.99746776
0.0030698779	0.9969302
0.99717003	0.0028299745
0.997497	0.0025029893
0.7551091	0.24489096
0.99794513	0.0020549227
0.04209834	0.95790166
0.9250481	0.074951865
0.9893471	0.010652848
0.99578285	0.004217174
0.99747866	0.002521297
0.5788389	0.42116114
0.96878505	0.031214898
0.982252	0.017748041
0.002118381	0.9978816
0.99763906	0.00236097
0.9939715	0.006028495
0.9909203	0.00907972
0.07972943	0.9202706
0.99763703	0.0023629945
0.10363896	0.896361
0.0031925573	0.99680746
0.9894497	0.01055027
0.9927757	0.0072243046
0.9965803	0.0034196735
0.0023909209	0.997609
0.99795204	0.0020479641
0.9983601	0.0016399317
0.0021229046	0.9978771
0.08688929	0.9131108
0.9883612	0.01163884
0.19957386	0.8004261
0.002029217	0.99797076
0.99754214	0.0024578269
0.99673057	0.0032694642
0.9929969	0.007003162
0.99193925	0.008060733
0.01911167	0.9808883
0.0037736024	0.99622643
0.99794203	0.0020579835
0.002096971	0.997903
0.0030641363	0.99693584
0.0020025878	0.99799734
0.99729913	0.0027009335
0.002850625	0.9971494
0.007536195	0.9924638
0.9978948	0.0021051732
0.0026522873	0.9973477
0.07768477	0.9223152
0.014026385	0.9859736
0.8547157	0.14528434
0.017836021	0.982164
0.0026879301	0.99731207
0.8403547	0.15964533
0.9899082	0.0100917965
0.002055654	0.9979443
0.12521087	0.8747892
0.002154966	0.99784505
0.99799407	0.0020059375
0.99654585	0.003454145
0.051903043	0.94809693
0.07204247	0.92795753
0.006643774	0.9933562
0.99211615	0.007883823
0.85807997	0.14191997
0.99216276	0.0078372015
0.0019531578	0.9980469
0.0018659399	0.9981341
0.96965325	0.030346705
0.002478447	0.9975216
0.02507453	0.9749255
0.74384344	0.25615656
0.9980804	0.0019196256
0.9896458	0.010354153
0.87549466	0.12450536
0.9948289	0.0051711123
0.005817416	0.9941825
0.008469603	0.9915304
0.9983542	0.0016458342
0.9009424	0.099057645
0.9967104	0.00328958
0.994759	0.0052409265
0.991437	0.008562973
0.9932661	0.006733949
0.99527377	0.0047262986
0.992071	0.007929036
0.25060916	0.7493909
0.0075287158	0.9924712
0.99819046	0.001809584
0.96741384	0.032586154
0.9739318	0.026068231
0.9283002	0.07169975
0.99635726	0.0036427665
0.0019528992	0.9980471
0.0028288525	0.9971712
0.0022439633	0.99775606
0.003245567	0.99675447
0.99734	0.002660021
0.9942266	0.0057733967
0.010053119	0.9899469
0.9980673	0.0019326626
0.0018216061	0.99817836
0.18005666	0.81994337
0.974246	0.025753945
0.0031624208	0.9968376
0.015434115	0.9845659
0.9758506	0.024149437
0.9879479	0.012052144
0.9982888	0.0017111851
0.0033846516	0.99661535
0.9802791	0.019720847
0.98500746	0.014992621
0.0019817594	0.99801826
0.994733	0.0052670264
0.011236822	0.9887631
0.962318	0.03768193
0.99485	0.0051500276
0.0126162255	0.9873838
0.001813849	0.9981862
0.02681379	0.9731862
0.0076384866	0.99236155
0.83068883	0.1693112
0.0063497825	0.99365026
0.8639816	0.13601844
0.9402322	0.059767786
0.9979527	0.0020472403
0.99742174	0.0025782834
0.035571974	0.96442795
0.0084157465	0.9915842
0.0074971225	0.9925029
0.0024961056	0.99750394
0.006128367	0.9938717
0.0074742283	0.9925257
0.008330532	0.9916694
0.03641506	0.9635849
0.9982835	0.0017165141
0.013564612	0.98643535
0.0076371785	0.99236286
0.011865587	0.9881344
0.97593325	0.024066685
0.078621976	0.921378
0.9976432	0.002356744
0.004677283	0.99532276
0.77100843	0.22899154
0.9893289	0.010671121
0.063601814	0.9363982
0.018589986	0.98141
0.97918016	0.020819824
0.06317626	0.9368237
0.9983991	0.0016008782
0.1392142	0.8607858
0.05341789	0.94658214
0.6782159	0.32178405
0.9953413	0.0046587414
0.6160927	0.38390735
0.0020271759	0.9979728
0.097384304	0.9026157
0.9883128	0.011687179
0.0027527327	0.9972473
0.03332931	0.9666707
0.15416245	0.84583753
0.9962935	0.0037065027
0.9957146	0.0042853337
0.05047381	0.9495262
0.99315923	0.0068407673
0.9980926	0.0019073661
0.97224957	0.027750496
0.04211348	0.9578865
0.014343892	0.98565614
0.98770696	0.012293037
0.9883315	0.011668502
0.0039452263	0.99605477
0.06043504	0.93956494
0.01277343	0.98722655
0.9689873	0.031012727
0.9964845	0.0035154598
0.020830967	0.9791691
0.02126136	0.9787386
0.02114013	0.9788599
0.99281925	0.0071806875
0.9964406	0.0035594313
0.9984023	0.0015977207
0.0057970057	0.99420303
0.65304905	0.34695095
0.03294596	0.96705407
0.99709904	0.002900957
0.5318555	0.4681445
0.0020220387	0.99797803
0.059472855	0.9405272
0.98667926	0.013320785
0.34793633	0.6520637
0.0021657692	0.99783427
0.0018904083	0.9981096
0.0054439562	0.99455607
0.9976858	0.0023142146
0.08833079	0.91166914
0.0064707203	0.99352926
0.1820261	0.8179739
0.027008586	0.97299135
0.005425502	0.9945745
0.99756205	0.002437972
0.9979526	0.0020473853
0.82731354	0.17268644
0.98510945	0.014890548
0.13730092	0.8626991
0.92803496	0.07196512
0.8259649	0.1740351
0.046315126	0.9536848
0.0038263458	0.9961737
0.9982674	0.0017325232
0.009085058	0.9909149
0.9850079	0.014992113
0.095343195	0.9046568
0.9849585	0.015041449
0.12754244	0.87245756
0.0020097652	0.99799025
0.99380726	0.0061926907
0.97179395	0.02820601
0.009233742	0.9907663
0.051203202	0.94879687
0.9967656	0.0032343932
0.0019815941	0.9980184
0.003461916	0.99653804
0.9917156	0.008284375
0.9647471	0.035252936
0.98730624	0.012693703
0.99811006	0.0018899235
0.95011455	0.049885403
0.99460286	0.0053971233
0.0019067734	0.9980932
0.02137022	0.97862977
0.9946233	0.0053767026
0.99085426	0.009145683
0.9884798	0.011520197
0.7423089	0.2576911
0.9960466	0.003953356
0.005662539	0.9943375
0.0022006542	0.99779934
0.029557358	0.97044265
0.9972339	0.0027660734
0.98734456	0.012655455
0.9976513	0.0023487618
0.8758789	0.124121144
0.9976198	0.002380131
0.9980805	0.0019195168
0.99685293	0.003147053
0.012117588	0.9878824
0.9950394	0.00496064
0.9104108	0.089589156
0.061099418	0.9389006
0.0019838354	0.9980161
0.01948269	0.9805173
0.0078009753	0.992199
0.0033224623	0.9966775
0.95843387	0.04156617
0.9923934	0.0076066507
0.9953246	0.004675348
0.38428724	0.61571276
0.9777648	0.022235159
0.018040756	0.9819593
0.99781847	0.0021815244
0.8945508	0.105449185
0.9611748	0.038825147
0.996861	0.0031389734
0.0018069802	0.9981931
0.9956683	0.004331749
0.042821717	0.9571783
0.99189293	0.008107044
0.9972299	0.0027700786
0.99749327	0.0025066978
0.9972211	0.0027789131
0.004291418	0.9957086
0.0030474046	0.99695253
0.9943803	0.0056197112
0.002814515	0.9971854
0.017893068	0.98210686
0.010205835	0.98979414
0.7478377	0.25216228
0.001936645	0.9980634
0.0021572064	0.9978428
0.0021702317	0.99782974
0.0050634993	0.99493647
0.03423746	0.96576256
0.006708218	0.99329174
0.9976439	0.00235615
0.9934802	0.0065198396
0.990078	0.009922042
0.85862	0.14138004
0.037010234	0.9629898
0.9891468	0.010853146
0.9971999	0.0028000856
0.0032643902	0.99673563
0.9984835	0.0015165558
0.036186516	0.96381354
0.018646374	0.98135364
0.0023347184	0.9976653
0.956368	0.043632008
0.99840254	0.0015974453
0.006152505	0.99384755
0.9977405	0.00225946
0.9922449	0.007755104
0.0025838737	0.99741614
0.9978168	0.0021831775
0.92856616	0.07143382
0.105893016	0.8941069
0.99708337	0.002916615
0.99816185	0.0018381822
0.0038301412	0.99616987
0.037070636	0.9629293
0.9981413	0.0018587018
0.9968918	0.003108262
0.22037077	0.77962923
0.97956586	0.02043417
0.023588933	0.97641104
0.0077766357	0.99222344
0.9970739	0.0029261517
0.03189825	0.9681017
0.99765515	0.0023448688
0.04551441	0.95448554
0.99528366	0.004716359
0.99449605	0.005503936
0.99391323	0.0060867746
0.0031412255	0.9968587
0.9900501	0.00994999
0.0021916747	0.9978084
0.071319714	0.92868024
0.9972972	0.0027027836
0.95319784	0.04680218
0.0025518395	0.9974482
0.030006332	0.96999365
0.025428666	0.97457135
0.007473274	0.99252677
0.00864236	0.9913577
0.128834	0.871166
0.9970457	0.0029543526
0.99685353	0.0031464864
0.0038988614	0.99610114
0.0024962598	0.9975037
0.9810482	0.018951777
0.2878075	0.71219254
0.99529725	0.0047027
0.1376016	0.8623984
0.9970619	0.0029380594
0.9950623	0.004937744
0.0739314	0.9260686
0.35469085	0.6453091
0.9984074	0.0015926416
0.0030758174	0.9969242
0.99797696	0.0020231006
0.004573	0.995427
0.003111368	0.9968886
0.0025559256	0.99744403
0.9943703	0.0056297234
0.016112372	0.9838876
0.9339977	0.06600229
0.0056287143	0.99437135
0.011963239	0.98803675
0.01212066	0.98787934
0.004259806	0.9957402
0.9979626	0.0020374507
0.9666803	0.03331974
0.008343635	0.9916564
0.07453002	0.92547
0.7087134	0.2912866
0.0019117484	0.9980882
0.016941704	0.98305833
0.99827695	0.0017230156
0.9841537	0.015846321
0.9962716	0.0037284035
0.038942363	0.96105766
0.0028904576	0.9971096
0.0019258691	0.99807405
0.99300873	0.0069912905
0.028008603	0.97199136
0.9972372	0.00276272
0.03551118	0.96448886
0.09420761	0.9057924
0.9975751	0.0024248494
0.0070108986	0.99298906
0.0041907486	0.9958093
0.05696879	0.94303125
0.0020623617	0.9979377
0.9830284	0.01697162
0.019849313	0.9801507
0.99691916	0.003080867
0.039075423	0.96092457
0.21549998	0.78449994
0.6847392	0.3152609
0.0044514593	0.9955485
0.0065447907	0.99345523
0.99087393	0.009126069
0.0017881878	0.99821186
0.13423473	0.86576533
0.9947747	0.005225294
0.006403242	0.9935968
0.0019491599	0.9980508
0.0025022274	0.99749774
0.9983816	0.0016183872
0.01337274	0.9866273
0.9962747	0.0037253671
0.001923515	0.99807644
0.07899916	0.92100084
0.0041848384	0.9958152
0.96149784	0.038502198
0.0023527492	0.9976472
0.99613	0.0038700378
0.012871386	0.9871286
0.005620836	0.9943791
0.004074891	0.99592507
0.9983577	0.0016422807
0.9926825	0.0073175156
0.08700894	0.912991
0.99812406	0.0018759499
0.9966196	0.0033804467
0.03769556	0.9623045
0.061368503	0.93863153
0.9946609	0.0053391526
0.99460125	0.005398798
0.13726696	0.86273307
0.99810684	0.0018931844
0.99747133	0.0025287215
0.018836303	0.9811637
0.003186469	0.9968136
0.006019672	0.9939804
0.9891339	0.010866146
0.9980558	0.0019441822
0.008647823	0.9913522
0.0055548297	0.99444515
0.016899006	0.983101
0.9894252	0.010574788
0.0022412979	0.9977586
0.6242892	0.37571073
0.9977349	0.002265125
0.00435813	0.9956418
0.040890273	0.9591098
0.9978005	0.0021994442
0.010196265	0.9898037
0.9965233	0.0034766775
0.99726945	0.0027305682
0.99825305	0.0017469216
0.99694663	0.0030533208
0.017972251	0.98202777
0.9344165	0.06558354
0.044853237	0.9551468
0.053358857	0.9466411
0.07392379	0.92607623
0.9975967	0.0024033345
0.7957894	0.20421058
0.9779871	0.022012874
0.042444177	0.9575558
0.0019112126	0.9980888
0.9947988	0.005201148
0.0018970988	0.9981029
0.99181795	0.008182065
0.066739075	0.93326086
0.003383005	0.996617
0.00708378	0.9929162
0.9894198	0.010580228
0.9982949	0.0017051144
0.0094617605	0.99053824
0.9878754	0.01212463
0.9925102	0.0074898237
0.99746037	0.0025395474
0.9755765	0.02442344
0.0019535017	0.9980465
0.0019762951	0.99802375
0.023707379	0.9762926
0.9958437	0.004156339
0.9961222	0.0038777622
0.0032527742	0.99674726
0.0018056142	0.9981944
0.0049419724	0.99505806
0.0111060245	0.98889405
0.025398456	0.97460157
0.997071	0.0029289743
0.99364096	0.0063590705
0.99775714	0.0022428958
0.0020308846	0.9979691
0.99002725	0.009972688
0.9956957	0.0043042814
0.99295115	0.007048854
0.12966083	0.87033916
0.021370083	0.9786299
0.99695444	0.0030455824
0.9345915	0.06540848
0.08753704	0.912463
0.070652686	0.92934734
0.047734417	0.9522655
0.0024700277	0.99753004
0.0017881	0.99821186
0.9926519	0.0073481845
0.99601054	0.0039894124
0.99236614	0.007633803
0.0113162715	0.98868376
0.99786913	0.0021308865
0.98707515	0.012924803
0.0017604622	0.9982395
0.99408567	0.0059143594
0.017424606	0.9825754
0.9974897	0.0025103576
0.9967288	0.0032711641
0.996808	0.0031919382
0.0020363203	0.99796367
0.98719597	0.01280405
0.99611413	0.0038858717
0.0646806	0.93531936
0.0022421023	0.997758
0.051816188	0.94818383
0.0025748352	0.9974252
0.7801413	0.21985869
0.0021025105	0.9978975
0.04753124	0.9524688
0.9879481	0.012051859
0.006070555	0.9939294
0.99202865	0.007971322
0.0062853196	0.99371463
0.9973333	0.0026666827
0.0018637514	0.9981363
0.0061111655	0.99388885
0.9955584	0.004441598
0.99624014	0.0037599085
0.97467935	0.025320599
0.0024484734	0.9975515
0.0031990057	0.996801
0.97368515	0.026314883
0.0088866595	0.99111336
0.99434644	0.005653525
0.0019599884	0.99804
0.010311545	0.9896884
0.02009848	0.97990155
0.9977969	0.0022030973
0.99806017	0.0019398245
0.9982022	0.0017977896
0.0023687028	0.9976313
0.9976584	0.002341563
0.024421759	0.97557825
0.97927547	0.020724475
0.021554228	0.97844577
0.03176571	0.96823436
0.054191418	0.9458086
0.0058690654	0.9941309
0.9967597	0.0032402861
0.9967733	0.0032267238
0.7934084	0.20659159
0.058356345	0.94164366
0.0054151244	0.99458486
0.99755573	0.0024442284
0.9978636	0.0021364293
0.99675745	0.0032425432
0.013358289	0.98664165
0.9974253	0.0025747595
0.48231786	0.51768214
0.002656367	0.9973436
0.013733313	0.9862666
0.2560654	0.7439346
0.989786	0.010213893
0.002306222	0.9976937
0.9977709	0.0022291087
0.9907573	0.009242785
0.9918105	0.008189498
0.17782848	0.82217157
0.9888763	0.011123729
0.16686489	0.83313507
0.99742234	0.0025777344
0.9932674	0.006732657
0.00861284	0.9913872
0.99589396	0.0041060904
0.003295395	0.99670464
0.9984945	0.0015054422
0.014388068	0.9856119
0.9945779	0.005422112
0.066410966	0.933589
0.99617165	0.0038283186
0.99175316	0.008246863
0.9894678	0.010532207
0.992938	0.007062026
0.039603576	0.96039647
0.9965918	0.0034082718
0.9983076	0.0016923491
0.025468452	0.9745316
0.24271797	0.7572821
0.99036694	0.009633061
0.00277368	0.9972263
0.9975835	0.002416534
0.0066274805	0.99337256
0.0075908243	0.9924091
0.002752646	0.9972473
0.9800061	0.01999396
0.9963257	0.0036743209
0.069435306	0.9305647
0.99843234	0.0015676289
0.99613285	0.0038672008
0.0019519329	0.99804807
0.99037486	0.009625057
0.0024765143	0.9975235
0.0022869492	0.9977131
0.0460863	0.9539137
0.019561559	0.9804385
0.9968622	0.0031378039
0.001948853	0.99805117
0.99693215	0.0030677768
0.0017910796	0.9982089
0.031084707	0.9689153
0.9635854	0.036414694
0.9975062	0.0024938295
0.0036345446	0.9963654
0.01366227	0.9863377
0.9922605	0.0077395323
0.9937617	0.0062383353
0.99839133	0.0016086962
0.0067768567	0.9932232
0.0052097905	0.9947902
0.9969119	0.0030880312
0.14573188	0.85426813
0.00960517	0.9903949
0.04507401	0.95492595
0.96023816	0.03976178
0.9897216	0.01027841
0.019079175	0.9809208
0.0018970827	0.9981029
0.04406347	0.95593655
0.99499524	0.0050047967
0.99248135	0.007518711
0.042691223	0.9573088
0.0021642265	0.9978358
0.043980602	0.95601946
0.99814546	0.0018545408
0.03673967	0.9632603
0.0067099594	0.99329007
0.99626887	0.0037311355
0.83551043	0.16448957
0.9952395	0.0047604786
0.99581367	0.004186305
0.9883156	0.011684437
0.99606776	0.0039322292
0.9965569	0.0034431543
0.008075414	0.9919246
0.015362917	0.98463714
0.002723297	0.9972767
0.99781454	0.0021853868
0.0017731746	0.9982268
0.0059815915	0.99401844
0.059089974	0.94091004
0.9843625	0.015637487
0.003172571	0.9968274
0.9957248	0.0042751725
0.98770255	0.012297502
0.038020052	0.96197987
0.004374795	0.9956252
0.0020960255	0.99790394
0.951707	0.048293076
0.017418051	0.982582
0.9977842	0.0022157708
0.0020777537	0.99792224
0.9975701	0.0024299151
0.0018956765	0.99810433
0.15120363	0.84879637
0.99666923	0.003330799
0.0021237815	0.9978763
0.997821	0.0021790846
0.004944569	0.99505544
0.004593484	0.9954065
0.007982669	0.9920174
0.03543266	0.96456736
0.0018247352	0.99817526
0.0023043137	0.9976956
0.99815184	0.0018481656
0.92402756	0.07597238
0.002472684	0.9975273
0.01625942	0.9837406
0.0023729377	0.9976271
0.9919076	0.008092433
0.06758779	0.93241227
0.004658994	0.99534106
0.0019737985	0.9980262
0.9972474	0.002752519
0.0020374833	0.9979625
0.6110874	0.38891265
0.9945503	0.0054497267
0.009020613	0.99097943
0.349982	0.650018
0.00229016	0.9977099
0.09958131	0.90041864
0.9983828	0.0016171641
0.9949679	0.005032147
0.9955373	0.0044627627
0.9964174	0.0035826475
0.996262	0.0037380264
0.002716326	0.9972837
0.023446022	0.9765539
0.007545166	0.99245477
0.9981001	0.0018998672
0.17373128	0.82626873
0.99279565	0.007204353
0.7929864	0.20701364
0.11530909	0.8846909
0.99723756	0.0027624443
0.9954347	0.0045652837
0.99058074	0.009419261
0.9918155	0.008184507
0.7231748	0.2768252
0.99146503	0.008534932
0.0050235996	0.9949764
0.9982742	0.0017258247
0.6557675	0.34423247
0.99504375	0.004956202
0.039092083	0.96090794
0.79080313	0.20919687
0.006283986	0.99371606
0.9970866	0.002913483
0.0039389525	0.996061
0.018281164	0.98171884
0.984821	0.015179024
0.004553787	0.9954462
0.02210606	0.97789395
0.9893477	0.010652335
0.9958988	0.0041012247
0.0019511407	0.9980489
0.044669986	0.9553301
0.99522036	0.0047796434
0.2533544	0.74664557
0.9980154	0.001984602
0.99496245	0.005037514
0.5685872	0.43141282
0.009730433	0.99026954
0.0024414512	0.9975585
0.123282984	0.87671703
0.0020163713	0.9979836
0.99789363	0.0021064219
0.9983431	0.001656884
0.99545527	0.0045446786
0.9976978	0.0023022166
0.0022451356	0.9977549
0.89962876	0.10037122
0.99686867	0.0031312718
0.9838573	0.016142715
0.98608273	0.013917298
0.0861343	0.9138657
0.038570628	0.9614294
0.07165274	0.92834723
0.01935431	0.9806457
0.009426133	0.9905738
0.99704915	0.0029509107
0.0031778007	0.99682224
0.0020278457	0.9979722
0.05726879	0.9427312
0.0055358373	0.9944642
0.9965938	0.0034061733
0.002428676	0.9975713
0.0039705965	0.9960294
0.939213	0.06078698
0.9981806	0.0018193783
0.0028053496	0.99719465
0.99416995	0.0058301273
0.9943321	0.0056678653
0.025825646	0.9741744
0.018154455	0.9818456
0.012008243	0.98799175
0.23464467	0.7653553
0.015402814	0.98459727
0.01982638	0.9801736
0.0021762971	0.9978237
0.99329925	0.006700762
0.0024830124	0.997517
0.99303585	0.006964118
0.99813336	0.0018666747
0.9969241	0.003075908
0.0017943479	0.99820566
0.9982299	0.0017700762
0.47110012	0.52889985
0.018476926	0.9815231
0.0072939857	0.992706
0.001983016	0.99801695
0.99294645	0.0070535443
0.9941427	0.0058572916
0.037590187	0.9624098
0.003157374	0.9968426
0.993361	0.0066389805
0.9848643	0.0151357595
0.99804807	0.001951942
0.028559996	0.97144
0.0025088883	0.9974911
0.99078345	0.0092164865
0.9866432	0.013356781
0.9981863	0.0018136365
0.0019397625	0.99806017
0.9972154	0.002784625
0.010616238	0.98938376
0.0023311158	0.9976688
0.99446315	0.0055368897
0.0029025958	0.9970974
0.9969772	0.0030228358
0.0035445762	0.99645543
0.004784454	0.99521554
0.99797434	0.0020256138
0.028601633	0.9713984
0.9977214	0.0022786628
0.99123305	0.0087669045
0.9877103	0.01228968
0.99713516	0.0028647818
0.1669797	0.8330203
0.997168	0.0028319773
0.891854	0.10814601
0.0027766465	0.9972234
0.0932088	0.90679127
0.004804677	0.9951953
0.9982457	0.0017542653
0.0032808767	0.99671906
0.030619537	0.9693805
0.9963744	0.0036255002
0.0025652545	0.9974348
0.9954862	0.004513755
0.9953107	0.0046892585
0.9941711	0.005828861
0.99673307	0.003266929
0.020360544	0.97963953
0.003081777	0.9969182
0.055100482	0.9448995
0.8145972	0.18540275
0.0058315555	0.9941684
0.99775535	0.0022447065
0.0025031655	0.9974968
0.99842703	0.0015730456
0.021078965	0.978921
0.9943651	0.005634904
0.9948279	0.0051720324
0.02540675	0.9745933
0.9941063	0.0058936886
0.99620384	0.0037962224
0.03963356	0.9603665
0.9290757	0.070924275
0.97442436	0.025575591
0.013473496	0.9865264
0.9967619	0.0032381082
0.002068346	0.9979316
0.99320483	0.006795117
0.021209732	0.9787902
0.038578976	0.961421
0.004882391	0.99511766
0.79142165	0.20857833
0.99708396	0.0029160324
0.9967853	0.003214682
0.015964866	0.98403513
0.99612087	0.0038791297
0.08769899	0.912301
0.004214817	0.9957852
0.9978294	0.0021706116
0.0033143503	0.9966857
0.9984818	0.0015182551
0.013132501	0.98686755
0.04899421	0.95100576
0.4452674	0.5547326
0.9922861	0.0077139516
0.0018429189	0.9981571
0.98591447	0.014085462
0.0033625434	0.99663746
0.99471635	0.0052836137
0.99450916	0.0054909014
0.83060855	0.16939142
0.990594	0.0094059855
0.0060110097	0.993989
0.99708813	0.0029118317
0.05679599	0.943204
0.0025186555	0.9974814
0.95381767	0.046182346
0.99770325	0.0022967337
0.0026382415	0.9973617
0.9975012	0.0024988272
0.87123847	0.12876157
0.9974523	0.0025476434
0.9316979	0.06830216
0.003941537	0.99605846
0.00951852	0.99048156
0.9963158	0.0036842101
0.14685872	0.85314125
0.026782153	0.9732178
0.9817779	0.01822212
0.9940654	0.0059346184
0.0022265795	0.99777335
0.99830663	0.0016933436
0.8064333	0.19356665
0.99447507	0.0055249133
0.99427706	0.005722905
0.9944266	0.0055734203
0.99017817	0.009821876
0.0019665868	0.99803346
0.9942873	0.0057127452
0.99552757	0.004472476
0.0027459397	0.9972541
0.99790835	0.0020916555
0.01423201	0.985768
0.9981198	0.0018802288
0.0018921052	0.9981079
0.9032601	0.09673992
0.05618628	0.94381374
0.986779	0.013221004
0.99083966	0.009160404
0.9911124	0.008887587
0.0023934962	0.9976065
0.9428003	0.05719968
0.002001174	0.9979988
0.9963342	0.0036658086
0.034136936	0.9658631
0.9613209	0.03867908
0.48064467	0.5193553
0.9960675	0.003932453
0.98095256	0.019047445
0.9953414	0.004658536
0.0020441592	0.9979558
0.99839056	0.0016094928
0.017562412	0.98243755
0.997647	0.0023529665
0.0018640566	0.9981359
0.0072600762	0.99274
0.995259	0.0047410442
0.0035141138	0.99648595
0.9937785	0.006221505
0.95850724	0.041492775
0.0025458024	0.9974542
0.9966595	0.0033404739
0.004304609	0.99569535
0.9797514	0.02024854
0.5058441	0.49415588
0.99099743	0.009002504
0.9843688	0.015631191
0.99359554	0.006404437
0.9975339	0.0024661138
0.0066431006	0.9933569
0.0028641068	0.9971359
0.7975102	0.20248976
0.99765414	0.002345914
0.9980192	0.001980826
0.012349121	0.98765093
0.0020473553	0.9979526
0.0018303336	0.99816966
0.020141762	0.9798583
0.92375743	0.07624256
0.002003382	0.9979966
0.9980691	0.0019308792
0.9970884	0.0029116464
0.061753716	0.9382463
0.01712758	0.9828724
0.0026011767	0.99739885
0.019190984	0.980809
0.23489311	0.76510686
0.9977325	0.0022674548
0.01087261	0.98912734
0.9982761	0.0017238985
0.060413223	0.93958676
0.15134786	0.8486521
0.08111502	0.91888493
0.9977386	0.0022614112
0.0019338357	0.9980661
0.004541526	0.9954585
0.9688994	0.031100638
0.016637525	0.9833625
0.9954418	0.0045582447
0.9973316	0.0026684143
0.99758124	0.0024187602
0.2224714	0.7775286
0.21086289	0.7891371
0.002269596	0.99773043
0.9979353	0.0020646772
0.99370015	0.0062998524
0.112484656	0.88751537
0.0034825203	0.9965174
0.99788254	0.0021174822
0.017007375	0.9829926
0.9903376	0.009662382
0.99629325	0.0037067172
0.9932462	0.0067538223
0.015616716	0.9843833
0.9976261	0.002373884
0.97811615	0.021883838
0.0031721294	0.9968279
0.9965172	0.003482782
0.018153995	0.98184603
0.99817324	0.0018267479
0.014237119	0.98576283
0.9970145	0.0029854688
0.9893929	0.010607107
0.0017754667	0.99822456
0.9968251	0.0031749383
0.03376683	0.96623313
0.99470335	0.005296692
0.97276014	0.027239863
0.9983448	0.001655252
0.99228376	0.007716277
0.9958919	0.0041079996
0.014880247	0.98511976
0.9904507	0.009549373
0.99707484	0.0029251697
0.0077825906	0.9922174
0.99768865	0.0023113007
0.0018585065	0.9981415
0.0044393167	0.99556065
0.0018384648	0.9981615
0.027399745	0.9726002
0.001884738	0.9981153
0.042103667	0.95789635
0.9891418	0.010858211
0.0019465062	0.99805355
0.0018722294	0.99812776
0.7570723	0.24292767
0.011979777	0.98802024
0.007411618	0.9925884
0.0036597908	0.9963403
0.9956124	0.00438761
0.9890541	0.010945884
0.9889209	0.011079002
0.9984262	0.0015738148
0.99837315	0.0016267773
0.9974234	0.0025766261
0.030090893	0.9699091
0.0026737663	0.99732625
0.4932799	0.5067201
0.9962477	0.0037523308
0.9844321	0.015567928
0.006641207	0.9933588
0.9849069	0.015093085
0.011084301	0.9889157
0.011543695	0.98845637
0.9753128	0.024687158
0.017544437	0.9824555
0.9743249	0.025675157
0.99467045	0.0053295884
0.9172751	0.082724966
0.9951113	0.004888708
0.00482159	0.99517846
0.011700783	0.98829925
0.9716077	0.028392376
0.003121722	0.99687827
0.0020745213	0.9979254
0.99819356	0.0018064566
0.026373224	0.9736268
0.9979102	0.0020897274
0.99770594	0.0022940934
0.00973867	0.9902614
0.06523202	0.934768
0.00406153	0.9959384
0.99440116	0.0055988566
0.9923543	0.0076456815
0.003449541	0.99655044
0.002256942	0.9977431
0.0020263214	0.9979736
0.028861227	0.9711387
0.01091327	0.98908675
0.0025968095	0.9974032
0.027998896	0.97200114
0.0019325531	0.99806744
0.9972796	0.0027204002
0.002801921	0.9971981
0.05995136	0.9400487
0.9975643	0.0024356816
0.022725094	0.9772749
0.99369025	0.006309765
0.99771845	0.002281612
0.0018122	0.99818784
0.9844124	0.015587604
0.02114054	0.9788594
0.98925763	0.010742418
0.19378236	0.8062177
0.0026345241	0.99736553
0.02312272	0.9768772
0.99797565	0.0020244054
0.9964896	0.0035104223
0.9231103	0.076889716
0.010055624	0.98994434
0.025947206	0.9740528
0.99834144	0.0016585063
0.9949897	0.0050102747
0.002287663	0.9977124
0.9978982	0.0021017161
0.0020094612	0.9979905
0.005025044	0.994975
0.513948	0.48605195
0.014804075	0.9851959
0.0020540878	0.99794596
0.002650391	0.9973496
0.009108971	0.99089104
0.96862227	0.031377673
0.7569615	0.24303846
0.99673754	0.0032624947
0.005029433	0.9949706
0.9920551	0.007944861
0.9983747	0.0016253284
0.002574365	0.9974256
0.9916835	0.008316458
0.0024613757	0.9975387
0.99582905	0.004170963
0.04673653	0.95326346
0.9958917	0.0041083274
0.98952764	0.010472342
0.9975083	0.0024916383
0.99695444	0.0030455391
0.0018945977	0.9981054
0.01188193	0.9881181
0.99784446	0.0021554828
0.005273654	0.99472636
0.012875718	0.9871243
0.040443182	0.9595568
0.998226	0.0017740086
0.3371223	0.6628777
0.9921516	0.007848453
0.014769051	0.9852309
0.9978452	0.0021548697
0.32919908	0.67080086
0.997644	0.002355984
0.9983583	0.0016416742
0.0033093023	0.99669063
0.0019427108	0.9980573
0.039384697	0.96061534
0.06444815	0.9355519
0.0023640154	0.99763596
0.99769175	0.0023082416
0.99531174	0.004688226
0.9930791	0.006920879
0.995112	0.0048880535
0.99597615	0.004023892
0.0020431315	0.9979569
0.030630551	0.9693694
0.99531966	0.0046803476
0.99237823	0.0076217037
0.005202616	0.99479735
0.9982558	0.0017442387
0.9984332	0.0015667994
0.008281802	0.9917182
0.0021544974	0.99784553
0.9888554	0.011144603
0.019597478	0.98040247
0.07265963	0.9273404
0.99539477	0.0046051634
0.9981633	0.001836776
0.001956175	0.9980438
0.9957942	0.004205853
0.0078872405	0.99211276
0.0024391762	0.99756086
0.9544694	0.045530614
0.98933	0.010670024
0.015966251	0.9840337
0.9399289	0.060071047
0.99720407	0.0027959156
0.9708981	0.029101951
0.99562186	0.004378119
0.001910114	0.99808985
0.9982121	0.0017878958
0.99544346	0.004556594
0.003624543	0.9963755
0.015024264	0.98497576
0.99736315	0.0026368983
0.0028052935	0.99719465
0.006663617	0.99333644
0.008243704	0.9917563
0.8779427	0.12205733
0.027063137	0.97293687
0.99278	0.007219935
0.24261786	0.7573821
0.03953396	0.9604661
0.021557072	0.9784429
0.9795447	0.020455351
0.9978155	0.0021845284
0.9982268	0.0017731544
0.9954352	0.004564807
0.9958145	0.0041854423
0.9908214	0.0091786515
0.04443117	0.9555688
0.0804732	0.9195268
0.99270976	0.0072901845
0.6880579	0.3119421
0.06710427	0.9328958
0.0040905923	0.99590945
0.018997328	0.9810027
0.012860061	0.98714
0.9833772	0.016622787
0.9972589	0.0027410837
0.976905	0.023094986
0.99817216	0.001827775
0.9870029	0.012997054
0.0687693	0.93123066
0.029019164	0.9709808
0.9953126	0.0046873894
0.992739	0.007260956
0.99838495	0.0016150299
0.99748164	0.0025184304
0.9941597	0.005840307
0.013059527	0.98694044
0.056530077	0.94346994
0.22193044	0.77806956
0.002049247	0.99795073
0.99723333	0.0027666388
0.0018301158	0.9981699
0.992438	0.007561981
0.1280214	0.87197864
0.9976018	0.0023982043
0.011374844	0.98862517
0.99133074	0.008669221
0.9982273	0.001772696
0.995413	0.004587066
0.99725145	0.0027485762
0.99313486	0.0068651102
0.007781302	0.99221873
0.99227846	0.0077215284
0.989486	0.010513959
0.004108253	0.9958917
0.6480478	0.3519522
0.0021415222	0.99785846
0.99169356	0.00830642
0.9976324	0.002367643
0.98817796	0.011822047
0.005381892	0.9946181
0.9974354	0.0025646053
0.9982944	0.0017055902
0.002903899	0.99709606
0.99723816	0.002761794
0.0021643746	0.9978357
0.010233262	0.9897668
0.9782763	0.021723654
0.009967522	0.99003255
0.99747974	0.002520325
0.07167922	0.92832077
0.9960472	0.003952774
0.9948714	0.0051287003
0.9965544	0.0034456702
0.9786566	0.021343434
0.9963297	0.003670329
0.99605197	0.003948027
0.05153828	0.9484617
0.0020223833	0.9979777
0.0055226036	0.99447745
0.011471235	0.9885288
0.99697375	0.0030262605
0.9843269	0.015673053
0.99781525	0.0021846818
0.99825495	0.0017450425
0.9982133	0.0017867133
0.005392316	0.9946077
0.024555972	0.975444
0.030933645	0.9690664
0.9968279	0.0031720889
0.99837565	0.0016243646
0.98799396	0.012006038
0.31315213	0.6868479
0.07008193	0.9299181
0.06793219	0.93206775
0.001812413	0.9981876
0.0022603474	0.9977397
0.998092	0.0019079697
0.9975695	0.002430478
0.0118757505	0.9881243
0.9982547	0.0017452335
0.9914658	0.008534117
0.98775804	0.012242002
0.03886969	0.9611303
0.12731516	0.87268484
0.9974426	0.0025574432
0.0020174196	0.9979825
0.03901159	0.9609884
0.002190292	0.9978097
0.96109045	0.038909566
0.9867403	0.013259661
0.9982014	0.0017986258
0.0025606079	0.9974394
0.0032584313	0.9967416
0.91045815	0.08954192
0.035797887	0.96420217
0.0018220673	0.9981779
0.9975631	0.0024368672
0.9859044	0.014095631
0.0028470475	0.9971529
0.99628323	0.0037167468
0.0020084728	0.99799156
0.014337313	0.98566264
0.99827695	0.0017231044
0.007807722	0.9921923
0.00801113	0.99198884
0.04496041	0.95503956
0.013997834	0.9860022
0.997695	0.002304895
0.0021270372	0.99787295
0.13236396	0.867636
0.9976687	0.0023312464
0.9962314	0.0037685847
0.0020673946	0.9979327
0.0020882702	0.99791175
0.093285896	0.90671414
0.014278094	0.98572195
0.021044673	0.97895527
0.92431647	0.07568351
0.9957145	0.004285542
0.941755	0.05824506
0.046178754	0.95382124
0.012866515	0.9871335
0.9749638	0.025036262
0.9979577	0.0020423217
0.02408962	0.9759103
0.9914733	0.008526688
0.030458089	0.96954185
0.549351	0.45064905
0.059999194	0.94000083
0.0043876306	0.9956124
0.0053762	0.9946238
0.0023202111	0.99767977
0.9368045	0.0631955
0.99794334	0.0020566601
0.19254139	0.80745864
0.9978036	0.0021963823
0.0025545545	0.99744546
0.9984493	0.0015506315
0.01096817	0.98903185
0.9971486	0.0028514615
0.976304	0.023695946
0.99477935	0.0052206954
0.0023241276	0.99767584
0.9881039	0.011896062
0.0069258944	0.99307406
0.9826469	0.017353144
0.9914983	0.008501675
0.99573886	0.004261198
0.0036231705	0.9963768
0.011283084	0.98871696
0.9968868	0.0031131832
0.03209728	0.9679028
0.9955302	0.0044698142
0.01008253	0.98991746
0.102638006	0.897362
0.9873384	0.012661606
0.99813473	0.0018651888
0.005628295	0.99437165
0.007780323	0.9922197
0.0032304525	0.99676955
0.0019002353	0.99809974
0.9924826	0.0075173727
0.99159324	0.008406779
0.026703317	0.9732967
0.0033749535	0.99662507
0.9952396	0.004760407
0.04551877	0.9544812
0.9871377	0.012862337
0.9956909	0.004309091
0.99119085	0.008809152
0.0019447576	0.9980552
0.0018933464	0.9981066
0.9780425	0.021957504
0.99075013	0.009249852
0.018671492	0.9813285
0.9981384	0.0018615598
0.9014495	0.098550454
0.9904455	0.009554497
0.99397427	0.006025706
0.009002054	0.9909979
0.9922327	0.0077672694
0.8115834	0.1884166
0.006461974	0.99353796
0.0041452004	0.9958548
0.0018845971	0.9981154
0.0030679815	0.996932
0.9893435	0.010656502
0.0021454706	0.99785453
0.0019572384	0.9980427
0.9974517	0.002548276
0.027450876	0.97254914
0.005605468	0.99439454
0.001821445	0.9981786
0.98232573	0.017674258
0.21076141	0.78923863
0.011492678	0.9885074
0.0077520553	0.99224794
0.9976568	0.0023431424
0.9981172	0.0018828382
0.0052274596	0.9947725
0.99846315	0.0015368676
0.99787617	0.002123821
0.9630663	0.03693373
0.005420062	0.9945799
0.99762136	0.0023786882
0.99773884	0.0022611958
0.0022805019	0.99771947
0.011982801	0.9880172
0.9155055	0.084494404
0.99803597	0.0019640706
0.99416864	0.005831332
0.9958561	0.0041439175
0.9875553	0.012444712
0.108139805	0.89186025
0.6506602	0.34933984
0.0022849392	0.9977151
0.072686575	0.92731345
0.9950918	0.004908162
0.9889843	0.01101579
0.042556636	0.9574433
0.013550798	0.9864492
0.0021454592	0.99785453
0.99770975	0.0022902654
0.08484491	0.91515505
0.99468046	0.005319558
0.047649566	0.9523504
0.0019805676	0.99801946
0.9790115	0.02098853
0.0065761562	0.9934238
0.027317053	0.9726829
0.014843464	0.98515654
0.9969216	0.003078343
0.056501593	0.9434984
0.9973514	0.002648627
0.9958937	0.0041062892
0.97946084	0.0205392
0.00322246	0.9967776
0.008724555	0.9912754
0.0029531897	0.99704677
0.14271563	0.85728437
0.0066264262	0.99337363
0.0022422238	0.99775785
0.06412084	0.9358792
0.9247944	0.07520568
0.7931269	0.20687316
0.9949916	0.0050084065
0.9984156	0.0015844378
0.9958339	0.0041661514
0.95612687	0.043873142
0.009274206	0.9907258
0.105591714	0.8944083
0.99703026	0.0029697586
0.027595978	0.97240406
0.0026044345	0.9973955
0.0037592228	0.99624074
0.96557814	0.034421854
0.9964652	0.0035348195
0.053771954	0.9462281
0.0067341523	0.99326587
0.0953392	0.90466076
0.1159416	0.88405836
0.98723185	0.012768128
0.010834519	0.9891655
0.9950584	0.0049416465
0.002600809	0.9973992
0.040920824	0.95907915
0.99821174	0.001788243
0.9833709	0.016629094
0.99737525	0.002624713
0.9947582	0.0052417424
0.99761593	0.002384077
0.6565059	0.34349406
0.9715285	0.028471544
0.0026126613	0.99738735
0.935782	0.06421806
0.9968753	0.003124663
0.7350726	0.26492742
0.009127242	0.9908728
0.99814475	0.001855216
0.044019353	0.95598066
0.98656034	0.0134396935
0.9940241	0.0059759663
0.99555784	0.004442129
0.90045565	0.09954439
0.9906183	0.009381752
0.9963671	0.0036328733
0.03018213	0.9698178
0.92735875	0.07264123
0.002160034	0.9978399
0.98769903	0.012300984
0.013940902	0.9860591
0.99477285	0.005227105
0.9640981	0.03590188
0.0018847962	0.9981152
0.99651474	0.0034852785
0.9984102	0.0015896902
0.0031733324	0.9968266
0.0023959032	0.9976041
0.0019835539	0.9980165
0.99732345	0.0026766085
0.98512846	0.014871605
0.0017711064	0.99822897
0.9982393	0.0017607168
0.9943341	0.0056659114
0.013401799	0.98659813
0.005080709	0.99491924
0.09398285	0.9060171
0.0019989584	0.99800104
0.99406046	0.0059394864
0.9620421	0.037957877
0.8025722	0.19742784
0.99650806	0.0034919726
0.0028662973	0.99713373
0.0054190736	0.9945809
0.039007474	0.9609926
0.9978606	0.0021394226
0.9895063	0.010493745
0.0025200548	0.99748
0.9951132	0.0048867827
0.9971674	0.0028326402
0.045776498	0.95422345
0.002107978	0.9978921
0.9979126	0.0020874238
0.9369272	0.06307279
0.9980343	0.0019656548
0.0027030495	0.997297
0.004544021	0.995456
0.017425772	0.9825743
0.002668397	0.9973316
0.0020072532	0.99799275
0.9969715	0.0030285204
0.0120968055	0.9879032
0.016956592	0.9830434
0.26324272	0.7367573
0.07882351	0.9211765
0.011250929	0.988749
0.9983353	0.0016646935
0.027939593	0.9720604
0.03660249	0.96339756
0.99143654	0.008563463
0.99696004	0.00304004
0.99709487	0.0029051113
0.05426802	0.945732
0.0036987278	0.9963013
0.0018252183	0.9981748
0.9872687	0.012731324
0.8612126	0.13878739
0.9919652	0.008034817
0.051982693	0.9480173
0.016611645	0.9833884
0.0017412704	0.99825877
0.98733974	0.0126602575
0.9479411	0.05205887
0.9751775	0.024822446
0.0020016732	0.9979983
0.01430994	0.98569006
0.0067846924	0.9932153
0.99665135	0.003348698
0.083808094	0.9161919
0.0020110721	0.99798894
0.9982716	0.0017284227
0.99737203	0.0026279006
0.02199584	0.9780042
0.0032324614	0.9967675
0.0726098	0.9273902
0.99795806	0.0020419406
0.0023417594	0.99765825
0.0019138458	0.9980862
0.025321502	0.9746786
0.9866729	0.013327161
0.9984861	0.0015139552
0.097580105	0.90241987
0.0026910254	0.99730897
0.0043208217	0.9956792
0.0035627896	0.9964372
0.0070910277	0.99290895
0.001745541	0.9982545
0.99704933	0.00295063
0.99724174	0.002758315
0.003398595	0.99660134
0.99600357	0.0039964444
0.003114246	0.9968857
0.9968292	0.003170726
0.9801189	0.019881165
0.055904403	0.9440957
0.34372634	0.65627366
0.99118996	0.008810097
0.013219064	0.98678094
0.99636394	0.003636125
0.05930172	0.94069827
0.9939169	0.006083147
0.007851237	0.99214876
0.99459475	0.005405202
0.99656326	0.0034367808
0.07273872	0.92726123
0.38886467	0.6111353
0.0019259627	0.99807405
0.0025597394	0.9974402
0.99741507	0.0025849703
0.9945748	0.0054251724
0.9477142	0.052285764
0.002767288	0.99723274
0.9933351	0.006664854
0.30423582	0.6957642
0.99743974	0.0025602425
0.0019242724	0.9980757
0.00956837	0.9904316
0.002131521	0.9978684
0.0024099858	0.99759007
0.946802	0.053198043
0.2838438	0.7161562
0.038469207	0.9615308
0.0029800464	0.99701995
0.0021722482	0.9978277
0.99677616	0.0032238632
0.9945062	0.0054938244
0.0022053018	0.99779475
0.004831723	0.9951683
0.00264588	0.99735415
0.023311133	0.97668886
0.08598024	0.9140197
0.0072300383	0.9927699
0.9498321	0.050167944
0.002427518	0.9975725
0.06131867	0.9386813
0.2513441	0.74865586
0.0018251592	0.9981748
0.97956526	0.02043471
0.0031866767	0.99681336
0.9984463	0.00155369
0.99616987	0.0038301887
0.010078404	0.98992157
0.010832889	0.9891671
0.008833124	0.9911669
0.0020423895	0.9979576
0.9335063	0.06649367
0.99200237	0.007997636
0.9982584	0.0017415937
0.99521375	0.0047862665
0.9974496	0.0025504017
0.9960008	0.0039991383
0.004134624	0.99586535
0.90308565	0.09691439
0.0021532073	0.99784684
0.9980726	0.0019273289
0.0018504347	0.99814963
0.99776673	0.0022332934
0.0065060663	0.993494
0.0020562306	0.9979438
0.002702182	0.9972978
0.23427615	0.7657238
0.99626046	0.0037395288
0.0030100856	0.99698985
0.05553632	0.9444637
0.00210864	0.99789137
0.9970945	0.0029054538
0.99808466	0.0019153549
0.99691075	0.0030892307
0.00915821	0.99084175
0.0020124565	0.9979875
0.9780297	0.02197024
0.044312257	0.9556877
0.9936726	0.006327435
0.9971367	0.002863336
0.90137386	0.09862609
0.6278558	0.37214425
0.99413705	0.00586297
0.9644728	0.03552729
0.36225933	0.63774073
0.994926	0.0050740587
0.020702606	0.97929746
0.99601537	0.0039845873
0.9970624	0.0029376054
0.085562386	0.9144376
0.005388473	0.9946115
0.9640861	0.035913885
0.9983505	0.001649472
0.91879797	0.08120203
0.99006	0.009940012
0.0022181296	0.99778193
0.99829656	0.0017034563
0.009519792	0.99048024
0.0026476495	0.99735236
0.0022048864	0.9977951
0.0019205002	0.99807954
0.9612558	0.03874424
0.01609613	0.9839039
0.04914594	0.9508541
0.004649113	0.99535084
0.01953765	0.9804623
0.0018978446	0.9981021
0.0020177471	0.99798226
0.99315166	0.0068483553
0.0038727925	0.9961272
0.81054914	0.18945083
0.997322	0.0026779529
0.0024787914	0.9975212
0.05817176	0.94182825
0.0020266455	0.9979734
0.0024397632	0.99756026
0.98822767	0.011772373
0.035340838	0.9646592
0.0020879067	0.9979121
0.9984053	0.0015947844
0.9965166	0.0034834195
0.0033132588	0.99668676
0.0028568194	0.9971432
0.012384683	0.98761535
0.020545572	0.97945446
0.022014938	0.977985
0.9973847	0.0026152218
0.0063582757	0.9936418
0.9919748	0.008025232
0.0068316734	0.99316835
0.025533196	0.9744668
0.027639376	0.9723607
0.99784315	0.0021568513
0.9784414	0.021558551
0.97574574	0.024254251
0.12020445	0.87979555
0.99816555	0.0018344624
0.009823982	0.990176
0.99501944	0.0049805706
0.13682796	0.86317205
0.99632406	0.0036759458
0.034044072	0.965956
0.48769742	0.5123026
0.99839836	0.0016016031
0.0030636436	0.9969363
0.99754333	0.0024566888
0.89749235	0.10250759
0.9962979	0.0037021507
0.9979709	0.0020291544
0.9858425	0.014157463
0.9794096	0.02059043
0.5950695	0.40493044
0.15353523	0.84646475
0.9982634	0.0017366135
0.0036456264	0.99635434
0.0021019	0.9978981
0.9883676	0.011632407
0.0378368	0.96216315
0.0030257138	0.99697423
0.07160761	0.92839235
0.062008906	0.9379911
0.002529531	0.9974705
0.07107694	0.9289231
0.99569017	0.004309866
0.9910486	0.008951398
0.003055502	0.9969445
0.99826753	0.0017324308
0.5418231	0.45817688
0.99677235	0.0032276746
0.5484558	0.45154423
0.0022404918	0.99775946
0.013746922	0.9862531
0.99571073	0.0042892834
0.9984138	0.0015862007
0.99736613	0.0026338398
0.04388352	0.95611644
0.0025364307	0.9974636
0.012601449	0.9873985
0.9958045	0.0041954867
0.97777665	0.022223298
0.9911142	0.008885832
0.0042105066	0.99578947
0.730638	0.26936197
0.99504447	0.004955577
0.99519783	0.004802153
0.008829492	0.9911705
0.003150289	0.9968497
0.005248669	0.9947514
0.032726422	0.96727365
0.9892272	0.010772761
0.004202992	0.99579704
0.0086992625	0.99130076
0.0036802588	0.9963198
0.007256028	0.99274397
0.9968821	0.0031179402
0.030113483	0.96988654
0.9959991	0.0040008686
0.99835134	0.0016486972
0.94320005	0.056799952
0.99674916	0.0032508345
0.027234137	0.9727658
0.9909643	0.009035719
0.9969785	0.0030214936
0.97261816	0.027381873
0.04153803	0.958462
0.9288809	0.07111914
0.04592249	0.9540775
0.9935859	0.0064141364
0.9956365	0.004363501
0.002412803	0.9975872
0.9968399	0.003160087
0.0057176496	0.99428236
0.04305169	0.95694834
0.0208844	0.9791156
0.9781401	0.021859918
0.029072	0.97092795
0.0019537031	0.9980463
0.9981864	0.0018135484
0.9962915	0.0037085176
0.013195131	0.98680484
0.020412719	0.9795873
0.029295567	0.9707044
0.045038957	0.95496106
0.008422993	0.991577
0.059215426	0.9407846
0.9968244	0.0031756065
0.9967469	0.0032530648
0.0064122644	0.99358773
0.10017699	0.899823
0.0019494505	0.9980506
0.0023378404	0.9976622
0.40662384	0.5933761
0.0018946914	0.9981053
0.0062472657	0.9937528
0.9447262	0.055273715
0.99316216	0.006837846
0.011327048	0.9886729
0.0027384206	0.9972615
0.009411629	0.9905883
0.99800843	0.0019915446
0.026460811	0.97353923
0.0048712343	0.99512875
0.003335399	0.9966646
0.9973884	0.0026116155
0.99521613	0.00478385
0.9972813	0.0027186673
0.99813217	0.001867797
0.99069536	0.009304658
0.0018187714	0.9981812
0.98616254	0.013837473
0.992714	0.0072860215
0.0029500604	0.9970499
0.99796605	0.0020339214
0.003077464	0.99692255
0.993846	0.0061540334
0.9972167	0.002783338
0.939031	0.06096898
0.3618724	0.63812757
0.98911345	0.010886579
0.9976312	0.0023687691
0.9937289	0.006271174
0.98989606	0.010103908
0.0020353515	0.9979646
0.9954792	0.004520758
0.6613947	0.33860528
0.0032251996	0.99677485
0.0025316363	0.99746835
0.9968622	0.0031378441
0.0845614	0.9154386
0.10264478	0.89735526
0.044660784	0.9553392
0.0020491986	0.99795085
0.23924494	0.76075506
0.9982356	0.0017643915
0.99616647	0.0038335922
0.001909347	0.9980907
0.0035860126	0.996414
0.0037749237	0.9962251
0.96753794	0.03246209
0.0018864779	0.9981135
0.9975999	0.0024000942
0.0023017325	0.99769825
0.996573	0.003427041
0.004516614	0.9954834
0.9910493	0.008950661
0.07545454	0.92454547
0.002024808	0.9979752
0.99393576	0.0060642236
0.9926334	0.007366536
0.030524569	0.9694754
0.021586468	0.97841346
0.44566584	0.55433416
0.9970528	0.0029471698
0.97894317	0.021056818
0.9980888	0.0019111761
0.19391686	0.80608314
0.99829835	0.0017017185
0.070249885	0.9297501
0.030231355	0.9697686
0.020966575	0.9790334
0.024299374	0.9757007
0.035813935	0.9641861
0.9965598	0.0034401414
0.8705122	0.12948778
0.0019087365	0.9980913
0.99293995	0.0070600063
0.9958918	0.004108222
0.0056021446	0.9943979
0.9971065	0.002893477
0.9488749	0.051125072
0.01305565	0.9869444
0.0019793992	0.99802065
0.05906547	0.9409345
0.17699438	0.8230056
0.99062073	0.009379302
0.9983758	0.0016242315
0.9974462	0.0025538963
0.99595815	0.0040418264
0.9957504	0.0042496
0.003916812	0.99608314
0.039714824	0.9602852
0.0018038652	0.9981962
0.69963455	0.30036542
0.99018073	0.009819284
0.98365	0.016349943
0.9963785	0.0036214874
0.002667331	0.9973327
0.003730148	0.9962698
0.9972784	0.0027215958
0.0023773364	0.99762267
0.99729854	0.0027014315
0.9955712	0.0044288323
0.99837947	0.0016205304
0.9946849	0.005315202
0.0024672505	0.9975327
0.0019971402	0.9980028
0.046062514	0.95393753
0.97810376	0.021896223
0.9984471	0.0015528944
0.0020667848	0.99793327
0.9959009	0.0040990496
0.99421555	0.0057844818
0.0018548894	0.9981451
0.9955687	0.0044313204
0.024838077	0.9751619
0.99829346	0.0017065257
0.99613637	0.0038636094
0.99498874	0.005011221
0.8928403	0.107159734
0.98954576	0.010454197
0.1379725	0.86202747
0.9978976	0.0021023343
0.9789109	0.021089103
0.9933049	0.00669507
0.9914875	0.008512457
0.03612591	0.9638741
0.9984535	0.0015465271
0.99526596	0.0047340207
0.0049389545	0.995061
0.007199389	0.9928006
0.99684817	0.0031518708
0.9982621	0.0017378837
0.05392073	0.9460793
0.7515718	0.24842827
0.003010462	0.99698955
0.009745322	0.9902547
0.0019567432	0.9980432
0.004626643	0.9953734
0.004474179	0.9955258
0.98147154	0.018528389
0.9939492	0.006050834
0.99794704	0.0020529148
0.0027406488	0.9972594
0.9965958	0.0034041633
0.122607544	0.8773925
0.9984549	0.0015450816
0.015827496	0.98417246
0.0041791275	0.9958209
0.0019119075	0.99808806
0.9808925	0.019107549
0.013196442	0.9868036
0.9891533	0.0108466735
0.996152	0.0038479941
0.072650135	0.9273498
0.99651116	0.0034888592
0.99836427	0.0016357758
0.08920513	0.91079485
0.058386512	0.94161355
0.002205946	0.99779403
0.96614677	0.033853266
0.0028425027	0.99715745
0.23363452	0.7663655
0.9246855	0.07531453
0.19204147	0.8079585
0.0029557068	0.99704427
0.99626887	0.0037310768
0.99751604	0.0024839726
0.0021973879	0.99780256
0.99763405	0.0023659912
0.99838865	0.001611418
0.034642324	0.9653577
0.9963096	0.0036903555
0.9961702	0.0038297444
0.99835396	0.001646106
0.08019906	0.9198009
0.9938764	0.0061235796
0.031000068	0.9689999
0.01540267	0.9845974
0.052447997	0.947552
0.0041269897	0.99587303
0.0017286924	0.99827135
0.004437307	0.9955627
0.09024183	0.90975815
0.015464563	0.9845354
0.0019485239	0.9980515
0.9952508	0.0047492194
0.9977798	0.0022202062
0.03224035	0.9677596
0.014456423	0.9855436
0.98208183	0.017918184
0.967362	0.03263806
0.002515595	0.9974843
0.004747691	0.99525225
0.0023883984	0.99761164
0.5223936	0.47760636
0.99715084	0.002849217
0.0020255067	0.99797446
0.022557324	0.97744274
0.9866327	0.013367216
0.98773336	0.012266617
0.94380045	0.056199532
0.9778476	0.022152402
0.11450937	0.88549066
0.99798656	0.0020134912
0.91719425	0.082805775
0.0020482694	0.9979518
0.0062060403	0.99379396
0.9541367	0.045863204
0.9979334	0.0020666076
0.0036281266	0.99637187
0.004183241	0.99581677
0.99706167	0.0029383558
0.55919176	0.4408082
0.9383749	0.06162514
0.0047055464	0.9952944
0.9966107	0.0033892454
0.028026361	0.97197366
0.0111846	0.9888154
0.010871986	0.98912805
0.98846227	0.0115377065
0.002243376	0.99775666
0.9877809	0.012219097
0.94415885	0.055841137
0.99710864	0.0028914115
0.9918107	0.008189328
0.9947114	0.0052886587
0.9958632	0.004136774
0.0023624168	0.9976376
0.19475508	0.80524486
0.9876166	0.012383424
0.99610835	0.0038915863
0.991417	0.008583075
0.99790394	0.0020961054
0.9737133	0.026286742
0.06279673	0.9372032
0.99525046	0.0047494895
0.98859894	0.0114010805
0.12930298	0.8706971
0.9935741	0.006425929
0.002064397	0.99793565
0.004944733	0.9950552
0.9967878	0.0032122354
0.9919693	0.008030765
0.08747117	0.9125288
0.0052702953	0.99472964
0.99271905	0.007280998
0.0019827515	0.9980172
0.0019404753	0.99805945
0.0071369675	0.992863
0.9953768	0.0046231835
0.0034580359	0.9965419
0.9976186	0.0023814067
0.0027563295	0.99724364
0.9802474	0.01975263
0.9930288	0.0069711357
0.99535936	0.0046406984
0.09255456	0.90744543
0.0019403775	0.9980596
0.9982096	0.0017904626
0.0046743955	0.99532557
0.0047340477	0.99526596
0.061422218	0.9385777
0.9911793	0.008820726
0.0022491063	0.99775094
0.04554325	0.9544568
0.99750745	0.0024925559
0.9979413	0.0020586594
0.99711907	0.0028809658
0.14793332	0.85206664
0.99767655	0.0023234321
0.0063728425	0.9936272
0.9957288	0.0042711557
0.9971103	0.002889666
0.0077673797	0.99223256
0.0061226916	0.99387735
0.0027807215	0.9972193
0.011051972	0.988948
0.952865	0.047135025
0.053444624	0.9465553
0.034687046	0.96531296
0.99642605	0.003573905
0.104497716	0.8955023
0.99059874	0.009401321
0.99505687	0.0049431073
0.0041550696	0.9958449
0.9019332	0.09806689
0.9961016	0.0038983503
0.9977985	0.0022014994
0.9368152	0.06318481
0.9965669	0.0034330867
0.0057265204	0.9942735
0.4564306	0.5435694
0.0025379586	0.99746203
0.003303468	0.9966966
0.9977139	0.002286045
0.0042326204	0.99576735
0.98516023	0.014839711
0.003506098	0.9964939
0.97411877	0.025881233
0.99848914	0.00151083
0.0035702158	0.99642986
0.9976647	0.002335345
0.010793458	0.98920655
0.9976063	0.00239374
0.9935363	0.006463618
0.99739647	0.0026034873
0.06418155	0.93581843
0.0018664428	0.9981336
0.19743441	0.8025656
0.9950682	0.0049317544
0.11092353	0.8890765
0.9972274	0.0027725867
0.0018058289	0.99819416
0.9982369	0.0017630643
0.99835336	0.0016466051
0.9967969	0.003203155
0.0021920125	0.99780804
0.99691015	0.0030898477
0.07647242	0.9235276
0.99647224	0.0035278224
0.021021275	0.9789787
0.90663624	0.093363784
0.0020761609	0.99792385
0.99768484	0.0023151394
0.99664366	0.0033563613
0.9805981	0.01940189
0.99314696	0.0068530464
0.86815035	0.13184966
0.030846046	0.96915394
0.99632144	0.0036785789
0.002001071	0.9979989
0.9964683	0.0035316427
0.0022852742	0.99771476
0.0042977086	0.9957023
0.010739173	0.9892608
0.085117534	0.9148825
0.9983491	0.0016509615
0.83421266	0.16578737
0.99719834	0.0028015997
0.776212	0.22378808
0.09406384	0.9059361
0.0034876827	0.99651235
0.9969222	0.003077821
0.99800307	0.0019969314
0.0056177266	0.99438226
0.9948074	0.0051925397
0.009663278	0.9903368
0.055206794	0.94479316
0.006748147	0.99325186
0.010085648	0.9899143
0.004226993	0.995773
0.99815375	0.0018462789
0.9983223	0.0016776192
0.013591538	0.9864085
0.0029835068	0.99701655
0.9954135	0.004586582
0.005234028	0.994766
0.0026658208	0.99733424
0.0022581278	0.99774194
0.99796873	0.0020311985
0.99749833	0.002501641
0.81890506	0.18109499
0.1024633	0.89753675
0.9980069	0.0019931223
0.97693866	0.023061315
0.9906261	0.009373836
0.081622995	0.918377
0.99845624	0.0015438126
0.01814163	0.9818584
0.039261077	0.9607389
0.09186708	0.9081329
0.9972429	0.0027570426
0.9950597	0.004940284
0.011510483	0.98848957
0.998381	0.0016190113
0.0019576806	0.99804235
0.0023793436	0.99762064
0.005591911	0.99440813
0.9983199	0.0016800585
0.9760383	0.023961663
0.99196726	0.008032778
0.050551243	0.9494488
0.9959299	0.0040701344
0.9914608	0.008539206
0.024670355	0.9753296
0.0017406571	0.99825937
0.002889059	0.99711096
0.9942319	0.005768144
0.016634598	0.98336536
0.008300582	0.99169946
0.615815	0.38418502
0.02080504	0.9791949
0.99783224	0.0021677527
0.99319035	0.00680966
0.96375364	0.03624641
0.996849	0.0031509628
0.0021294798	0.99787056
0.16949882	0.83050114
0.0019114254	0.99808854
0.00883132	0.9911686
0.38229096	0.61770904
0.038355358	0.96164465
0.9959884	0.004011612
0.997413	0.0025870637
0.002116796	0.99788314
0.9892207	0.010779329
0.99818903	0.0018109867
0.0064421603	0.9935579
0.99649745	0.0035025945
0.007516939	0.9924831
0.0045815064	0.99541855
0.99788046	0.0021195223
0.9357727	0.064227335
0.0072223214	0.99277765
0.9977083	0.0022916235
0.03252345	0.96747655
0.009200577	0.99079937
0.9945111	0.005488897
0.680964	0.319036
0.0023336075	0.99766636
0.997621	0.0023790244
0.0027110903	0.99728894
0.17175391	0.82824606
0.20517738	0.79482263
0.0019990238	0.9980009
0.9958384	0.0041616294
0.996172	0.0038280168
0.99790025	0.0020997892
0.0018215847	0.9981785
0.0037540046	0.9962459
0.983732	0.016268058
0.002867543	0.9971324
0.0031158982	0.99688405
0.9169842	0.08301586
0.9910204	0.008979588
0.003617742	0.99638224
0.053155642	0.94684434
0.30244505	0.697555
0.0034001716	0.99659985
0.01044071	0.9895593
0.9968695	0.0031304534
0.611368	0.388632
0.10227027	0.8977297
0.9973443	0.0026557106
0.016498007	0.983502
0.0050579845	0.994942
0.9979638	0.0020362758
0.001930102	0.99806994
0.99366885	0.0063312137
0.99699855	0.003001442
0.002410011	0.99759007
0.9978588	0.0021411679
0.0053649982	0.994635
0.99782324	0.0021767768
0.0022530155	0.997747
0.98698634	0.013013677
0.9981944	0.0018056313
0.0024379955	0.99756205
0.0036938372	0.9963062
0.052173782	0.9478262
0.9877159	0.012284048
0.0834265	0.91657346
0.002481958	0.99751806
0.0021941138	0.9978059
0.016272116	0.98372793
0.009128483	0.9908715
0.004775138	0.99522483
0.9962993	0.0037007139
0.0021919298	0.99780804
0.99761367	0.0023863078
0.004039197	0.9959608
0.99783856	0.002161528
0.052721947	0.947278
0.9972671	0.0027329077
0.99847347	0.0015265137
0.069476336	0.9305237
0.0053531053	0.99464685
0.9884465	0.011553536
0.034334935	0.9656651
0.9968065	0.0031935256
0.9771154	0.022884555
0.9969842	0.0030158039
0.99715096	0.0028490599
0.0040036845	0.99599636
0.8666989	0.13330111
0.035535537	0.9644644
0.99265856	0.007341506
0.07150462	0.92849535
0.13860443	0.8613956
0.0019435827	0.9980564
0.99659085	0.0034091466
0.0052695777	0.99473035
0.99427277	0.0057272455
0.03450518	0.9654948
0.9909184	0.009081543
0.9968786	0.0031213507
0.18640865	0.81359136
0.0022844544	0.9977156
0.0021909217	0.9978091
0.040475648	0.95952433
0.7252731	0.27472693
0.99804544	0.0019545767
0.9969139	0.0030860885
0.996253	0.0037469922
0.9984164	0.0015835131
0.9666443	0.03335564
0.9983358	0.0016642069
0.99794394	0.0020560003
0.017813513	0.98218644
0.9402108	0.059789147
0.0020113345	0.9979887
0.00497967	0.9950203
0.011297263	0.9887028
0.99792945	0.0020705382
0.0068683913	0.9931316
0.99718755	0.002812471
0.9681425	0.031857576
0.9958401	0.0041599916
0.048112325	0.95188767
0.99781066	0.0021893713
0.00463898	0.99536103
0.023953695	0.9760464
0.005099528	0.9949005
0.014276022	0.98572403
0.0027261346	0.99727386
0.98946613	0.0105338665
0.9959603	0.0040397467
0.9975992	0.002400777
0.004980237	0.9950198
0.5905425	0.40945747
0.9964838	0.003516205
0.9984232	0.0015767666
0.012172085	0.9878279
0.09405348	0.9059465
0.9805978	0.01940227
0.0051602395	0.9948397
0.0056978273	0.99430215
0.003288636	0.9967114
0.91076726	0.08923274
0.0036336537	0.9963664
0.9870094	0.0129905585
0.97304475	0.02695527
0.008670516	0.99132943
0.9969637	0.0030363656
0.4672292	0.5327709
0.08524805	0.9147519
0.94840544	0.051594578
0.9875634	0.012436615
0.0026563117	0.9973437
0.14435597	0.8556441
0.061153136	0.9388469
0.016679043	0.98332095
0.024729285	0.97527075
0.0022137896	0.99778616
0.0044210283	0.99557894
0.9953034	0.004696595
0.002235777	0.9977642
0.0077332286	0.9922667
0.018343221	0.98165685
0.0029140508	0.997086
0.0024656162	0.9975344
0.98609924	0.013900803
0.007724079	0.9922759
0.001997036	0.99800295
0.045798253	0.95420176
0.003356339	0.99664366
0.027663784	0.97233623
0.063847646	0.9361523
0.0018836906	0.9981164
0.9918711	0.008128918
0.0021167225	0.99788326
0.0071848845	0.99281514
0.9833641	0.01663595
0.08278336	0.9172166
0.01873212	0.98126787
0.99807966	0.0019203376
0.9953473	0.0046527246
0.056096315	0.9439037
0.028390814	0.9716091
0.0029947856	0.99700516
0.058354143	0.94164586
0.010844722	0.98915523
0.0020411538	0.9979589
0.0038635503	0.99613637
0.9979221	0.00207794
0.060242683	0.9397573
0.966962	0.03303797
0.98998404	0.010015953
0.05021634	0.9497837
0.9984603	0.0015397106
0.9228158	0.077184185
0.016408619	0.9835914
0.0251359	0.97486407
0.9957463	0.004253751
0.014211579	0.9857884
0.99285394	0.0071460353
0.087409064	0.9125909
0.002055651	0.9979443
0.018008407	0.9819916
0.94651014	0.053489886
0.06378577	0.93621427
0.9872897	0.012710202
0.9981127	0.0018873421
0.9925876	0.0074124034
0.06458826	0.93541175
0.91123086	0.08876914
0.2490743	0.7509257
0.8464113	0.15358871
0.049804803	0.9501952
0.95644164	0.043558344
0.007400926	0.9925991
0.03873643	0.9612636
0.9927188	0.007281201
0.99397814	0.0060218805
0.0018099078	0.9981901
0.9954998	0.0045002513
0.39523798	0.604762
0.8426455	0.15735449
0.0024044274	0.9975956
0.0019674704	0.9980325
0.015674004	0.98432595
0.027495073	0.972505
0.0034370453	0.996563
0.9981139	0.0018861829
0.009948998	0.990051
0.008343657	0.9916563
0.99705493	0.002945083
0.006919653	0.9930803
0.99190086	0.008099064
0.9984041	0.0015958687
0.002519995	0.99748
0.96182215	0.0381778
0.02874374	0.97125626
0.9946807	0.005319275
0.074288234	0.92571175
0.01732211	0.9826779
0.9982786	0.0017214048
0.9960846	0.0039154445
0.0026177082	0.9973822
0.0058066924	0.99419326
0.0028538026	0.9971462
0.0032985366	0.9967014
0.0026353663	0.9973647
0.21981537	0.7801846
0.018881742	0.98111826
0.9159303	0.084069714
0.011869266	0.9881307
0.01519689	0.9848031
0.008833943	0.99116606
0.9979231	0.0020769553
0.9289921	0.07100791
0.98249555	0.01750449
0.008875327	0.9911247
0.021632122	0.9783678
0.041526545	0.9584735
0.103406414	0.89659363
0.9980995	0.0019004804
0.9971391	0.0028609326
0.033314656	0.9666853
0.046506897	0.95349306
0.99804413	0.001955853
0.008466697	0.99153334
0.99830925	0.0016907919
0.9939872	0.0060128425
0.034168504	0.9658315
0.0019826621	0.9980173
0.10595294	0.8940471
0.023661524	0.97633845
0.0021253454	0.9978746
0.055811655	0.9441883
0.011645494	0.98835444
0.014548262	0.98545176
0.0023099445	0.9976901
0.96552914	0.03447086
0.98112476	0.018875178
0.6886359	0.31136408
0.9948783	0.0051216604
0.0034239532	0.996576
0.017376592	0.9826234
0.003359794	0.9966402
0.20684136	0.7931586
0.009531008	0.99046904
0.0019180686	0.9980819
0.8120475	0.18795249
0.9964978	0.0035022118
0.006864144	0.9931358
0.9904579	0.0095420955
0.091607116	0.9083929
0.93205184	0.06794823
0.17512691	0.8248731
0.38411108	0.61588895
0.99507457	0.0049254405
0.99224246	0.0077575855
0.04701254	0.95298743
0.99779797	0.0022020536
0.99314535	0.0068546175
0.9904366	0.009563337
0.0020338974	0.9979662
0.99509025	0.0049096714
0.99501157	0.004988474
0.009802251	0.9901978
0.8264827	0.17351732
0.9605569	0.039443117
0.1995524	0.8004476
0.014550067	0.9854499
0.2553237	0.74467623
0.99523586	0.0047641606
0.0020723431	0.99792767
0.9960692	0.00393081
0.9971961	0.002803936
0.014245636	0.9857544
0.98800606	0.011993917
0.97826296	0.021737041
0.03663793	0.96336204
0.8764411	0.12355893
0.99649495	0.0035050719
0.02012091	0.97987914
0.15520175	0.8447982
0.053358555	0.94664145
0.9764282	0.023571735
0.0037785405	0.9962214
0.002383586	0.9976164
0.0983053	0.90169466
0.0025654924	0.99743456
0.003000061	0.9969999
0.015212962	0.98478705
0.08451347	0.9154866
0.9933781	0.006621977
0.997086	0.0029140592
0.0065125637	0.9934875
0.9948625	0.0051374757
0.98001605	0.019983904
0.0025798043	0.9974202
0.98885214	0.011147861
0.99732983	0.0026701319
0.021345347	0.9786547
0.9393979	0.060602147
0.9971935	0.0028064956
0.024452817	0.97554713
0.002211804	0.9977882
0.16429652	0.8357035
0.9824913	0.017508687
0.007520704	0.9924793
0.118325755	0.8816742
0.11486145	0.8851385
0.0058218553	0.9941782
0.99587715	0.0041228095
0.002798938	0.9972011
0.057329778	0.94267017
0.0018982058	0.9981018
0.98082685	0.019173097
0.036557235	0.9634428
0.016315117	0.9836849
0.0028534688	0.99714655
0.9867678	0.013232119
0.01147288	0.9885272
0.9972988	0.002701198
0.8083626	0.1916374
0.016878681	0.9831213
0.025725577	0.9742744
0.0036625043	0.99633753
0.0033849443	0.9966151
0.06767595	0.93232405
0.0025542532	0.9974457
0.010086192	0.9899138
0.09316999	0.90682995
0.0026365449	0.9973635
0.99814045	0.0018595655
0.008930027	0.99107003
0.01303767	0.98696226
0.015899735	0.9841002
0.9935772	0.0064228144
0.005594051	0.994406
0.93733215	0.062667884
0.967894	0.032105915
0.0144520225	0.98554796
0.99760324	0.0023968003
0.9884114	0.011588619
0.058859263	0.9411408
0.995304	0.0046960693
0.0024332427	0.9975668
0.93098944	0.069010526
0.99840456	0.0015954283
0.98976654	0.0102334935
0.0019204435	0.99807954
0.9895756	0.010424328
0.9983108	0.0016891693
0.005535955	0.9944641
0.002485968	0.997514
0.0303291	0.96967083
0.9912094	0.008790601
0.9982697	0.0017303209
0.99692625	0.0030737708
0.99767596	0.0023240966
0.99767476	0.00232523
0.04541031	0.9545897
0.9932632	0.0067368257
0.03374044	0.9662596
0.0027911202	0.9972089
0.994134	0.005865986
0.9984189	0.0015810423
0.7712964	0.22870363
0.005481416	0.9945186
0.06529529	0.93470466
0.0033080697	0.99669194
0.9782839	0.021716142
0.928472	0.071527995
0.0042533264	0.9957467
0.90067375	0.09932625
0.101736054	0.898264
0.9800275	0.019972501
0.99606544	0.0039345417
0.98816085	0.011839195
0.002089299	0.9979107
0.0021200932	0.99788
0.5398379	0.4601621
0.9935434	0.0064566494
0.9984675	0.0015325105
0.11088359	0.8891164
0.9871661	0.012833881
0.99405766	0.005942308
0.99839765	0.0016022956
0.025488958	0.9745111
0.0023945782	0.99760544
0.0045558456	0.9954442
0.007990413	0.99200964
0.994218	0.0057820003
0.9970926	0.0029073553
0.99811965	0.0018803047
0.001785127	0.99821484
0.016342353	0.98365766
0.9949385	0.0050615184
0.0062809316	0.9937191
0.032675076	0.9673249
0.9972011	0.0027988844
0.99665016	0.0033499044
0.99003136	0.009968608
0.06499085	0.9350092
0.9963012	0.0036988494
0.0030070723	0.99699295
0.05586236	0.94413763
0.99648994	0.0035100854
0.0020064362	0.9979936
0.9979894	0.0020106225
0.012526186	0.98747385
0.99396026	0.006039763
0.99681526	0.003184773
0.0052723787	0.9947277
0.0018130066	0.998187
0.06417873	0.93582124
0.49966803	0.500332
0.9960045	0.0039955336
0.012229778	0.9877702
0.036307096	0.96369296
0.22689037	0.7731096
0.97019035	0.029809643
0.0018958839	0.9981041
0.0020173418	0.9979826
0.85552526	0.14447473
0.009432591	0.9905674
0.0029119677	0.997088
0.055348985	0.94465107
0.99802774	0.0019722907
0.9845213	0.015478727
0.98973864	0.01026131
0.011530976	0.98846906
0.0020100789	0.9979899
0.99680233	0.0031976863
0.0025604204	0.9974396
0.9426474	0.05735255
0.9882832	0.01171685
0.0019646073	0.9980354
0.9809899	0.019010102
0.0023019058	0.9976981
0.964267	0.035732992
0.9980691	0.0019309609
0.16006108	0.83993894
0.9982393	0.0017606614
0.01931029	0.9806897
0.07018489	0.9298151
0.94107383	0.0589261
0.99075025	0.009249747
0.0030331456	0.9969669
0.05937258	0.9406274
0.006329528	0.99367046
0.003236637	0.99676335
0.003938943	0.996061
0.10603287	0.89396715
0.022592116	0.9774079
0.99216557	0.007834414
0.0035780205	0.99642205
0.110747345	0.8892526
0.99841166	0.0015882666
0.027922194	0.97207785
0.016764311	0.98323566
0.9960157	0.0039842776
0.00226731	0.99773264
0.9969388	0.0030611632
0.08381009	0.9161899
0.0028860522	0.99711394
0.7926347	0.20736529
0.003475815	0.99652416
0.9909781	0.00902187
0.123155996	0.876844
0.932902	0.067098
0.99410146	0.005898563
0.0023565206	0.9976434
0.032018583	0.9679814
0.99771357	0.0022864682
0.991042	0.008957982
0.008288316	0.9917116
0.998355	0.001645003
0.06294996	0.93705004
0.9959765	0.0040235636
0.974567	0.02543298
0.99836427	0.001635747
0.4223921	0.57760787
0.0032546797	0.99674535
0.99412173	0.0058782026
0.95641536	0.043584615
0.9984457	0.0015542974
0.9949018	0.0050982023
0.35598695	0.64401305
0.0046726437	0.99532735
0.0020415285	0.9979584
0.0025027962	0.99749714
0.9953601	0.004639903
0.0018750455	0.9981249
0.9892117	0.010788374
0.28653446	0.7134655
0.009107736	0.9908923
0.00214934	0.99785066
0.07456785	0.9254321
0.0060441038	0.9939559
0.04702853	0.9529715
0.0029799347	0.99702007
0.09288501	0.9071149
0.0033170981	0.99668294
0.27067173	0.7293282
0.003060824	0.9969392
0.0023574997	0.99764246
0.003283935	0.99671614
0.97187567	0.028124286
0.0041923444	0.99580765
0.99827325	0.0017267006
0.9843747	0.015625294
0.9980385	0.0019615402
0.0026976431	0.9973023
0.0068344986	0.99316555
0.0021097108	0.9978903
0.9975508	0.002449178
0.00320054	0.99679947
0.026466204	0.9735338
0.15185875	0.84814125
0.94900817	0.050991777
0.010427781	0.9895723
0.9983606	0.0016393873
0.018355671	0.9816443
0.025733849	0.9742662
0.10719327	0.8928067
0.9929127	0.0070872684
0.0020074656	0.9979925
0.9976901	0.002309969
0.9956102	0.004389783
0.9949391	0.0050608693
0.0019852973	0.9980147
0.0275764	0.97242355
0.9982153	0.0017847549
0.99647456	0.0035253789
0.99314463	0.006855325
0.007737878	0.9922621
0.9972109	0.002789101
0.99704033	0.0029596386
0.9147558	0.085244246
0.9984652	0.001534889
0.015574031	0.984426
0.9965803	0.003419737
0.9423054	0.057694647
0.9983833	0.0016167237
0.990058	0.009941993
0.03518342	0.9648165
0.01700926	0.98299074
0.94117564	0.058824375
0.99289215	0.0071078264
0.093324676	0.9066753
0.0019610876	0.99803895
0.8527114	0.14728864
0.053062845	0.9469372
0.9958703	0.0041297222
0.014958225	0.9850418
0.008341863	0.99165815
0.0019465988	0.99805343
0.996824	0.0031759357
0.9912149	0.008785144
0.98990226	0.010097738
0.0059490465	0.9940509
0.9960001	0.0039998353
0.9969824	0.003017644
0.9956916	0.004308457
0.9957729	0.004227154
0.99742824	0.0025717386
0.0028347394	0.99716526
0.9720818	0.027918207
0.014487939	0.9855121
0.012297363	0.98770267
0.001830433	0.99816954
0.0032857738	0.99671423
0.98062193	0.019378068
0.1513035	0.84869653
0.0031195118	0.99688053
0.001900578	0.9980994
0.9316157	0.06838428
0.0116272215	0.98837274
0.98119444	0.018805597
0.0042786454	0.99572134
0.018466586	0.98153347
0.008539315	0.9914607
0.9887207	0.011279286
0.9830383	0.016961727
0.9984895	0.0015104235
0.97879833	0.021201696
0.001885636	0.99811435
0.002468475	0.99753153
0.97044545	0.029554518
0.0030226833	0.9969773
0.0046147336	0.9953852
0.011632105	0.98836786
0.048292898	0.95170707
0.0019040963	0.9980959
0.9925902	0.0074098287
0.9984668	0.0015332149
0.003952793	0.9960472
0.9925424	0.007457636
0.6745861	0.32541382
0.09800052	0.9019995
0.99446094	0.005539027
0.99209905	0.007900968
0.0076348498	0.99236506
0.99820495	0.0017950996
0.9976186	0.0023813546
0.9935974	0.0064026536
0.0061422503	0.9938578
0.005128318	0.99487174
0.021763092	0.97823685
0.023418052	0.9765819
0.9982198	0.0017801768
0.008555939	0.99144405
0.008094393	0.99190557
0.9317796	0.06822033
0.0060393363	0.99396074
0.0025186324	0.9974814
0.9981812	0.0018188503
0.99714774	0.0028523132
0.8958421	0.104157925
0.002051255	0.9979487
0.9970059	0.0029941497
0.99842155	0.0015784123
0.99392277	0.0060772165
0.96991414	0.030085906
0.021516318	0.9784837
0.9779319	0.022068055
0.39065653	0.60934347
0.99813807	0.0018618717
0.94861764	0.05138238
0.99473864	0.0052613486
0.95373493	0.04626502
0.99302715	0.0069728163
0.98836553	0.011634478
0.99740845	0.0025915843
0.99722666	0.0027733464
0.9953186	0.004681423
0.007368155	0.9926319
0.011994974	0.988005
0.4256421	0.5743579
0.0038748127	0.99612516
0.84397376	0.1560262
0.99754816	0.0024518743
0.0034456488	0.9965544
0.99716634	0.0028337096
0.024758967	0.97524107
0.99749446	0.0025055597
0.006516986	0.993483
0.0018494626	0.9981505
0.011365861	0.9886341
0.035238456	0.9647615
0.9971078	0.0028922283
0.002902323	0.99709773
0.01426114	0.9857389
0.049495455	0.9505045
0.0116504235	0.98834956
0.9653334	0.03466659
0.0065457886	0.9934542
0.9977562	0.0022438855
0.0042372127	0.99576277
0.0018368722	0.99816316
0.0036117225	0.9963883
0.99572766	0.00427234
0.86438835	0.13561167
0.05272933	0.94727063
0.077861585	0.9221384
0.9877559	0.0122440895
0.9595923	0.040407736
0.9931471	0.006852891
0.9970708	0.0029291497
0.989744	0.010256045
0.023839733	0.9761603
0.16524763	0.8347523
0.00828087	0.9917191
0.006019515	0.9939805
0.038821846	0.9611781
0.01260866	0.9873913
0.99787784	0.002122144
0.0044724164	0.99552757
0.0028471313	0.9971528
0.9976937	0.0023063035
0.99132454	0.008675527
0.015579733	0.98442024
0.0020935733	0.99790645
0.99590707	0.0040929355
0.9980311	0.001968958
0.03923974	0.96076024
0.95449	0.04551002
0.9647455	0.035254426
0.015779613	0.9842204
0.9982673	0.0017327195
0.9916393	0.008360751
0.065398514	0.9346015
0.33871776	0.66128224
0.015116126	0.9848839
0.85811543	0.14188457
0.0019305715	0.99806947
0.0070499256	0.9929501
0.99159044	0.008409533
0.08101036	0.9189896
0.99714005	0.0028599834
0.025039474	0.9749605
0.029095031	0.97090495
0.0053305444	0.9946695
0.11726541	0.88273454
0.6923209	0.3076791
0.0061540334	0.993846
0.04261836	0.95738167
0.9982829	0.001717114
0.9981402	0.0018597913
0.9848743	0.015125642
0.0019723093	0.9980276
0.9966366	0.0033633711
0.010414642	0.98958534
0.9978726	0.0021273526
0.95629203	0.043707937
0.013702063	0.98629797
0.9912547	0.00874533
0.0018098165	0.9981902
0.047046483	0.9529535
0.0021746205	0.9978254
0.05486603	0.9451339
0.015935302	0.98406464
0.013243589	0.98675644
0.002015959	0.99798405
0.23519515	0.76480484
0.9974675	0.002532542
0.043817915	0.95618206
0.0019134523	0.9980866
0.9971884	0.0028116526
0.9981723	0.0018276714
0.91208744	0.08791256
0.99643326	0.0035667736
0.13320622	0.86679375
0.9937663	0.006233675
0.9976382	0.0023617742
0.012555368	0.98744464
0.95158994	0.048410065
0.0027823867	0.99721766
0.99805045	0.0019496082
0.9978131	0.002186842
0.13109359	0.8689064
0.028449716	0.9715503
0.0027784188	0.9972216
0.056382194	0.9436179
0.9982009	0.0017990599
0.9978327	0.0021672763
0.72450507	0.27549493
0.0037876733	0.99621236
0.99441963	0.005580362
0.01073427	0.9892657
0.9880327	0.011967355
0.99458754	0.005412506
0.99741805	0.0025819219
0.44350576	0.5564942
0.995786	0.004213943
0.9967739	0.0032261163
0.0024630819	0.9975369
0.010321302	0.98967874
0.21002696	0.789973
0.07898833	0.9210116
0.9925817	0.007418307
0.99366933	0.0063306675
0.9968875	0.0031124416
0.99647266	0.003527259
0.0026756513	0.99732435
0.9982157	0.0017843437
0.99387616	0.0061237877
0.0038399382	0.99616003
0.09515347	0.90484655
0.95274943	0.04725056
0.0024631864	0.9975368
0.9666621	0.033337854
0.99751246	0.0024875624
0.99725085	0.0027491353
0.0020857917	0.99791425
0.9853255	0.014674503
0.9925943	0.00740572
0.0056555895	0.9943445
0.016685752	0.9833143
0.99156415	0.008435789
0.00406028	0.99593973
0.99532783	0.0046721287
0.95126504	0.04873501
0.0039001468	0.9960998
0.07984964	0.9201504
0.9162831	0.08371695
0.0020469355	0.99795306
0.002079461	0.9979206
0.98965514	0.010344825
0.25959843	0.7404016
0.0019565327	0.9980434
0.0025673243	0.99743265
0.10807293	0.89192706
0.17876643	0.8212335
0.9770323	0.022967665
0.049142525	0.95085746
0.0052282093	0.9947718
0.9975159	0.002484079
0.0072972733	0.9927027
0.0023666844	0.99763334
0.0024918742	0.99750805
0.013808878	0.98619115
0.99525994	0.004740131
0.033493053	0.966507
0.9695868	0.030413173
0.0017550737	0.9982449
0.0026788407	0.9973212
0.0050014895	0.9949986
0.9775173	0.022482682
0.59783596	0.4021641
0.006789282	0.99321073
0.9974189	0.0025811498
0.9773615	0.02263852
0.00713182	0.9928681
0.002076159	0.99792385
0.9956124	0.0043876264
0.0022360107	0.997764
0.0046951734	0.9953048
0.0040151626	0.9959849
0.99612975	0.0038701775
0.010745938	0.989254
0.0104147345	0.9895852
0.97527266	0.024727311
0.01039619	0.98960376
0.031300474	0.9686996
0.98086494	0.019135058
0.9963664	0.0036336572
0.9863724	0.013627576
0.009629113	0.9903709
0.01975793	0.9802421
0.9979559	0.0020440794
0.0028943247	0.99710566
0.99390453	0.0060954527
0.9957411	0.0042588958
0.0026329546	0.9973671
0.9936991	0.006300858
0.010881855	0.98911816
0.9963697	0.0036302265
0.9973169	0.0026830914
0.00388375	0.9961163
0.94495803	0.055041958
0.9945068	0.0054932563
0.9686062	0.03139381
0.9983633	0.001636677
0.093649335	0.9063507
0.99722207	0.0027779394
0.39137334	0.6086267
0.057980433	0.9420196
0.010634114	0.98936594
0.9795371	0.020462852
0.0022560854	0.99774396
0.008691301	0.9913087
0.0018051373	0.9981949
0.002362509	0.9976375
0.99260205	0.007397931
0.06431848	0.9356816
0.83293545	0.1670645
0.0050478918	0.9949521
0.9963012	0.0036988105
0.0018755328	0.9981244
0.9984687	0.0015312246
0.058412693	0.9415873
0.0033427575	0.99665725
0.0077697583	0.99223024
0.99828666	0.0017132683
0.9975165	0.002483474
0.005704615	0.9942954
0.029227024	0.9707729
0.97019994	0.029800005
0.998038	0.0019619723
0.99823296	0.0017669734
0.9882019	0.011798074
0.0019447892	0.9980552
0.0027184063	0.99728155
0.99844164	0.0015583267
0.99628675	0.0037131943
0.013594326	0.9864057
0.0025989395	0.9974011
0.9955793	0.0044206376
0.0030064401	0.99699354
0.9954087	0.0045913067
0.0020007056	0.99799925
0.0059094164	0.9940906
0.9940055	0.005994508
0.004827783	0.9951722
0.99612844	0.0038715438
0.9985166	0.0014833686
0.005281491	0.99471843
0.9979997	0.002000307
0.9983981	0.0016019129
0.32071266	0.6792874
0.06013075	0.9398692
0.07934907	0.9206509
0.90634656	0.09365347
0.0025213677	0.99747866
0.0030154062	0.99698454
0.0064785206	0.9935215
0.9682391	0.03176083
0.002039909	0.9979601
0.0018967917	0.99810314
0.9983872	0.0016127541
0.012690369	0.98730963
0.030060088	0.96993995
0.003673483	0.9963265
0.044146642	0.95585334
0.9775277	0.022472257
0.002788365	0.99721164
0.9959644	0.00403558
0.009824649	0.9901753
0.0024213642	0.9975787
0.0031083836	0.9968917
0.0057798326	0.99422014
0.9975745	0.0024254967
0.001858932	0.99814105
0.96898144	0.031018605
0.0018056554	0.9981944
0.005650306	0.99434966
0.14847285	0.85152715
0.006354956	0.9936451
0.0021943874	0.99780566
0.92510307	0.07489693
0.062155496	0.93784446
0.028011998	0.97198796
0.9974376	0.002562428
0.72981256	0.2701874
0.03811165	0.9618883
0.99788505	0.0021148853
0.9945327	0.0054672626
0.9851328	0.01486719
0.04042788	0.9595721
0.018475257	0.9815247
0.99611306	0.003886909
0.005926382	0.9940737
0.05437109	0.94562894
0.73867023	0.2613298
0.0019607982	0.9980392
0.99798465	0.002015346
0.014777319	0.98522276
0.99778926	0.0022107488
0.002321174	0.9976788
0.9957491	0.0042508617
0.9965155	0.003484444
0.0046976386	0.9953023
0.77235204	0.22764798
0.018841626	0.9811584
0.0019528647	0.9980471
0.22717546	0.77282447
0.0017726716	0.9982273
0.0020876324	0.99791235
0.005741026	0.994259
0.9877017	0.012298242
0.002227371	0.99777263
0.038101688	0.96189827
0.9525769	0.047423147
0.15459587	0.84540415
0.0019898838	0.9980101
0.0017899855	0.9982101
0.01278955	0.9872105
0.0020084442	0.99799156
0.022669293	0.9773307
0.903359	0.096641
0.9969593	0.003040748
0.9187165	0.08128354
0.9983612	0.001638832
0.00805638	0.9919436
0.028113322	0.97188675
0.018542988	0.981457
0.9423883	0.05761176
0.0030439587	0.996956
0.01821663	0.98178333
0.99822265	0.001777359
0.9970528	0.002947261
0.9967219	0.0032780715
0.99303234	0.0069676577
0.017375076	0.9826249
0.99633276	0.0036672368
0.002247301	0.9977527
0.008964198	0.9910358
0.0017398588	0.9982602
0.99592894	0.004070988
0.9721972	0.027802857
0.0025050472	0.99749494
0.0045935013	0.9954065
0.11596656	0.8840334
0.191373	0.80862707
0.028881716	0.9711183
0.0018626846	0.99813735
0.99628276	0.0037172486
0.0027848207	0.99721515
0.0077096606	0.9922903
0.99713457	0.0028654058
0.9977198	0.002280121
0.0021090987	0.9978909
0.002599538	0.9974005
0.11852382	0.8814762
0.0026153515	0.9973846
0.9984289	0.0015711498
0.9935282	0.00647183
0.08792063	0.91207933
0.0024658286	0.99753416
0.9977831	0.0022168832
0.002141393	0.9978586
0.9980939	0.0019061293
0.11207656	0.8879235
0.9308628	0.0691372
0.33213773	0.6678623
0.009569432	0.99043053
0.99264926	0.0073506953
0.9875408	0.0124592185
0.016626732	0.9833733
0.99364144	0.0063586007
0.0063005267	0.99369943
0.017293505	0.98270655
0.0045220368	0.995478
0.0038713745	0.99612856
0.9959521	0.0040479084
0.0031430766	0.9968569
0.0047115018	0.9952885
0.99206406	0.007935982
0.9973659	0.0026341837
0.982251	0.01774899
0.018274788	0.98172516
0.9973079	0.0026921239
0.98595935	0.014040717
0.9442275	0.055772446
0.0096708285	0.99032915
0.002545547	0.99745446
0.88991654	0.110083476
0.0044040354	0.995596
0.12922283	0.87077725
0.9978648	0.0021352794
0.011120488	0.98887956
0.0037839487	0.996216
0.029681288	0.97031873
0.9969778	0.0030222149
0.022445109	0.9775549
0.9969733	0.003026741
0.9969843	0.003015653
0.15582024	0.8441798
0.99789715	0.0021028144
0.0030232712	0.99697673
0.9978708	0.0021292141
0.9951639	0.0048360745
0.9722838	0.027716175
0.16847387	0.83152616
0.99775994	0.0022400913
0.08496567	0.9150343
0.9984145	0.0015854322
0.09280147	0.90719855
0.0021716382	0.9978283
0.99661094	0.0033890132
0.0026843143	0.9973157
0.99643	0.0035700903
0.10256225	0.89743775
0.09878375	0.9012162
0.0023926937	0.99760723
0.0032801009	0.9967199
0.0027781387	0.9972218
0.99630094	0.0036990298
0.99698776	0.0030122255
0.032117985	0.967882
0.998336	0.0016640185
0.006928932	0.993071
0.9977442	0.0022558083
0.9978733	0.002126688
0.9957449	0.0042551304
0.67568845	0.32431152
0.5840175	0.41598248
0.9970368	0.0029632174
0.07220875	0.92779124
0.0021198643	0.9978802
0.9975848	0.00241512
0.06869437	0.93130565
0.7217906	0.27820936
0.0028754373	0.9971246
0.002032186	0.9979678
0.65098894	0.3490111
0.0021363543	0.9978637
0.0023856144	0.9976144
0.013386486	0.98661345
0.051667236	0.9483327
0.014404414	0.9855956
0.9966989	0.0033010633
0.03860018	0.96139985
0.032653563	0.9673465
0.994697	0.005302961
0.0088083455	0.9911917
0.9972017	0.0027982804
0.0018611116	0.9981389
0.037048556	0.9629514
0.027197488	0.97280246
0.054877684	0.9451223
0.002905769	0.9970943
0.99354583	0.0064541292
0.99760324	0.0023967465
0.99646086	0.0035391082
0.0051539014	0.9948461
0.0135523975	0.9864476
0.9947577	0.00524223
0.34376895	0.65623105
0.78197604	0.21802397
0.98292994	0.017070135
0.8252299	0.17477012
0.62136567	0.37863433
0.007845964	0.99215406
0.9977399	0.0022600493
0.9955615	0.0044384655
0.7640089	0.23599114
0.014649261	0.9853507
0.0019213377	0.9980787
0.0020519383	0.9979481
0.99709606	0.0029039944
0.002043066	0.9979569
0.0020085108	0.99799144
0.99706703	0.0029329513
0.032311648	0.9676884
0.0027453126	0.99725467
0.020203898	0.9797962
0.0034173732	0.9965827
0.00824882	0.99175113
0.010813909	0.9891861
0.11299811	0.88700193
0.004723828	0.9952762
0.99636227	0.0036377455
0.99499726	0.005002716
0.995417	0.004583035
0.9985196	0.0014804389
0.0021688538	0.99783117
0.9891031	0.010896945
0.47737744	0.5226226
0.004672335	0.9953277
0.008451555	0.9915485
0.9961396	0.00386041
0.011490955	0.988509
0.002894063	0.9971059
0.0019507403	0.99804926
0.9964657	0.0035343124
0.99715805	0.0028419243
0.9980134	0.0019865732
0.0019572496	0.9980427
0.99711645	0.0028835612
0.9921588	0.007841192
0.0019981386	0.9980019
0.99716765	0.0028323843
0.96068555	0.039314523
0.010437372	0.9895627
0.9974369	0.00256313
0.09772053	0.9022795
0.0047485786	0.9952514
0.9957145	0.004285493
0.9956879	0.0043120254
0.06579542	0.9342046
0.07977368	0.9202263
0.99827707	0.0017229469
0.0054501947	0.9945498
0.9967469	0.0032530772
0.023982216	0.9760177
0.0027343465	0.9972657
0.0021708535	0.99782914
0.0025915413	0.99740845
0.9865382	0.013461827
0.9980526	0.0019473806
0.9758354	0.02416464
0.9252021	0.07479796
0.0033686527	0.9966313
0.0030864242	0.99691355
0.0030309486	0.99696904
0.9660839	0.03391609
0.14292535	0.8570747
0.9981299	0.0018701178
0.005217497	0.9947825
0.9984068	0.0015932498
0.0047862115	0.99521375
0.07337543	0.92662454
0.04426595	0.9557341
0.013525543	0.98647445
0.05291456	0.9470855
0.99728715	0.0027128751
0.0028895864	0.99711037
0.008569735	0.9914302
0.0025342407	0.9974657
0.012653626	0.98734635
0.997529	0.0024710263
0.9984444	0.0015556692
0.039987642	0.9600123
0.99639493	0.0036050293
0.003245541	0.99675447
0.006907533	0.9930924
0.9977793	0.0022207187
0.010531441	0.98946863
0.99782604	0.0021739854
0.0020159513	0.99798405
0.9952449	0.0047550783
0.004825851	0.9951742
0.99784815	0.0021518613
0.07544398	0.9245561
0.028893095	0.97110695
0.9963898	0.0036101253
0.0026425698	0.9973574
0.99844104	0.0015589977
0.08704198	0.912958
0.9947119	0.005288162
0.008970886	0.99102914
0.0019449068	0.9980551
0.012609183	0.9873908
0.057530496	0.9424695
0.9931224	0.00687755
0.9856698	0.014330227
0.0028205304	0.9971795
0.6127328	0.38726714
0.9492894	0.05071069
0.0018044988	0.99819547
0.0020424982	0.99795747
0.0039816797	0.99601835
0.988801	0.011199038
0.033681884	0.9663182
0.003018958	0.99698097
0.4066282	0.5933718
0.0022219233	0.9977781
0.0028976018	0.99710244
0.99703455	0.002965416
0.99450994	0.005490063
0.0044527994	0.9955472
0.014810748	0.9851893
0.005401589	0.9945984
0.006908148	0.9930918
0.022814164	0.97718585
0.12790631	0.8720937
0.99810034	0.0018996629
0.0021126142	0.99788743
0.9914657	0.008534303
0.99276453	0.007235476
0.9934909	0.006509156
0.9973314	0.002668681
0.0019648147	0.99803513
0.998013	0.0019869835
0.9918573	0.008142727
0.015554531	0.9844455
0.9984993	0.001500679
0.046980042	0.9530199
0.12546206	0.87453794
0.0021183991	0.9978816
0.9951691	0.00483084
0.09971431	0.90028566
0.9984598	0.0015402107
0.9973851	0.0026148711
0.0026447163	0.99735534
0.0022203128	0.99777967
0.996931	0.003069014
0.005342569	0.99465746
0.9981945	0.0018054715
0.0045262463	0.9954737
0.9930016	0.006998428
0.99523973	0.0047602574
0.09181915	0.9081809
0.013042457	0.98695755
0.025771117	0.9742289
0.9931096	0.0068903556
0.018040208	0.9819598
0.99557024	0.0044297636
0.0018084403	0.99819154
0.00910851	0.9908915
0.23244335	0.7675566
0.002197208	0.9978028
0.0047720643	0.99522793
0.05612931	0.94387066
0.77232003	0.22768003
0.0019203852	0.99807966
0.0023094392	0.99769056
0.99669915	0.0033008216
0.9943421	0.0056578447
0.007618048	0.992382
0.003085425	0.9969145
0.96784467	0.032155342
0.996473	0.0035269659
0.011006358	0.9889936
0.002409909	0.99759007
0.9957188	0.00428121
0.049752574	0.95024735
0.05388352	0.94611645
0.0049517173	0.9950482
0.002277802	0.9977222
0.009555202	0.99044484
0.99796814	0.0020318253
0.9979844	0.0020155895
0.13070443	0.86929554
0.0059255473	0.9940745
0.0020788417	0.99792117
0.0019019062	0.9980981
0.9855379	0.014462063
0.9978428	0.002157151
0.9972057	0.002794254
0.097200826	0.9027992
0.92917615	0.07082381
0.0018339648	0.998166
0.99423075	0.0057693203
0.924501	0.07549901
0.009086123	0.99091387
0.99243486	0.007565221
0.043697037	0.95630294
0.99540377	0.004596193
0.98394775	0.016052261
0.99657816	0.003421834
0.021039585	0.9789604
0.0477689	0.95223117
0.98903173	0.010968232
0.0059537017	0.99404633
0.98718137	0.012818656
0.99615794	0.0038420875
0.06535407	0.93464595
0.0639177	0.9360823
0.001920683	0.9980793
0.0042967186	0.9957033
0.99594826	0.0040518125
0.11599465	0.88400537
0.025022276	0.97497773
0.0044281725	0.99557185
0.009940182	0.99005985
0.48273656	0.5172634
0.99374855	0.0062514497
0.9947548	0.0052452544
0.12734997	0.8726501
0.98035187	0.019648125
0.07281652	0.92718345
0.97971284	0.020287203
0.9931797	0.0068203364
0.9980844	0.0019155908
0.99791557	0.0020844622
0.0048914226	0.99510854
0.046363696	0.9536363
0.022424497	0.97757554
0.05048761	0.9495124
0.0029312454	0.9970688
0.9959519	0.0040480657
0.015529863	0.9844701
0.9805848	0.019415163
0.99829215	0.0017078391
0.3828208	0.61717916
0.99826425	0.001735754
0.9948403	0.0051596863
0.002679125	0.99732095
0.9968545	0.0031455292
0.053685013	0.94631493
0.9984054	0.0015945868
0.9966961	0.0033039325
0.005765424	0.9942346
0.99794644	0.0020535637
0.99808204	0.0019180158
0.03411359	0.9658865
0.86366403	0.13633601
0.99596417	0.0040357574
0.99842936	0.0015705602
0.93576187	0.0642382
0.018265123	0.9817348
0.16617015	0.8338298
0.9963243	0.0036757416
0.99476826	0.005231732
0.99582714	0.004172857
0.00882871	0.9911713
0.040762153	0.9592379
0.9929442	0.0070557757
0.0031270033	0.9968731
0.9934463	0.0065536536
0.9971963	0.0028037094
0.0023698648	0.9976301
0.99760205	0.0023979805
0.0696082	0.9303918
0.99704105	0.0029589902
0.09556497	0.90443504
0.017142514	0.98285747
0.99242425	0.0075757713
0.9980275	0.001972482
0.9575509	0.042449117
0.99772245	0.002277555
0.022322953	0.97767705
0.99702966	0.0029702638
0.99659413	0.0034058983
0.02970522	0.9702948
0.9769842	0.023015782
0.9472098	0.052790217
0.01713278	0.98286724
0.031439487	0.9685606
0.003626772	0.99637324
0.0026013164	0.99739873
0.99529535	0.0047046575
0.017261501	0.98273855
0.9930201	0.0069798487
0.023157597	0.9768424
0.0025050116	0.99749506
0.013575987	0.986424
0.9942808	0.00571914
0.99537355	0.0046264604
0.030136732	0.96986324
0.9978198	0.002180267
0.12909737	0.8709026
0.0019704793	0.99802953
0.18907116	0.8109288
0.99753344	0.0024665478
0.9924683	0.007531753
0.98604923	0.013950763
0.998226	0.0017740629
0.97559637	0.024403643
0.0019562878	0.99804366
0.0103362845	0.98966366
0.5605907	0.43940932
0.7005961	0.29940385
0.021131169	0.9788688
0.9871293	0.012870664
0.0023381393	0.9976618
0.6495914	0.3504086
0.9954797	0.0045202817
0.9890966	0.010903412
0.004087171	0.99591285
0.9983967	0.001603254
0.024895996	0.975104
0.99636286	0.0036371737
0.9985202	0.0014798526
0.98117816	0.018821917
0.9972071	0.0027929354
0.9976441	0.0023558426
0.9902955	0.009704488
0.741176	0.25882396
0.03388009	0.96611995
0.00801897	0.991981
0.15792096	0.84207904
0.99640083	0.0035991215
0.21067522	0.78932476
0.9983381	0.0016619016
0.0037516407	0.9962483
0.0055098278	0.99449015
0.00415492	0.99584514
0.5455828	0.45441726
0.28532538	0.71467465
0.0035568613	0.9964431
0.010855732	0.98914427
0.0023694693	0.9976305
0.0019693624	0.9980306
0.99346536	0.0065346383
0.004089876	0.99591017
0.99657357	0.003426512
0.9924557	0.0075442446
0.9824457	0.017554246
0.9975944	0.002405519
0.07854262	0.9214574
0.04959121	0.95040876
0.99256927	0.0074307043
0.9973537	0.0026463808
0.009949327	0.9900506
0.9984763	0.0015237008
0.001764547	0.99823546
0.024006974	0.975993
0.76176846	0.23823158
0.93158937	0.06841063
0.9918983	0.008101739
0.79457	0.20542997
0.97051305	0.029486999
0.9937017	0.0062983064
0.9984597	0.0015402619
0.0030175177	0.9969825
0.9923954	0.0076045985
0.0019011155	0.9980989
0.005774585	0.99422544
0.9984475	0.0015525351
0.052699998	0.9473
0.99844354	0.0015565116
0.002945797	0.9970542
0.9964889	0.0035110528
0.9974367	0.002563331
0.06257253	0.93742746
0.0052043465	0.9947956
0.99819297	0.0018070058
0.99774337	0.002256665
0.9873958	0.012604138
0.0050497986	0.9949502
0.04789883	0.9521011
0.0018671892	0.9981329
0.99371403	0.006285969
0.07017008	0.9298299
0.008753867	0.99124616
0.9982212	0.0017787479
0.9889818	0.011018147
0.9978758	0.0021242213
0.99709606	0.0029039877
0.027563315	0.97243667
0.9931317	0.0068682805
0.99729353	0.0027064618
0.9953714	0.004628651
0.033662528	0.96633744
0.002056969	0.997943
0.008671992	0.99132806
0.9672734	0.03272664
0.9932921	0.0067078965
0.0040360605	0.99596393
0.004917436	0.9950826
0.47021323	0.5297867
0.019335084	0.98066497
0.9776097	0.022390248
0.9984131	0.00158695
0.9926852	0.007314745
0.051950675	0.94804937
0.98028576	0.019714303
0.04964152	0.95035845
0.017553037	0.982447
0.9971976	0.0028023378
0.01573344	0.9842666
0.0026839848	0.99731606
0.0017374413	0.9982626
0.9068702	0.09312987
0.023049211	0.9769507
0.0019454677	0.9980545
0.010807494	0.98919255
0.9982944	0.0017055478
0.00959854	0.99040145
0.8655667	0.1344333
0.0018417712	0.9981583
0.8345575	0.16544248
0.032622147	0.96737784
0.004879456	0.99512047
0.98946357	0.010536391
0.997928	0.0020720158
0.11070142	0.8892986
0.0057057445	0.9942942
0.0017611989	0.9982388
0.01206854	0.98793143
0.0019100031	0.99808997
0.9177945	0.08220549
0.9965668	0.0034332518
0.99582857	0.0041714385
0.0031234822	0.9968765
0.9979704	0.0020295833
0.99556965	0.004430369
0.99478596	0.005214028
0.0024347384	0.99756527
0.9223221	0.07767792
0.9451352	0.054864746
0.9966175	0.0033825033
0.9725786	0.027421407
0.887837	0.11216301
0.026851457	0.9731486
0.050061006	0.94993895
0.0023512007	0.9976488
0.008738017	0.99126196
0.00288047	0.99711955
0.003390885	0.9966091
0.972712	0.027288005
0.006585478	0.9934145
0.9947667	0.005233323
0.05073078	0.94926924
0.9959688	0.0040312503
0.002497248	0.99750274
0.13057476	0.8694253
0.004034533	0.9959655
0.007590958	0.992409
0.9983065	0.0016934427
0.9933763	0.0066236295
0.99821055	0.0017894658
0.0019358966	0.9980641
0.9898492	0.010150715
0.089072265	0.9109278
0.9933723	0.006627738
0.83266824	0.16733178
0.997414	0.0025859613
0.01062419	0.9893758
0.9977544	0.0022455906
0.097749986	0.90225
0.9981317	0.0018683734
0.014184641	0.9858153
0.89066225	0.10933771
0.9757699	0.02423008
0.0026630457	0.9973369
0.9672345	0.032765567
0.99592364	0.004076386
0.99837226	0.0016277784
0.9968566	0.0031434682
0.0032400105	0.99675995
0.0024511188	0.9975489
0.0018638257	0.99813616
0.9886925	0.011307456
0.9930727	0.0069273645
0.0018985801	0.9981014
0.01112502	0.98887503
0.99472153	0.005278431
0.99674904	0.0032509568
0.005570261	0.99442977
0.98928666	0.010713299
0.0019181698	0.9980818
0.9696917	0.030308314
0.019506374	0.9804936
0.0055849017	0.99441504
0.9782184	0.021781586
0.025474096	0.9745259
0.9976502	0.0023497827
0.07033207	0.92966795
0.8974528	0.10254717
0.9831231	0.016876943
0.9905284	0.0094715115
0.99557185	0.004428069
0.05920183	0.94079816
0.036726274	0.96327376
0.9796997	0.020300291
0.9438124	0.056187674
0.047090724	0.9529093
0.99826473	0.0017352417
0.0038083054	0.9961916
0.9943547	0.0056452747
0.09771294	0.90228707
0.98922986	0.01077016
0.0020291538	0.9979709
0.90476084	0.09523908
0.0034842256	0.99651575
0.27085155	0.72914845
0.99803025	0.0019696981
0.0077625415	0.9922375
0.99835134	0.0016487357
0.99793017	0.0020697983
0.9848475	0.015152487
0.9872822	0.012717784
0.0019702795	0.99802965
0.025185607	0.97481436
0.07579959	0.92420036
0.41666448	0.5833355
0.002054244	0.9979457
0.27784675	0.72215325
0.013919078	0.9860809
0.10873239	0.8912676
0.560982	0.43901807
0.9981553	0.001844703
0.010631335	0.98936874
0.004894459	0.9951055
0.028744407	0.97125554
0.025774254	0.97422576
0.12667239	0.8733276
0.00724534	0.99275464
0.05572177	0.94427824
0.00937428	0.99062574
0.020006293	0.9799937
0.99785715	0.00214287
0.98922104	0.010779034
0.11727908	0.8827209
0.002338679	0.99766135
0.003895955	0.9961041
0.22347932	0.7765206
0.9972168	0.0027831073
0.99366766	0.006332332
0.0029738417	0.99702615
0.03790983	0.96209013
0.002207273	0.9977927
0.99817276	0.0018271791
0.7529107	0.2470893
0.39225766	0.60774237
0.99242824	0.0075717713
0.025454642	0.9745454
0.011453664	0.98854625
0.0022356003	0.99776435
0.0024067252	0.9975932
0.0024102791	0.9975897
0.9928899	0.0071100853
0.09287554	0.90712446
0.0021984586	0.9978015
0.032327425	0.9676725
0.012018665	0.9879814
0.03945248	0.96054757
0.9958723	0.004127683
0.0023761843	0.99762386
0.007630712	0.9923693
0.13913658	0.86086345
0.997633	0.002366948
0.96496236	0.035037633
0.04308097	0.9569191
0.9982108	0.0017892137
0.9861508	0.013849229
0.0021551463	0.9978448
0.04759276	0.9524073
0.05840927	0.9415907
0.051891077	0.9481089
0.9899742	0.010025721
0.0050799404	0.9949201
0.013869672	0.9861303
0.098823085	0.9011769
0.045682386	0.95431757
0.99788564	0.002114347
0.2534063	0.7465938
0.99625766	0.0037423526
0.009256523	0.99074346
0.9432884	0.0567116
0.01634009	0.98365986
0.004558986	0.99544096
0.997908	0.002092002
0.9983851	0.0016149068
0.0021857074	0.9978143
0.022585716	0.97741425
0.0028499516	0.9971501
0.99432194	0.0056780186
0.062297303	0.9377027
0.8534912	0.14650886
0.002693448	0.9973066
0.99609655	0.0039034847
0.9977049	0.0022950973
0.94546723	0.054532785
0.9984346	0.0015653364
0.9764364	0.02356356
0.10880644	0.89119357
0.1548372	0.84516287
0.9840769	0.01592312
0.99791807	0.002081965
0.0018846466	0.9981154
0.9937987	0.006201301
0.010238343	0.98976165
0.97668505	0.023314964
0.0024212464	0.9975788
0.0019023961	0.9980976
0.8239357	0.17606436
0.9963643	0.0036357294
0.9983352	0.0016648695
0.0047301804	0.99526983
0.002504004	0.99749595
0.0419042	0.95809585
0.99374336	0.006256639
0.014729154	0.98527086
0.022216123	0.97778386
0.013085926	0.9869141
0.98868024	0.011319708
0.002343333	0.9976567
0.9951663	0.004833688
0.99833494	0.0016650803
0.9965557	0.0034442768
0.0018913471	0.9981086
0.0018414432	0.9981585
0.0537541	0.9462459
0.18534613	0.8146539
0.99749845	0.0025015539
0.9975483	0.0024517484
0.9967982	0.0032018581
0.9778331	0.022166908
0.992454	0.007546066
0.9948525	0.005147568
0.0064489064	0.99355114
0.99681914	0.0031808428
0.03030174	0.9696983
0.050675806	0.94932413
0.8304593	0.16954073
0.99831223	0.0016877602
0.0029090147	0.99709094
0.0020364095	0.99796355
0.0026625379	0.9973374
0.058368508	0.9416315
0.43752134	0.56247866
0.075498715	0.92450136
0.99304813	0.0069519444
0.95573866	0.044261318
0.9981402	0.0018598029
0.0035644695	0.9964355
0.997818	0.0021819978
0.001900218	0.99809974
0.9882062	0.011793787
0.0021443467	0.9978556
0.99750227	0.0024977743
0.097210646	0.9027894
0.9675501	0.03244992
0.031363633	0.9686364
0.9973138	0.0026861746
0.9883206	0.011679378
0.99824464	0.001755362
0.99599445	0.0040054927
0.0030018631	0.9969982
0.0018524068	0.9981476
0.99717474	0.0028252564
0.9920197	0.00798026
0.051723037	0.948277
0.9982016	0.0017983527
0.86041415	0.13958587
0.009408576	0.99059147
0.99720496	0.0027950038
0.12447941	0.8755206
0.9676666	0.032333355
0.09036617	0.9096339
0.99722064	0.0027793492
0.9481109	0.05188915
0.9922829	0.007717095
0.05928895	0.940711
0.996736	0.0032640223
0.9906114	0.00938866
0.0018661213	0.99813396
0.019537028	0.98046297
0.0019457262	0.99805427
0.08645854	0.91354144
0.99700147	0.0029984755
0.0020886569	0.9979113
0.9964568	0.0035432174
0.1717645	0.8282355
0.014771959	0.98522806
0.020663058	0.979337
0.0018854269	0.9981146
0.0063357204	0.99366426
0.9888082	0.011191818
0.0024743583	0.99752563
0.99749315	0.0025069162
0.9888508	0.0111491745
0.038057342	0.9619426
0.0019305227	0.99806947
0.16092066	0.8390794
0.997502	0.002497957
0.0022287099	0.99777126
0.0057496056	0.9942504
0.9968045	0.0031954932
0.99743783	0.0025621047
0.03364235	0.9663577
0.06867276	0.9313273
0.004712712	0.9952873
0.11792264	0.8820774
0.003866646	0.9961333
0.9952428	0.0047571454
0.0039181462	0.9960819
0.9944043	0.00559568
0.0023670807	0.99763286
0.016561398	0.98343855
0.9962521	0.0037478677
0.0072335987	0.9927664
0.9984156	0.0015844083
0.00473531	0.99526465
0.99792165	0.0020784144
0.059426144	0.9405739
0.9441476	0.055852417
0.9348958	0.06510415
0.021106225	0.9788938
0.96482885	0.03517119
0.009746252	0.99025375
0.09048418	0.9095158
0.9969637	0.003036351
0.9984409	0.001559135
0.05547258	0.94452745
0.99047625	0.009523713
0.03243376	0.96756625
0.0023988548	0.9976012
0.0017854125	0.9982146
0.98058033	0.019419704
0.0034678548	0.9965321
0.9962937	0.003706217
0.9952343	0.0047657415
0.4724444	0.5275556
0.8771029	0.12289709
0.99511516	0.0048848074
0.9980292	0.001970827
0.9760325	0.023967437
0.99559206	0.004407892
0.016453648	0.9835464
0.925076	0.07492393
0.06487306	0.93512696
0.009691576	0.99030846
0.29368094	0.70631903
0.99776304	0.0022369002
0.001936619	0.9980634
0.99113023	0.008869813
0.003198028	0.996802
0.008508986	0.991491
0.005406279	0.9945937
0.009828825	0.99017113
0.022815326	0.9771847
0.0031301738	0.99686986
0.009147333	0.99085265
0.9961748	0.003825174
0.99512947	0.0048705507
0.001878456	0.99812156
0.029151965	0.9708481
0.0035797341	0.99642026
0.0021152203	0.9978848
0.95477104	0.045228954
0.9976526	0.002347402
0.9984125	0.0015875198
0.9982096	0.0017903525
0.0034460188	0.996554
0.99836355	0.0016364822
0.9892904	0.010709538
0.99713826	0.0028617105
0.9923178	0.0076822
0.98947024	0.010529707
0.9781332	0.02186681
0.9972875	0.0027124558
0.0028113853	0.9971886
0.9972801	0.0027197974
0.13019465	0.86980534
0.9919482	0.008051874
0.04110428	0.95889574
0.026480097	0.9735199
0.016523248	0.9834767
0.0024435215	0.99755645
0.26325879	0.7367412
0.98649186	0.013508115
0.0021599939	0.9978399
0.99812	0.001879971
0.9984457	0.0015543855
0.016925622	0.98307437
0.99624485	0.003755182
0.01969537	0.98030466
0.9971257	0.00287426
0.9311625	0.068837516
0.09829409	0.9017059
0.008851282	0.9911487
0.00593171	0.99406826
0.019728394	0.98027164
0.9972807	0.002719252
0.0023146141	0.99768543
0.9967937	0.0032063506
0.0024779483	0.99752206
0.08541071	0.9145892
0.99588	0.0041200225
0.007608976	0.99239105
0.0037610552	0.99623895
0.006159109	0.9938408
0.9948043	0.0051956587
0.99740726	0.0025927222
0.0022692084	0.9977308
0.95316243	0.04683763
0.9959478	0.004052263
0.9952048	0.0047952193
0.8485262	0.15147386
0.99162346	0.008376568
0.6909189	0.30908105
0.99753153	0.002468461
0.5556494	0.44435063
0.0019233705	0.9980767
0.9982204	0.0017795735
0.9983132	0.0016867658
0.022101661	0.9778984
0.013935809	0.9860642
0.9969907	0.0030093289
0.996852	0.003147985
0.008707857	0.9912922
0.90665245	0.09334752
0.0056112655	0.99438876
0.9909039	0.009096089
0.994304	0.0056959824
0.007418742	0.99258125
0.96127504	0.038724903
0.6045537	0.39544627
0.012790543	0.98720944
0.026925066	0.97307485
0.9979728	0.0020272147
0.99216956	0.0078304
0.029172026	0.970828
0.0567283	0.94327176
0.9875358	0.012464159
0.0021958817	0.9978041
0.99131036	0.008689624
0.0019746036	0.9980254
0.9984084	0.0015916942
0.0025900935	0.9974099
0.9875496	0.012450386
0.013546695	0.98645335
0.07640429	0.9235957
0.99815494	0.0018450383
0.0025483558	0.9974516
0.75039107	0.249609
0.030520277	0.9694797
0.030015187	0.9699848
0.9463534	0.05364658
0.9982389	0.0017611253
0.9810002	0.018999772
0.8953407	0.104659356
0.018686894	0.9813131
0.99728024	0.0027197122
0.0019144771	0.9980855
0.04960705	0.9503929
0.0018909131	0.9981091
0.995865	0.004135003
0.0035065676	0.9964934
0.0027935768	0.9972064
0.004965811	0.9950342
0.0024590432	0.99754095
0.9961553	0.003844625
0.0019319657	0.99806803
0.049683355	0.9503166
0.001875764	0.9981242
0.005286409	0.9947136
0.9599426	0.04005744
0.0019403129	0.9980597
0.002332002	0.99766797
0.005204097	0.99479586
0.004261803	0.99573815
0.0018886485	0.99811137
0.99813014	0.001869907
0.050425436	0.94957453
0.014268972	0.98573107
0.99801093	0.0019890706
0.10610515	0.89389485
0.005080327	0.9949197
0.0024323505	0.99756765
0.99705017	0.0029498613
0.013744428	0.98625565
0.002640369	0.9973596
0.102293625	0.89770633
0.0028098887	0.9971902
0.02297783	0.9770222
0.019790016	0.98021
0.066085756	0.93391424
0.0036249496	0.996375
0.0021244597	0.9978756
0.0023851355	0.99761486
0.99678695	0.003213034
0.99828017	0.0017198231
0.99770576	0.0022942733
0.0026976909	0.9973023
0.0028273463	0.9971726
0.67128146	0.32871854
0.97414464	0.025855327
0.9016749	0.09832509
0.9983912	0.0016087098
0.007182402	0.99281764
0.075835645	0.9241643
0.9963594	0.0036406177
0.080497645	0.9195024
0.99756646	0.0024335436
0.074253984	0.925746
0.7514393	0.24856077
0.016957125	0.9830429
0.9979075	0.0020925545
0.99795556	0.0020444316
0.003994981	0.996005
0.00230418	0.99769574
0.006747015	0.99325293
0.35297585	0.6470241
0.007819491	0.99218047
0.038025692	0.96197426
0.8252551	0.17474489
0.003001014	0.996999
0.0026449389	0.9973551
0.001948382	0.99805164
0.0066788853	0.9933211
0.99362344	0.0063765543
0.9952566	0.0047433805
0.0027655144	0.9972345
0.9902732	0.009726863
0.15365396	0.8463461
0.9977265	0.0022734713
0.99370944	0.0062905825
0.99361986	0.00638013
0.0141044725	0.98589545
0.12719011	0.8728099
0.030770002	0.96923
0.99279296	0.0072070886
0.0022607741	0.9977392
0.11536505	0.8846349
0.0018112073	0.9981888
0.009459025	0.9905409
0.0060932	0.9939068
0.016301554	0.9836985
0.9842748	0.01572523
0.99673367	0.0032663017
0.0019868682	0.99801314
0.003498094	0.9965019
0.99809295	0.0019070947
0.99562126	0.0043786927
0.099292554	0.9007074
0.99728215	0.0027178687
0.99724555	0.0027544652
0.745577	0.25442305
0.9917345	0.008265549
0.99077725	0.009222711
0.9968773	0.003122663
0.03953983	0.9604601
0.9981046	0.0018954192
0.99573034	0.0042696144
0.9962914	0.00370865
0.004904186	0.9950958
0.996865	0.0031349608
0.9984465	0.0015535022
0.97305775	0.02694223
0.9937437	0.0062562535
0.0030688564	0.9969311
0.023416905	0.9765831
0.0045410004	0.9954591
0.028175913	0.9718241
0.007216368	0.99278367
0.09530251	0.90469754
0.99844664	0.0015533972
0.003833452	0.9961665
0.007421158	0.9925788
0.002560771	0.99743927
0.4534177	0.54658234
0.93894595	0.06105399
0.9940752	0.0059247804
0.9970722	0.0029277157
0.79018134	0.20981859
0.9824851	0.017514864
0.99615127	0.0038487308
0.77103513	0.2289649
0.0968395	0.9031605
0.056125574	0.94387436
0.002810685	0.99718934
0.0033637963	0.99663615
0.9983553	0.0016446325
0.9985172	0.0014827378
0.0043424545	0.99565756
0.99724686	0.0027531357
0.97986734	0.020132625
0.9983706	0.0016293909
0.0020956248	0.9979044
0.052109543	0.94789046
0.38882983	0.6111702
0.99751854	0.0024814336
0.9945017	0.0054982468
0.9834389	0.016561056
0.008921957	0.991078
0.9542643	0.04573578
0.99339217	0.006607763
0.9953969	0.004603061
0.98428303	0.015716976
0.012613037	0.987387
0.9921191	0.007880881
0.98445094	0.015549047
0.9970956	0.0029044156
0.29981452	0.7001855
0.9889791	0.011020871
0.9969247	0.0030753128
0.9924603	0.007539734
0.0043364856	0.99566346
0.1246949	0.8753051
0.001887412	0.99811256
0.9502843	0.049715653
0.9916956	0.00830439
0.9984933	0.0015066671
0.032644663	0.9673554
0.99769825	0.0023017675
0.99727064	0.0027292895
0.0033607476	0.99663925
0.946551	0.05344899
0.99402076	0.005979196
0.135337	0.86466306
0.0021701036	0.99782985
0.998384	0.0016160267
0.0040294495	0.9959706
0.0020634925	0.9979365
0.0017659914	0.99823403
0.01044833	0.9895517
0.004539974	0.99546
0.94569105	0.054308977
0.9910938	0.008906155
0.9971609	0.0028391366
0.0019227538	0.9980773
0.9973556	0.002644438
0.02412213	0.9758779
0.98627055	0.013729426
0.9981427	0.0018573225
0.0019326654	0.9980673
0.55459994	0.44540006
0.06966385	0.9303361
0.05894659	0.94105333
0.010564197	0.9894358
0.13198704	0.868013
0.14630203	0.853698
0.9955663	0.0044337045
0.00288472	0.99711525
0.9975924	0.0024076253
0.99732745	0.002672584
0.0038714095	0.99612856
0.0035824329	0.9964175
0.9954918	0.0045082
0.0062118806	0.99378806
0.9965835	0.003416467
0.044226438	0.9557736
0.8815149	0.118485086
0.014569948	0.98543
0.9791934	0.020806642
0.007906532	0.9920935
0.029448556	0.97055143
0.0035869668	0.99641305
0.99635065	0.0036492986
0.0036974049	0.9963026
0.99256986	0.007430109
0.0076259393	0.992374
0.996523	0.0034770078
0.0020696623	0.9979303
0.99842525	0.0015747575
0.033854622	0.96614534
0.99668163	0.0033184038
0.02657487	0.97342515
0.9976428	0.0023571474
0.997584	0.0024160314
0.90230346	0.09769652
0.0021754378	0.99782455
0.9979426	0.0020573705
0.99587977	0.0041202297
0.22094044	0.7790596
0.0022597418	0.99774027
0.99833626	0.0016637999
0.987715	0.012285044
0.99265444	0.007345583
0.99746203	0.0025379946
0.013711455	0.98628855
0.99836534	0.0016347179
0.024823934	0.9751761
0.0052200914	0.99477994
0.9964618	0.0035382004
0.06439597	0.93560404
0.9982863	0.0017137277
0.0058792676	0.99412066
0.9964593	0.003540698
0.01534625	0.9846538
0.9971661	0.0028338928
0.9978725	0.0021275706
0.0035812415	0.9964187
0.9950883	0.0049117124
0.041914023	0.95808595
0.9857145	0.014285479
0.039936304	0.96006364
0.027895281	0.9721048
0.07426964	0.9257304
0.1660911	0.83390886
0.9893271	0.010672939
0.9983897	0.0016103267
0.9972473	0.002752662
0.0020670472	0.9979329
0.9948007	0.0051993127
0.97068596	0.029314077
0.01315382	0.9868462
0.99495727	0.005042784
0.0026277094	0.99737227
0.97122395	0.028776055
0.012922224	0.9870777
0.0033872195	0.9966127
0.07163923	0.9283608
0.047868315	0.95213175
0.010614395	0.9893856
0.073367976	0.92663205
0.99752384	0.0024761078
0.98522794	0.0147721125
0.010043954	0.989956
0.024528049	0.9754719
0.0019168439	0.9980831
0.99837327	0.0016267109
0.0018556841	0.99814427
0.08358996	0.91640997
0.0735287	0.92647123
0.0035718668	0.9964282
0.025388552	0.9746114
0.002033881	0.9979662
0.0022658308	0.9977342
0.9960632	0.00393686
0.99710435	0.0028956821
0.0045106276	0.9954894
0.9957711	0.004228916
0.9983051	0.0016948419
0.037423987	0.962576
0.2395467	0.76045334
0.94924414	0.050755832
0.036919303	0.9630807
0.9983677	0.0016322713
0.9969773	0.003022741
0.0019770907	0.9980229
0.9012818	0.09871819
0.99579465	0.004205378
0.022339342	0.97766066
0.0020534778	0.99794656
0.99515116	0.0048488416
0.99793184	0.0020681284
0.0019463059	0.99805367
0.76568097	0.23431903
0.99444747	0.005552486
0.031287756	0.9687122
0.008333342	0.9916666
0.9907278	0.009272181
0.99750996	0.0024900318
0.003019116	0.99698085
0.008373822	0.99162614
0.019412123	0.9805879
0.9949875	0.0050125476
0.0019955803	0.9980044
0.059486	0.94051397
0.32516092	0.6748391
0.9978661	0.0021338793
0.39477324	0.6052268
0.99683255	0.003167469
0.9694238	0.030576285
0.9983901	0.0016099066
0.9978497	0.002150326
0.9809553	0.019044664
0.0045002806	0.9954997
0.7280526	0.2719474
0.0024483032	0.99755174
0.99782616	0.0021737886
0.013806241	0.9861937
0.26210165	0.73789835
0.9957481	0.004251905
0.986796	0.013203926
0.97595143	0.02404859
0.0684759	0.93152404
0.9978849	0.0021150936
0.022817057	0.9771829
0.99839824	0.001601797
0.96623534	0.03376467
0.06625462	0.9337454
0.9969703	0.0030296808
0.9704889	0.029511115
0.99512047	0.004879475
0.98553467	0.014465353
0.13603719	0.8639628
0.005049387	0.99495065
0.001763985	0.99823594
0.99210995	0.007890035
0.0064281547	0.9935719
0.99796766	0.0020323435
0.0020547868	0.99794525
0.998317	0.001682976
0.012618698	0.98738134
0.9966181	0.0033819894
0.91361684	0.08638312
0.0052068653	0.9947931
0.9973291	0.0026708585
0.024179313	0.97582066
0.0020491711	0.99795085
0.0044368734	0.99556315
0.99593854	0.004061453
0.97896874	0.02103122
0.99748623	0.0025137134
0.011448115	0.98855186
0.002604845	0.99739516
0.022813737	0.9771863
0.002139634	0.9978604
0.001886022	0.998114
0.004768284	0.9952317
0.081034556	0.91896546
0.07825374	0.92174625
0.024629438	0.9753705
0.97862387	0.02137621
0.037857153	0.9621429
0.99421245	0.005787532
0.998014	0.0019859795
0.996779	0.003221002
0.9255775	0.07442254
0.99786806	0.0021319087
0.0019054435	0.9980945
0.99832124	0.0016786961
0.07639066	0.9236094
0.993218	0.0067819934
0.99445564	0.005544396
0.9981592	0.0018407492
0.990464	0.009536033
0.002859415	0.99714065
0.0095012635	0.9904987
0.9331276	0.06687242
0.0028798112	0.99712026
0.9955141	0.00448588
0.9980811	0.0019189059
0.0021875238	0.9978124
0.99607855	0.0039214934
0.0022949185	0.99770516
0.016944658	0.98305535
0.9960057	0.0039942944
0.015691087	0.9843089
0.9940546	0.005945376
0.0037156583	0.99628437
0.005240355	0.9947596
0.06356698	0.936433
0.0020606695	0.9979393
0.006784956	0.9932151
0.004673143	0.9953269
0.9868688	0.013131191
0.014207905	0.98579216
0.02356145	0.9764385
0.044949345	0.95505065
0.9977356	0.0022644193
0.9802904	0.019709552
0.008144969	0.991855
0.99808407	0.0019159685
0.0018761819	0.9981238
0.02279078	0.9772092
0.012972683	0.98702735
0.98789877	0.012101287
0.9955348	0.0044651655
0.9471516	0.05284843
0.0031873414	0.99681264
0.98830765	0.011692314
0.99569833	0.00430163
0.9982242	0.001775764
0.02955913	0.97044086
0.9952206	0.004779375
0.9983027	0.0016972544
0.043328326	0.95667166
0.0048654615	0.99513453
0.0024202655	0.99757975
0.1086036	0.8913964
0.02425871	0.9757413
0.99614125	0.0038587935
0.0020847456	0.9979152
0.9801296	0.019870399
0.004061945	0.99593806
0.98070484	0.019295143
0.99818355	0.001816394
0.989874	0.010125945
0.22412758	0.77587247
0.99209434	0.007905672
0.021908322	0.97809166
0.014858414	0.98514163
0.9984421	0.0015578422
0.9902626	0.009737345
0.7897777	0.21022226
0.9952679	0.0047320034
0.9445283	0.055471756
0.98136353	0.018636508
0.006695559	0.99330443
0.99731475	0.0026851934
0.99189234	0.008107692
0.98843575	0.011564208
0.16428177	0.8357183
0.9953178	0.0046822494
0.9903831	0.009616943
0.9982973	0.0017027883
0.0029042263	0.9970958
0.9814673	0.018532699
0.0019377419	0.9980622
0.0019813785	0.9980186
0.9964754	0.003524572
0.09799137	0.9020086
0.99357855	0.0064214515
0.9638761	0.036123835
0.0022180679	0.99778193
0.9964198	0.0035802242
0.011245304	0.98875475
0.08539081	0.9146092
0.99427795	0.0057220315
0.9983265	0.0016735116
0.99819595	0.0018040214
0.011702541	0.9882975
0.777933	0.22206701
0.033806186	0.96619385
0.0023039938	0.997696
0.0051350542	0.994865
0.06104264	0.93895733
0.14717509	0.8528249
0.9975545	0.0024454866
0.9963127	0.0036873026
0.0037389267	0.99626106
0.013905355	0.9860947
0.9983504	0.0016495959
0.98470116	0.01529886
0.003463239	0.99653673
0.16628715	0.8337129
0.0035022653	0.9964978
0.98678315	0.013216831
0.71371454	0.2862855
0.019775484	0.98022443
0.99136204	0.008637968
0.99713755	0.0028624332
0.009920248	0.99007976
0.040230855	0.9597691
0.99760026	0.002399786
0.04770842	0.9522916
0.011676374	0.98832357
0.9980338	0.0019662236
0.053062145	0.94693786
0.7649246	0.23507547
0.0038842128	0.9961158
0.046418093	0.9535819
0.013895287	0.98610467
0.04946534	0.95053464
0.032634772	0.9673652
0.99816763	0.0018323979
0.99795544	0.0020445676
0.9958721	0.004127954
0.00282234	0.9971776
0.004239793	0.99576026
0.9974572	0.0025428617
0.0052054278	0.99479455
0.9959453	0.0040546996
0.9977374	0.0022625397
0.99845195	0.0015480763
0.4104782	0.58952177
0.07049412	0.9295058
0.0020543456	0.9979456
0.011609683	0.9883903
0.99828964	0.0017104018
0.0062271506	0.9937729
0.056577884	0.94342214
0.0018975259	0.9981025
0.022232221	0.97776777
0.9972077	0.002792278
0.4194946	0.58050543
0.06584664	0.93415344
0.996869	0.0031309237
0.024904145	0.9750958
0.007062053	0.992938
0.9982116	0.0017884474
0.99196666	0.008033251
0.9159499	0.08405013
0.0031798629	0.9968201
0.46003324	0.53996676
0.006257451	0.9937425
0.99176323	0.008236819
0.0020873365	0.9979127
0.00207596	0.997924
0.012503404	0.9874966
0.0021092542	0.9978908
0.32584533	0.6741547
0.9797078	0.020292161
0.007214079	0.9927859
0.017989604	0.9820104
0.99821955	0.0017804683
0.069637425	0.93036264
0.038265936	0.96173406
0.99742234	0.0025776336
0.995239	0.004760931
0.005534936	0.99446505
0.9319329	0.06806707
0.8448794	0.15512064
0.9953908	0.004609187
0.99844474	0.0015552797
0.0047473735	0.9952526
0.9976624	0.0023376113
0.995368	0.0046320744
0.99751854	0.0024814953
0.0017376688	0.99826235
0.019476317	0.9805237
0.9980173	0.0019827292
0.9973424	0.0026575713
0.99131167	0.008688388
0.0021547538	0.9978453
0.018991377	0.98100865
0.0025247757	0.9974752
0.99846977	0.0015302167
0.99490404	0.0050960067
0.9885555	0.011444462
0.9983668	0.0016331838
0.102799796	0.89720017
0.0020902585	0.9979097
0.05035101	0.9496489
0.9963917	0.003608313
0.055105634	0.9448944
0.0027039405	0.99729604
0.023225045	0.976775
0.0017935538	0.9982065
0.99823654	0.0017634007
0.9973023	0.0026977216
0.028191838	0.97180814
0.002339408	0.99766064
0.9279554	0.07204466
0.002139062	0.99786097
0.99644524	0.003554785
0.99579287	0.0042070756
0.038107827	0.9618922
0.97993016	0.020069875
0.025609773	0.9743902
0.07551256	0.9244875
0.9978017	0.0021982726
0.9881995	0.011800553
0.0018528618	0.99814713
0.045572817	0.95442724
0.0020421678	0.9979578
0.005982315	0.9940177
0.9711178	0.028882226
0.008502133	0.9914978
0.9121937	0.087806284
0.002198143	0.99780184
0.0024441564	0.99755585
0.9874241	0.012575946
0.0026458912	0.99735415
0.0062252176	0.9937748
0.072322085	0.92767787
0.0019922433	0.9980077
0.9924089	0.007591059
0.98807204	0.011927952
0.003091246	0.9969087
0.0018134716	0.9981865
0.9667549	0.03324507
0.0026386294	0.99736136
0.99229664	0.0077033043
0.21374291	0.786257
0.009814608	0.9901854
0.07957189	0.92042816
0.006133832	0.99386615
0.018696839	0.98130316
0.0018212309	0.99817884
0.002228061	0.9977719
0.97960633	0.020393692
0.24717811	0.7528219
0.99707186	0.002928139
0.9984452	0.0015548631
0.0017977023	0.9982023
0.0024269787	0.99757296
0.0037260994	0.9962739
0.98443764	0.015562368
0.99756205	0.0024379813
0.034100566	0.96589947
0.99797827	0.0020217947
0.052804444	0.94719553
0.008637503	0.9913625
0.0035443318	0.99645567
0.97264206	0.027357893
0.0076984805	0.99230146
0.021274725	0.97872525
0.9630488	0.036951106
0.9974172	0.002582751
0.9956182	0.0043817475
0.04634492	0.9536551
0.0022667712	0.99773324
0.0018594133	0.9981406
0.016780753	0.9832192
0.22133192	0.77866805
0.0018549794	0.998145
0.9710371	0.028962921
0.090335295	0.90966475
0.0022270924	0.9977729
0.002259714	0.99774027
0.042152483	0.9578475
0.0025994685	0.9974005
0.0020074092	0.99799263
0.0047084643	0.9952916
0.002599758	0.9974003
0.00792674	0.99207324
0.9968425	0.0031575148
0.9926898	0.007310176
0.99766773	0.0023322005
0.99805766	0.001942253
0.9969862	0.0030138418
0.99670094	0.0032990181
0.91656595	0.08343406
0.009959647	0.99004036
0.9069745	0.09302549
0.012867059	0.9871329
0.9892084	0.010791559
0.29160425	0.7083957
0.43917093	0.56082904
0.9980342	0.0019657658
0.0018292791	0.99817073
0.2166969	0.7833031
0.010469955	0.98953
0.7400359	0.25996414
0.9948159	0.005184058
0.9948478	0.005152197
0.7780157	0.22198428
0.9839824	0.01601769
0.99834013	0.0016598062
0.0018237247	0.99817634
0.9858964	0.014103612
0.028443925	0.9715561
0.99762136	0.0023786202
0.9816285	0.018371537
0.99783736	0.002162645
0.2699213	0.7300787
0.9876131	0.012386858
0.9957872	0.0042127664
0.9984084	0.0015916972
0.020908602	0.97909135
0.0022187913	0.9977812
0.99835473	0.0016452294
0.9498397	0.050160345
0.0042701783	0.99572986
0.9908556	0.009144421
0.9599572	0.04004281
0.019450944	0.98054904
0.07199706	0.9280029
0.9912593	0.008740751
0.9534493	0.046550725
0.9555129	0.04448714
0.0019368883	0.99806315
0.9495279	0.050472055
0.965661	0.034339055
0.97158986	0.028410064
0.6560308	0.3439692
0.0022371248	0.9977629
0.0025572241	0.9974427
0.02964913	0.9703509
0.0019538382	0.99804616
0.9966059	0.003394129
0.009998692	0.9900013
0.009539177	0.9904608
0.0054471614	0.9945529
0.01783186	0.9821682
0.88669676	0.113303214
0.9550211	0.044978976
0.99618953	0.0038105205
0.0025966913	0.9974033
0.0048340876	0.99516594
0.005375349	0.9946247
0.006065505	0.99393445
0.998386	0.0016139377
0.0024071878	0.99759275
0.00457893	0.995421
0.005985735	0.9940143
0.002340108	0.9976599
0.9977451	0.0022549243
0.80201143	0.1979886
0.9974395	0.0025605385
0.014770758	0.9852292
0.99269605	0.007303925
0.9945746	0.0054254043
0.0019858377	0.9980141
0.0056857797	0.99431413
0.025070827	0.9749291
0.9544391	0.045560967
0.026126036	0.97387403
0.04501588	0.95498407
0.998287	0.0017130141
0.6517821	0.3482179
0.004099135	0.9959008
0.02848842	0.9715116
0.021809243	0.9781908
0.99837625	0.0016237485
0.42468986	0.5753101
0.0017526594	0.9982474
0.011657202	0.9883428
0.8082171	0.19178288
0.056712747	0.9432872
0.99842095	0.0015790053
0.0018993123	0.9981007
0.0321565	0.9678435
0.9910226	0.008977429
0.9938088	0.006191194
0.0022690175	0.99773103
0.7220355	0.27796444
0.056034125	0.9439659
0.030641494	0.96935856
0.9898108	0.010189145
0.99456453	0.005435459
0.99442357	0.005576503
0.0026157086	0.99738425
0.0031156084	0.9968844
0.99836403	0.0016359978
0.003570823	0.99642915
0.0071735736	0.99282646
0.99605066	0.0039493097
0.0018518154	0.9981482
0.0021314765	0.99786854
0.0028773793	0.9971226
0.9984295	0.0015705223
0.99832124	0.0016787779
0.9963911	0.0036088717
0.98173577	0.01826425
0.99763536	0.0023646858
0.0025293073	0.99747074
0.99766076	0.0023392164
0.84371793	0.15628208
0.99762946	0.0023705608
0.0070649288	0.992935
0.13348718	0.8665128
0.008126315	0.9918737
0.0022401852	0.9977598
0.9973476	0.0026524325
0.14599858	0.8540014
0.006788726	0.99321127
0.9928652	0.0071347584
0.9922593	0.007740667
0.06526678	0.9347332
0.006635515	0.99336445
0.0068964763	0.9931035
0.8732979	0.12670204
0.9957073	0.0042926935
0.007659159	0.9923408
0.032301333	0.96769863
0.00724604	0.9927539
0.015648024	0.98435193
0.9939324	0.0060675237
0.9800662	0.01993387
0.99815434	0.0018456304
0.005161312	0.99483865
0.9932294	0.006770581
0.9942279	0.0057721413
0.0031697224	0.9968303
0.0035006409	0.9964993
0.04860318	0.95139676
0.8071655	0.19283453
0.99555427	0.0044457577
0.0040684296	0.99593157
0.99715173	0.0028482038
0.013469169	0.98653084
0.9703654	0.029634582
0.99227375	0.0077262027
0.001986061	0.998014
0.9862614	0.013738626
0.0027497078	0.99725026
0.98196304	0.018036913
0.0017607523	0.9982393
0.0062768203	0.9937232
0.9946615	0.0053384625
0.0029983816	0.9970016
0.0022887124	0.9977113
0.05350215	0.94649786
0.0074776853	0.9925223
0.012699741	0.98730034
0.0029882633	0.99701166
0.07186535	0.9281346
0.025768075	0.9742319
0.058754258	0.94124573
0.99116766	0.00883231
0.9979426	0.002057352
0.0018545574	0.99814546
0.9032314	0.09676856
0.0020214766	0.9979785
0.0074680587	0.99253196
0.99316	0.00683997
0.9984073	0.0015927568
0.003538898	0.9964611
0.0063012196	0.9936987
0.0024296525	0.99757034
0.006948969	0.99305105
0.9974952	0.0025048638
0.010736032	0.98926395
0.9699109	0.03008916
0.0020288997	0.9979711
0.9957651	0.004234924
0.012103508	0.98789644
0.054333862	0.94566613
0.6550774	0.34492257
0.9645997	0.035400208
0.36898404	0.63101596
0.9897737	0.010226337
0.9894071	0.01059293
0.15655279	0.8434472
0.012803169	0.9871968
0.023924926	0.9760751
0.9942443	0.005755704
0.017316502	0.9826835
0.9949067	0.0050931955
0.9968605	0.003139484
0.07125925	0.9287407
0.99060714	0.009392838
0.027386833	0.9726132
0.0021644053	0.9978356
0.0074666413	0.9925333
0.9971564	0.0028435788
0.002070688	0.99792933
0.002926484	0.99707353
0.9939255	0.006074539
0.9973794	0.0026205895
0.004214995	0.99578494
0.006316896	0.9936831
0.062483598	0.9375164
0.023464985	0.9765351
0.016432988	0.983567
0.9966786	0.003321449
0.9982255	0.0017745255
0.0017936758	0.9982064
0.10597408	0.894026
0.014384404	0.9856156
0.87070286	0.12929718
0.9967403	0.0032596935
0.9971187	0.0028813495
0.94584525	0.054154724
0.97661114	0.023388939
0.0025904863	0.9974095
0.99124813	0.008751873
0.021386951	0.978613
0.95134324	0.04865677
0.7946916	0.20530842
0.072033815	0.9279662
0.0022006165	0.99779934
0.0026835226	0.9973164
0.998094	0.0019060206
0.9972404	0.0027595242
0.8607427	0.13925736
0.9979165	0.0020834524
0.99757165	0.002428363
0.93439794	0.06560204
0.0035201968	0.9964798
0.024042105	0.97595793
0.99694973	0.0030502554
0.9952009	0.004799121
0.0076230895	0.9923769
0.9606346	0.039365374
0.9894804	0.010519546
0.025700325	0.97429967
0.002509756	0.9974903
0.036086638	0.9639133
0.017372733	0.9826272
0.99820447	0.0017954892
0.036859505	0.9631405
0.033948876	0.9660511
0.9974517	0.0025482518
0.0136075085	0.98639244
0.998417	0.0015830128
0.01858576	0.98141426
0.9976578	0.0023421694
0.0022774052	0.99772257
0.99831367	0.001686342
0.018832631	0.9811674
0.99784434	0.0021556364
0.011657104	0.98834294
0.007625178	0.99237484
0.07200899	0.927991
0.974744	0.02525598
0.9825784	0.017421544
0.9959687	0.004031367
0.9976745	0.002325519
0.001954381	0.99804556
0.8965532	0.1034468
0.04503794	0.954962
0.0023123326	0.9976877
0.0021915452	0.9978085
0.0041061663	0.99589384
0.0020728577	0.99792707
0.0049089594	0.9950911
0.0023847483	0.9976152
0.06794113	0.9320589
0.979218	0.020781994
0.0061296904	0.99387026
0.97821236	0.021787666
0.9933595	0.00664054
0.009649201	0.9903508
0.043024488	0.9569755
0.029941177	0.97005886
0.002186425	0.9978136
0.0019031161	0.9980969
0.16562727	0.8343727
0.96036506	0.03963499
0.0041488437	0.99585116
0.987303	0.012697063
0.0035621077	0.9964379
0.99783033	0.002169612
0.9925291	0.007470912
0.920514	0.07948599
0.99793017	0.0020698782
0.0019328825	0.9980671
0.07070628	0.9292937
0.99176604	0.008234003
0.058018856	0.9419812
0.99759513	0.0024048425
0.0019522392	0.9980477
0.99351454	0.0064854673
0.9647331	0.035266917
0.010136169	0.9898638
0.020930814	0.9790692
0.017023649	0.9829763
0.010904348	0.9890956
0.009437591	0.9905624
0.0026220721	0.997378
0.9923409	0.0076590874
0.99602145	0.00397854
0.10163687	0.8983632
0.9975393	0.0024607116
0.99681807	0.0031819283
0.9965612	0.0034387263
0.002818608	0.9971814
0.010201751	0.9897982
0.001811878	0.9981881
0.9975224	0.0024776293
0.9984267	0.0015733669
0.9927327	0.007267379
0.0019786365	0.99802136
0.046918746	0.9530813
0.02865515	0.9713448
0.035204787	0.96479523
0.8854813	0.11451867
0.035668626	0.9643314
0.005170146	0.99482983
0.998423	0.0015769769
0.9861525	0.013847458
0.003941017	0.99605906
0.9954275	0.004572431
0.010813878	0.9891861
0.99725074	0.0027492035
0.9979494	0.0020506557
0.107083425	0.89291656
0.9967513	0.003248672
0.9927833	0.007216682
0.9954875	0.0045124716
0.9973314	0.0026685756
0.10964273	0.89035726
0.0019590484	0.998041
0.9844461	0.01555394
0.0019022495	0.9980977
0.99754816	0.002451789
0.9950471	0.004952935
0.8941464	0.10585355
0.0019522831	0.9980477
0.4177963	0.5822037
0.988848	0.011152057
0.997804	0.0021960544
0.0036700044	0.99632996
0.998381	0.0016189497
0.9862315	0.013768558
0.06442858	0.9355714
0.9984629	0.0015371119
0.99703395	0.0029660761
0.87623566	0.12376434
0.99745625	0.0025437109
0.99836344	0.0016365827
0.9908969	0.009103088
0.996256	0.0037440562
0.9956937	0.0043063154
0.0033878442	0.99661213
0.029740643	0.9702593
0.99269956	0.0073004724
0.0020932646	0.9979068
0.45405227	0.54594773
0.99668676	0.0033132492
0.99582326	0.0041767606
0.99602014	0.0039798515
0.022349402	0.97765064
0.021525746	0.9784743
0.0035853449	0.99641466
0.9952055	0.0047945417
0.9973788	0.0026211864
0.01128378	0.98871624
0.014941764	0.9850582
0.99716467	0.0028353513
0.9984542	0.0015457792
0.022041451	0.97795856
0.8534182	0.14658186
0.021535136	0.97846484
0.99616313	0.0038368972
0.52727455	0.47272542
0.9983752	0.0016247698
0.002215777	0.9977842
0.99274606	0.0072539607
0.0124436915	0.9875563
0.002033884	0.9979662
0.003489852	0.9965101
0.04040521	0.9595948
0.9974679	0.0025321734
0.0041897176	0.9958103
0.002705219	0.9972947
0.0022729977	0.997727
0.0069285645	0.9930714
0.9968426	0.003157419
0.0024387005	0.99756134
0.103433006	0.896567
0.97398925	0.02601072
0.99149853	0.008501429
0.99364376	0.0063562575
0.0345531	0.9654469
0.011231866	0.98876816
0.0019819348	0.998018
0.003452857	0.99654716
0.0032769875	0.996723
0.0032197589	0.99678016
0.0032883482	0.9967116
0.9981856	0.0018144413
0.02566491	0.9743351
0.95507336	0.04492663
0.009394671	0.9906053
0.97130346	0.028696544
0.05501203	0.94498795
0.0047260984	0.9952739
0.078459255	0.9215408
0.9971335	0.0028665452
0.9927913	0.0072086444
0.9930393	0.006960696
0.004471372	0.99552864
0.9972301	0.0027699023
0.987914	0.012085972
0.99474794	0.0052520614
0.99666697	0.0033330268
0.07727494	0.9227251
0.36233282	0.6376672
0.99793833	0.002061677
0.0036563168	0.9963437
0.011772106	0.9882279
0.5782032	0.4217968
0.99843615	0.0015638556
0.9947068	0.0052931607
0.99804074	0.001959345
0.011506548	0.9884934
0.9934738	0.0065261247
0.9926293	0.007370701
0.059231203	0.94076884
0.9858468	0.014153137
0.99621034	0.0037896333
0.0021693893	0.99783057
0.0032425064	0.99675745
0.8291406	0.17085934
0.99745613	0.002543845
0.99751437	0.0024856534
0.9971474	0.0028525868
0.9977259	0.002274076
0.005739801	0.9942602
0.99832815	0.0016718091
0.08058074	0.9194192
0.039878596	0.96012145
0.08689969	0.9131003
0.38206908	0.61793095
0.0024273782	0.9975726
0.9949398	0.005060198
0.009653503	0.9903465
0.006836997	0.993163
0.9975262	0.002473823
0.96189	0.038110066
0.99746907	0.0025309063
0.01315452	0.9868455
0.013610306	0.9863897
0.0021269328	0.99787307
0.99455863	0.0054413234
0.9948626	0.005137403
0.9951557	0.0048443107
0.99679464	0.0032053401
0.112045385	0.8879546
0.98974824	0.010251736
0.993111	0.0068890112
0.9928966	0.007103383
0.7047019	0.29529807
0.98203236	0.017967587
0.002579662	0.9974203
0.0734078	0.92659223
0.9974093	0.0025907154
0.99801946	0.0019804921
0.9968933	0.0031066844
0.98646754	0.013532505
0.9720805	0.027919477
0.9941519	0.0058481195
0.0086934175	0.9913066
0.0037515587	0.9962484
0.99804723	0.0019528136
0.09452299	0.905477
0.9981133	0.001886778
0.0032975322	0.9967025
0.12058363	0.8794164
0.99245244	0.00754753
0.06693581	0.93306416
0.2908077	0.70919234
0.99389076	0.006109184
0.008816617	0.9911834
0.9979157	0.0020842617
0.95575076	0.044249248
0.9901642	0.009835733
0.9984648	0.0015352193
0.01161963	0.98838043
0.99629116	0.0037089053
0.042814348	0.95718557
0.97588795	0.024112083
0.14600024	0.85399973
0.004240389	0.99575967
0.874517	0.12548295
0.007596327	0.99240375
0.026620425	0.9733796
0.017579354	0.9824206
0.9973781	0.0026219485
0.51502854	0.48497146
0.0021675692	0.9978325
0.83408713	0.16591284
0.025081323	0.9749187
0.9978987	0.0021013264
0.0020166326	0.99798334
0.9973404	0.0026596691
0.98956513	0.010434889
0.6138117	0.3861883
0.011055371	0.9889446
0.021529904	0.9784701
0.05132057	0.94867945
0.01962905	0.980371
0.9981317	0.0018683518
0.0025258171	0.99747413
0.0030793608	0.9969207
0.03140071	0.96859926
0.8740251	0.12597486
0.9413014	0.05869856
0.020508267	0.9794917
0.9978866	0.002113379
0.9976566	0.0023433843
0.0019805187	0.99801946
0.003551719	0.9964483
0.022749007	0.977251
0.9972241	0.0027758977
0.004477574	0.9955224
0.99837804	0.0016219164
0.005137393	0.9948626
0.9961798	0.0038202386
0.9958198	0.0041801413
0.002450356	0.9975496
0.9968574	0.0031425387
0.998211	0.001788936
0.9667214	0.033278637
0.9923953	0.0076047936
0.004459588	0.99554044
0.0022857396	0.9977143
0.99500316	0.004996848
0.924622	0.075378045
0.01942913	0.98057085
0.9182105	0.08178941
0.0027068378	0.9972932
0.97619754	0.023802407
0.027939009	0.972061
0.019726526	0.9802735
0.9971193	0.0028807055
0.99269366	0.0073063215
0.0020228492	0.9979772
0.997547	0.0024530056
0.0019904976	0.9980095
0.06821878	0.9317812
0.0017990788	0.9982009
0.99380374	0.006196234
0.008591178	0.99140877
0.0053063678	0.9946936
0.091140956	0.908859
0.9907601	0.009239981
0.0020755248	0.99792445
0.007826993	0.99217296
0.97906744	0.020932576
0.99540836	0.0045916727
0.55244726	0.44755277
0.002496629	0.99750334
0.9935689	0.006431054
0.98095083	0.019049136
0.99817	0.0018300175
0.001987746	0.9980122
0.9933235	0.0066765323
0.8810921	0.1189079
0.022842672	0.9771573
0.8920811	0.107918866
0.04992556	0.95007443
0.996702	0.0032980323
0.052919455	0.94708055
0.2717813	0.72821873
0.003765904	0.9962341
0.996781	0.003219003
0.99841034	0.0015896662
0.99571854	0.0042815106
0.0022416809	0.99775827
0.0036312027	0.99636877
0.99477875	0.00522121
0.9966987	0.0033012987
0.99840945	0.0015906215
0.99025625	0.009743831
0.9908111	0.009188952
0.98924655	0.010753433
0.9979377	0.0020623528
0.94550174	0.054498225
0.008344652	0.99165535
0.9977412	0.0022587583
0.99425274	0.005747281
0.0022962051	0.99770385
0.9276655	0.07233452
0.978704	0.021296045
0.11144879	0.88855124
0.0027684828	0.99723154
0.0063001504	0.9936998
0.27445444	0.7255455
0.0106787	0.98932135
0.019477218	0.9805228
0.99310017	0.0068998314
0.021738648	0.9782614
0.9978059	0.0021941683
0.013756818	0.9862432
0.9966131	0.0033869334
0.99415165	0.005848302
0.0051673735	0.99483263
0.11907269	0.88092726
0.9959046	0.0040954323
0.9619671	0.038032867
0.0018258387	0.9981742
0.033054173	0.9669458
0.09232659	0.9076734
0.008988036	0.991012
0.0074737896	0.9925262
0.9983197	0.0016802537
0.003067421	0.9969325
0.0028310483	0.99716896
0.9982039	0.0017960977
0.031068137	0.96893185
0.992677	0.0073229973
0.94794905	0.052050877
0.7361525	0.26384747
0.005467236	0.9945327
0.0031495881	0.99685043
0.9946537	0.005346247
0.9964206	0.0035793874
0.09318235	0.9068176
0.990315	0.009684941
0.9552244	0.044775523
0.054863438	0.9451366
0.9938829	0.0061171576
0.9962992	0.0037008724
0.99815947	0.0018405004
0.99797946	0.00202052
0.0018918061	0.99810815
0.9942016	0.0057983305
0.001875474	0.99812454
0.9978612	0.0021388065
0.0021798913	0.99782014
0.9974279	0.0025720936
0.04321415	0.9567858
0.012051355	0.98794866
0.976832	0.02316803
0.99726605	0.0027339086
0.9961687	0.003831368
0.9872929	0.012707157
0.0040229675	0.9959771
0.0028383082	0.99716175
0.018173529	0.98182654
0.9944423	0.0055577415
0.0025294072	0.9974706
0.030895486	0.96910447
0.9972658	0.0027341763
0.0025580525	0.9974419
0.03494874	0.9650513
0.008910149	0.9910898
0.8480592	0.15194076
0.004551086	0.9954489
0.033839855	0.9661601
0.99439645	0.005603587
0.9809124	0.019087536
0.002373656	0.99762636
0.0024204522	0.99757963
0.010663839	0.98933613
0.9983169	0.0016830947
0.0022084708	0.9977915
0.059607167	0.94039285
0.99778855	0.0022113875
0.0036966058	0.99630344
0.03306071	0.9669393
0.0030031747	0.9969969
0.99828327	0.001716805
0.045398768	0.9546012
0.993654	0.006346014
0.0021282418	0.99787176
0.990694	0.009306025
0.014381613	0.9856184
0.004389283	0.9956108
0.0018112693	0.9981887
0.13354534	0.8664546
0.0068645086	0.99313545
0.0018803109	0.99811965
0.0041802386	0.9958197
0.90709	0.09290998
0.0019565981	0.9980434
0.9961494	0.0038506382
0.9975763	0.002423768
0.99434847	0.0056515657
0.9931492	0.0068508303
0.9773719	0.02262813
0.9436931	0.05630692
0.0021866143	0.99781334
0.9958534	0.004146606
0.9984047	0.00159536
0.9775774	0.022422682
0.0026867674	0.9973132
0.08481374	0.9151862
0.9975278	0.0024722656
0.028542524	0.9714575
0.015944473	0.9840555
0.0027911626	0.9972088
0.051184993	0.948815
0.99402905	0.0059710173
0.9981096	0.0018904058
0.99838626	0.001613761
0.5208787	0.47912133
0.90825146	0.09174854
0.009426916	0.9905731
0.016490053	0.98350996
0.0040128655	0.9959871
0.9971398	0.0028602006
0.0019739743	0.998026
0.0038880983	0.9961119
0.9605586	0.03944138
0.99441504	0.0055849734
0.9984358	0.0015642147
0.9943241	0.005675898
0.99824023	0.0017598112
0.013091013	0.986909
0.0020570005	0.997943
0.9931798	0.00682023
0.99839133	0.0016086134
0.0019612333	0.9980388
0.9975138	0.0024862199
0.0076345545	0.9923654
0.06044457	0.9395554
0.021818511	0.97818154
0.99481297	0.0051870104
0.99848586	0.0015141951
0.0020918527	0.9979081
0.008762381	0.99123764
0.0066277315	0.9933723
0.012009551	0.98799044
0.983232	0.016767973
0.7988352	0.20116477
0.00391148	0.9960885
0.9968093	0.0031906916
0.09013608	0.90986395
0.002782766	0.9972172
0.9851323	0.01486774
0.99145377	0.008546213
0.33682692	0.66317314
0.99755764	0.0024422954
0.09818791	0.9018121
0.9872176	0.0127823865
0.99469817	0.0053018066
0.012835996	0.987164
0.9583602	0.041639823
0.9903818	0.009618246
0.9965327	0.0034672567
0.01127533	0.98872465
0.010784424	0.98921555
0.9977202	0.002279836
0.013882774	0.9861172
0.015457797	0.98454225
0.9977063	0.0022936915
0.003844417	0.99615556
0.9937411	0.0062589287
0.99714154	0.00285842
0.0024140866	0.9975859
0.002089318	0.9979107
0.86517155	0.13482845
0.01347479	0.9865252
0.7444434	0.2555566
0.9978387	0.0021613035
0.0023014215	0.9976986
0.038538724	0.96146125
0.005688536	0.99431145
0.054347415	0.9456526
0.9894175	0.010582504
0.0017234045	0.9982766
0.9975477	0.0024523197
0.98010296	0.019897038
0.0036587738	0.99634117
0.94712484	0.052875165
0.9983551	0.0016449059
0.9957789	0.004221046
0.0023595912	0.9976405
0.25537074	0.74462926
0.9750542	0.02494572
0.9980775	0.0019224589
0.99774384	0.0022561864
0.9068746	0.09312546
0.039792333	0.96020764
0.042514347	0.9574856
0.032091744	0.9679082
0.9935953	0.0064047407
0.98817015	0.011829797
0.9982109	0.0017891404
0.9893825	0.010617576
0.99822897	0.0017710971
0.9552476	0.044752352
0.0045455853	0.99545443
0.327178	0.672822
0.008608627	0.9913914
0.005718826	0.9942812
0.02825967	0.97174037
0.9471138	0.05288613
0.0021126312	0.9978873
0.021155715	0.9788442
0.9929389	0.0070610633
0.020608854	0.9793912
0.012950744	0.9870493
0.97397196	0.026028087
0.8778835	0.12211646
0.029443197	0.9705568
0.013738626	0.9862614
0.9954098	0.004590224
0.9923332	0.0076668398
0.9291862	0.07081372
0.003933499	0.9960665
0.75965244	0.2403475
0.0103248	0.9896752
0.09428207	0.9057179
0.99701595	0.0029840188
0.0817328	0.91826725
0.027225927	0.972774
0.035291843	0.96470815
0.9981686	0.001831402
0.8168087	0.18319128
0.97655815	0.023441875
0.010850326	0.98914963
0.98786587	0.012134212
0.003887659	0.9961124
0.99391395	0.0060859844
0.87344533	0.12655465
0.4071477	0.59285235
0.0021108727	0.9978891
0.06373665	0.9362634
0.9909185	0.009081449
0.006356212	0.99364376
0.97108424	0.028915767
0.002114153	0.9978859
0.4035031	0.59649694
0.99842024	0.0015798116
0.9959817	0.0040183007
0.986821	0.013179037
0.992147	0.007852964
0.010188049	0.98981196
0.041423466	0.95857656
0.99597037	0.0040296195
0.0018775834	0.9981224
0.030853644	0.9691463
0.99517065	0.004829277
0.9646816	0.03531834
0.9979232	0.0020767981
0.0018503969	0.99814963
0.06860367	0.9313963
0.97810876	0.021891193
0.033653926	0.9663461
0.042628422	0.95737165
0.9911315	0.008868547
0.9944359	0.0055640964
0.9811554	0.018844625
0.13402404	0.865976
0.99670106	0.0032988845
0.9959586	0.0040413314
0.05750051	0.94249946
0.0022154166	0.99778455
0.03103325	0.9689668
0.99754745	0.0024525765
0.015367413	0.9846326
0.002003384	0.9979966
0.029887494	0.97011244
0.002074271	0.99792576
0.023168784	0.9768312
0.002876616	0.9971234
0.92975277	0.070247225
0.99739766	0.0026023856
0.93350154	0.066498466
0.0031247311	0.9968753
0.002962378	0.99703765
0.0018058978	0.99819416
0.98422897	0.015771009
0.002849946	0.9971501
0.92256004	0.07743995
0.9851773	0.014822734
0.01196846	0.9880315
0.9944342	0.005565899
0.0049288543	0.9950712
0.9980331	0.0019668974
0.015825415	0.98417455
0.0583115	0.9416885
0.16602518	0.8339748
0.9978988	0.0021011583
0.042340048	0.95765996
0.9961171	0.003882877
0.0052368767	0.9947632
0.0052972445	0.99470276
0.0043395422	0.9956605
0.0021023771	0.9978976
0.036615435	0.9633846
0.99832124	0.0016787827
0.99643314	0.003566848
0.0055028875	0.9944971
0.034704424	0.9652956
0.99765635	0.0023436407
0.98888063	0.011119343
0.024497777	0.97550225
0.98154724	0.018452771
0.016248029	0.9837519
0.0027068765	0.99729306
0.003122369	0.9968777
0.9981287	0.001871336
0.024937436	0.9750626
0.14364058	0.85635936
0.012451945	0.987548
0.10240039	0.89759964
0.98911625	0.010883791
0.026018284	0.9739817
0.9983602	0.0016397418
0.025920922	0.9740791
0.031495966	0.9685041
0.99815327	0.0018466902
0.007926759	0.99207324
0.99741423	0.0025857596
0.99717486	0.0028250925
0.99808264	0.0019173841
0.081942245	0.9180578
0.00945212	0.99054784
0.026278531	0.9737214
0.0035879007	0.9964121
0.53827244	0.4617276
0.0062076054	0.9937925
0.13132551	0.8686745
0.99636877	0.0036312516
0.0033745365	0.9966254
0.051267404	0.94873255
0.9358454	0.0641546
0.99344915	0.0065508545
0.9978315	0.0021685062
0.08204046	0.9179595
0.002814039	0.997186
0.001853922	0.99814606
0.9934244	0.006575565
0.09180293	0.9081971
0.016914263	0.98308575
0.9917178	0.008282138
0.033689626	0.9663104
0.004331844	0.9956682
0.9878049	0.012195097
0.9976587	0.002341274
0.002033846	0.9979662
0.009829642	0.9901703
0.0065107965	0.99348927
0.008492102	0.9915079
0.021352256	0.9786477
0.99607134	0.003928608
0.998278	0.0017219366
0.97641605	0.023584004
0.5603924	0.43960762
0.08189434	0.9181056
0.0022774008	0.99772257
0.006912095	0.99308795
0.005920732	0.99407923
0.004828571	0.99517137
0.26769456	0.73230547
0.076972306	0.92302775
0.008188188	0.99181175
0.21302882	0.7869712
0.9979989	0.0020010942
0.9330015	0.066998556
0.006615355	0.99338466
0.012269281	0.9877307
0.005279285	0.9947207
0.99595463	0.0040454064
0.99844754	0.0015523775
0.288727	0.711273
0.008716953	0.99128306
0.9972983	0.0027017323
0.990087	0.009912972
0.0025898225	0.99741024
0.008826264	0.9911738
0.99847394	0.0015260705
0.99792635	0.0020736335
0.06965942	0.93034065
0.5976699	0.4023301
0.99725384	0.002746146
0.45477918	0.54522085
0.003528248	0.99647176
0.9975944	0.0024055692
0.9919968	0.00800316
0.14923723	0.8507628
0.99088883	0.009111217
0.007965876	0.99203414
0.004270095	0.99572986
0.9968631	0.003136945
0.9971739	0.002826053
0.87846243	0.12153764
0.033606026	0.96639395
0.20050767	0.79949236
0.9966107	0.0033892968
0.9969627	0.0030373156
0.0018046724	0.99819535
0.15910299	0.840897
0.99732286	0.0026771303
0.9970234	0.0029765689
0.004318627	0.9956814
0.9824594	0.01754054
0.0023326513	0.9976674
0.0075946013	0.99240535
0.9970673	0.0029327183
0.0032953701	0.99670464
0.0026670964	0.99733293
0.009491924	0.9905081
0.013534109	0.9864659
0.0024584632	0.99754155
0.74745363	0.25254634
0.004349798	0.99565023
0.04781737	0.95218265
0.9981224	0.0018775908
0.002034578	0.99796546
0.9983754	0.0016245982
0.99698085	0.003019126
0.028746597	0.9712534
0.006379682	0.99362034
0.9983089	0.0016911156
0.0038568177	0.99614316
0.9978242	0.002175873
0.004021481	0.9959785
0.998028	0.0019720467
0.99672264	0.003277427
0.99839836	0.0016016741
0.016100435	0.9838996
0.9984194	0.0015805681
0.91358733	0.08641273
0.9807842	0.019215757
0.99415284	0.005847211
0.99818146	0.0018185887
0.003547661	0.99645233
0.0018830444	0.99811697
0.95369786	0.046302155
0.0021654323	0.9978346
0.03349508	0.9665049
0.08320933	0.91679066
0.7483142	0.25168583
0.9977683	0.0022317574
0.0047087567	0.99529123
0.9972734	0.002726604
0.94124395	0.05875609
0.07407664	0.92592335
0.9982243	0.0017756746
0.0026046624	0.9973953
0.10020339	0.89979666
0.002954684	0.99704534
0.99434644	0.0056535653
0.9954072	0.004592839
0.9979997	0.0020002173
0.014571386	0.98542863
0.008785309	0.99121463
0.23888682	0.76111317
0.004237181	0.9957628
0.99721426	0.0027857625
0.9981812	0.0018188528
0.99775106	0.0022489931
0.99834645	0.001653554
0.9977443	0.002255662
0.0024535751	0.9975464
0.9920719	0.007928046
0.040729918	0.9592701
0.9971457	0.0028542285
0.9969771	0.0030229348
0.004425005	0.99557495
0.01964195	0.980358
0.022712091	0.9772879
0.008036267	0.99196374
0.0023476174	0.99765235
0.023066023	0.976934
0.005162299	0.9948377
0.9972276	0.0027724009
0.0023840931	0.99761593
0.0039448445	0.9960551
0.99804235	0.0019575867
0.99273443	0.0072655696
0.9627418	0.037258226
0.016496336	0.9835037
0.0755306	0.9244695
0.9977863	0.0022136916
0.99785346	0.0021464825
0.9982862	0.0017138476
0.0038572135	0.9961428
0.99669856	0.0033013625
0.002195624	0.99780434
0.08983368	0.9101663
0.0052926387	0.99470735
0.8063578	0.19364215
0.9955804	0.0044195973
0.99727756	0.0027224917
0.99257714	0.00742288
0.9749757	0.025024312
0.15761533	0.84238464
0.002450729	0.99754924
0.9916425	0.008357581
0.0020216096	0.9979784
0.040519584	0.95948046
0.0033272945	0.99667263
0.061306473	0.93869346
0.9978582	0.0021418182
0.9982982	0.0017018125
0.22490151	0.7750985
0.99280167	0.007198353
0.41817686	0.5818231
0.9698224	0.030177537
0.01451663	0.9854834
0.9983352	0.0016648663
0.00414101	0.99585897
0.0024270446	0.99757296
0.06295297	0.937047
0.11949942	0.88050056
0.9870948	0.012905217
0.9978817	0.0021182608
0.11465155	0.8853484
0.9978218	0.0021782108
0.9943105	0.005689537
0.0032764613	0.9967236
0.009908724	0.9900913
0.933774	0.06622601
0.9978623	0.002137729
0.0073254104	0.99267465
0.9949811	0.0050189546
0.0123714395	0.9876286
0.114687964	0.8853121
0.9972289	0.0027710935
0.99653566	0.0034643088
0.99760735	0.0023926594
0.9950524	0.004947568
0.99795866	0.0020413615
0.0021144846	0.9978855
0.99795663	0.0020434028
0.029326957	0.9706731
0.9914915	0.008508559
0.011547613	0.9884524
0.045555957	0.95444405
0.0018655173	0.9981345
0.9951781	0.0048219543
0.0050523146	0.9949477
0.9974462	0.0025538916
0.13837838	0.8616217
0.0366696	0.9633304
0.030392835	0.9696072
0.029532919	0.9704671
0.054283656	0.9457163
0.9886736	0.011326327
0.9982792	0.001720819
0.0032914695	0.9967085
0.98313093	0.016869048
0.98052216	0.019477846
0.10526424	0.8947358
0.009942312	0.99005765
0.028512092	0.97148794
0.9797	0.020299941
0.0035203812	0.9964797
0.018143024	0.981857
0.014304493	0.98569554
0.0068002366	0.99319977
0.034342263	0.9656578
0.014928948	0.98507106
0.99613804	0.0038619707
0.03509726	0.96490276
0.04422293	0.9557771
0.023039196	0.9769607
0.052869365	0.9471306
0.0019106416	0.9980894
0.9972268	0.002773246
0.95651305	0.043486934
0.0025637832	0.9974362
0.99764353	0.0023564175
0.0020299873	0.99797004
0.99781907	0.0021808997
0.005674391	0.9943256
0.006479567	0.99352044
0.002433387	0.9975666
0.9984403	0.001559741
0.9946049	0.005395158
0.0022676317	0.9977323
0.9979522	0.0020477762
0.03073191	0.9692681
0.0018915173	0.9981085
0.9982888	0.0017111558
0.997644	0.0023559793
0.9980988	0.0019012486
0.88916165	0.110838324
0.9984597	0.0015403603
0.99575317	0.0042468407
0.99590105	0.004098903
0.037178513	0.9628215
0.20891984	0.7910802
0.0053641335	0.9946359
0.0021187004	0.99788123
0.011930255	0.9880697
0.0018311327	0.9981688
0.96649396	0.033506036
0.9944143	0.005585617
0.99631953	0.0036804457
0.9944231	0.005576942
0.9973277	0.0026723118
0.9933268	0.0066731875
0.37962556	0.62037444
0.99461526	0.005384736
0.0021855826	0.9978144
0.9983979	0.0016020966
0.9414852	0.058514744
0.61870235	0.38129768
0.00840367	0.9915963
0.9906595	0.009340509
0.99846554	0.0015345184
0.9964958	0.0035042358
0.9791221	0.020877903
0.9857394	0.014260549
0.19429423	0.8057058
0.98845834	0.011541693
0.04660218	0.9533978
0.8870353	0.11296468
0.9978243	0.0021757225
0.0046259705	0.995374
0.991161	0.008839031
0.96624815	0.033751853
0.004877984	0.995122
0.06643811	0.93356186
0.0034438937	0.99655616
0.006965323	0.9930347
0.00702004	0.99297994
0.03885008	0.96114993
0.98333967	0.0166604
0.9967618	0.0032381664
0.9826689	0.017331073
0.99704415	0.0029558192
0.9958325	0.0041675265
0.016500644	0.98349935
0.048940584	0.95105934
0.0019847946	0.99801517
0.008430116	0.9915699
0.056200787	0.9437992
0.0019287576	0.99807125
0.99784994	0.002150097
0.98588157	0.01411841
0.006010241	0.9939898
0.99016917	0.009830812
0.01167802	0.98832196
0.99011236	0.009887686
0.998212	0.0017880644
0.01820824	0.98179173
0.56825656	0.4317434
0.0044110455	0.995589
0.053589318	0.9464107
0.0028043438	0.9971956
0.005951842	0.9940481
0.9982628	0.0017371855
0.9873475	0.012652499
0.03352499	0.966475
0.99538004	0.0046199365
0.9959197	0.0040802513
0.89821196	0.10178807
0.04997998	0.95001996
0.012270524	0.9877295
0.122569025	0.877431
0.9939413	0.0060587195
0.0036158122	0.99638414
0.9963672	0.0036327404
0.17154376	0.8284562
0.9632321	0.03676793
0.9980288	0.0019711854
0.9938216	0.006178298
0.9918811	0.00811897
0.0057376404	0.99426234
0.0021986866	0.99780124
0.0025626046	0.99743736
0.0126035195	0.9873964
0.0021912102	0.99780875
0.96576226	0.034237806
0.99680007	0.003199947
0.9886557	0.011344358
0.0020149422	0.997985
0.0026324098	0.99736756
0.015083999	0.984916
0.98899233	0.011007714
0.9956512	0.00434886
0.8918335	0.108166546
0.9953981	0.004601882
0.98799706	0.0120029505
0.95934635	0.040653598
0.004449482	0.9955505
0.96567774	0.03432229
0.9126908	0.08730919
0.051072106	0.9489279
0.053318184	0.9466818
0.99831057	0.0016894282
0.9982481	0.0017518803
0.97131956	0.028680425
0.0764568	0.9235433
0.0023702066	0.99762976
0.9981065	0.0018935052
0.07215765	0.9278424
0.9977617	0.0022382075
0.001768057	0.99823195
0.60622764	0.3937724
0.0077042235	0.99229586
0.99735594	0.0026440558
0.0069436375	0.99305636
0.8513058	0.1486942
0.0058144764	0.9941855
0.99627113	0.0037288442
0.9969524	0.0030475957
0.003569807	0.9964302
0.97984594	0.0201541
0.9971405	0.0028594406
0.8404801	0.15951993
0.0017905306	0.9982095
0.99790925	0.0020907412
0.0074231992	0.9925768
0.9952983	0.004701716
0.0022012617	0.99779874
0.0019259223	0.99807405
0.25533918	0.7446608
0.27260482	0.7273952
0.1409184	0.8590816
0.0019392533	0.99806076
0.0026788826	0.9973212
0.0019056828	0.99809426
0.066023245	0.9339767
0.0038236985	0.99617624
0.0025163502	0.9974837
0.9982613	0.0017386887
0.0386101	0.96138996
0.99014497	0.009855006
0.9935103	0.0064896652
0.99381894	0.0061810506
0.6616168	0.3383832
0.99391985	0.006080158
0.0044194334	0.9955806
0.0022745684	0.9977254
0.020802028	0.979198
0.99814844	0.0018515994
0.99795294	0.002047053
0.0019786013	0.99802136
0.0019125174	0.99808747
0.98617154	0.013828463
0.811995	0.18800493
0.9899805	0.010019443
0.99686146	0.0031385021
0.99771166	0.002288391
0.9712189	0.02878112
0.004561658	0.9954384
0.9983676	0.0016323754
0.9957712	0.0042287675
0.9951113	0.0048887404
0.026733724	0.97326624
0.001908493	0.9980915
0.008081051	0.991919
0.99839836	0.001601652
0.996929	0.0030710339
0.9891261	0.010873933
0.9982651	0.0017348932
0.9972372	0.002762828
0.99755967	0.0024403832
0.0021986407	0.99780136
0.9630474	0.03695262
0.96807915	0.03192088
0.011836806	0.9881632
0.9977443	0.0022557622
0.0018780429	0.9981219
0.987211	0.012789002
0.028936582	0.97106344
0.99571997	0.0042800573
0.83574075	0.1642593
0.9983935	0.0016065087
0.98570013	0.014299787
0.018174516	0.9818255
0.99627906	0.0037209555
0.9952602	0.0047398345
0.9981534	0.0018466357
0.80256414	0.19743592
0.0037335893	0.9962664
0.9948118	0.0051882854
0.056335848	0.94366413
0.008655913	0.9913441
0.0018878074	0.9981122
0.20897786	0.7910222
0.0074034696	0.9925965
0.0042372528	0.99576277
0.9979856	0.0020144342
0.9981962	0.001803805
0.99842715	0.0015728942
0.082893856	0.9171061
0.45341784	0.5465822
0.99354595	0.006454056
0.99414104	0.0058589247
0.9962406	0.0037594335
0.9039534	0.09604665
0.9976063	0.002393668
0.0061190655	0.993881
0.99823916	0.0017608687
0.9384303	0.06156965
0.0018585745	0.9981414
0.0032909608	0.996709
0.17658335	0.82341665
0.013874475	0.9861255
0.99571675	0.0042832186
0.002064455	0.99793553
0.03785969	0.9621403
0.99657285	0.003427147
0.0018069844	0.99819297
0.0041450546	0.9958549
0.09807239	0.90192765
0.9960008	0.0039991327
0.99648947	0.0035105592
0.029784966	0.970215
0.004725128	0.9952749
0.002101168	0.9978988
0.9981989	0.001801099
0.036334965	0.96366507
0.993277	0.0067229797
0.0042144815	0.99578553
0.9983827	0.0016173443
0.004107621	0.9958924
0.99670726	0.003292812
0.99425644	0.005743596
0.9984415	0.001558467
0.9984682	0.0015317773
0.9982926	0.0017073659
0.8276718	0.17232817
0.99264914	0.0073507996
0.038291056	0.9617089
0.99807644	0.0019234912
0.002179493	0.9978205
0.0051154667	0.99488455
0.0141424965	0.9858575
0.0025955697	0.9974044
0.08896413	0.9110359
0.9905364	0.00946363
0.9051841	0.09481589
0.009996832	0.9900032
0.99531794	0.0046820445
0.98292553	0.017074406
0.10073993	0.89926004
0.9971257	0.0028743108
0.0019493373	0.9980507
0.11347478	0.88652515
0.002792444	0.9972076
0.9279149	0.072085105
0.0040487195	0.9959513
0.89678526	0.10321471
0.0024980865	0.9975019
0.9973653	0.002634747
0.99436	0.005640015
0.018265177	0.9817348
0.998004	0.0019959926
0.8968439	0.103156105
0.9816891	0.018310875
0.0027974134	0.99720263
0.953682	0.046318013
0.0061374432	0.9938625
0.99531245	0.004687472
0.9910052	0.008994796
0.9466397	0.053360343
0.002494719	0.99750525
0.9967843	0.0032156573
0.60081077	0.3991892
0.0024237242	0.9975763
0.0019378047	0.9980622
0.4621053	0.53789467
0.9981223	0.0018777141
0.015639743	0.9843603
0.9922125	0.0077875555
0.9980276	0.0019723857
0.99536973	0.004630206
0.95212364	0.047876395
0.0033587962	0.99664116
0.009597742	0.9904022
0.0908368	0.90916324
0.99192226	0.008077794
0.36366728	0.6363327
0.020708047	0.979292
0.9966304	0.0033696329
0.008951846	0.99104816
0.98657787	0.013422129
0.009888648	0.9901114
0.98993534	0.010064684
0.005369198	0.9946308
0.99718946	0.0028104896
0.99696213	0.0030378352
0.99839324	0.0016067253
0.955261	0.044739075
0.028758258	0.9712417
0.0028746785	0.9971253
0.99830234	0.0016976212
0.99811196	0.0018880429
0.99680305	0.003196955
0.9982022	0.001797733
0.007879845	0.99212015
0.01882299	0.981177
0.99726796	0.0027321137
0.009555183	0.99044484
0.0023615968	0.99763846
0.003941135	0.99605894
0.005174624	0.99482536
0.96429914	0.035700794
0.9884448	0.011555175
0.01582016	0.98417985
0.0030964052	0.9969036
0.046243276	0.95375675
0.0029663313	0.9970337
0.9920845	0.00791554
0.99839216	0.001607857
0.9884558	0.011544277
0.0043159034	0.99568415
0.008928549	0.99107146
0.996029	0.003971008
0.99628097	0.0037190681
0.99346656	0.006533456
0.08017319	0.9198268
0.0024256087	0.9975744
0.9950812	0.0049188547
0.011665313	0.98833466
0.002466935	0.9975331
0.00301555	0.9969844
0.038714718	0.9612853
0.9893031	0.010696876
0.99379736	0.0062026414
0.09513812	0.90486187
0.003899734	0.9961003
0.003341147	0.9966588
0.0037658715	0.9962341
0.9977337	0.002266262
0.32985094	0.670149
0.09690364	0.9030963
0.9978532	0.0021468091
0.9716573	0.028342674
0.9672102	0.0327898
0.99810743	0.001892588
0.002147165	0.9978529
0.9958412	0.0041587804
0.9969651	0.0030348587
0.9984092	0.0015908593
0.99251634	0.0074836547
0.012212378	0.98778766
0.0021859985	0.99781394
0.0020575302	0.9979425
0.99803716	0.0019628615
0.9951049	0.0048950654
0.9982242	0.0017757573
0.0067444085	0.9932556
0.998459	0.0015410029
0.041610494	0.9583895
0.5189555	0.4810445
0.9800907	0.019909265
0.99565387	0.0043460946
0.058452006	0.941548
0.79153764	0.20846243
0.99501723	0.004982766
0.91336954	0.0866304
0.9981933	0.0018066284
0.86816275	0.13183719
0.9425243	0.057475634
0.9969098	0.0030902412
0.9976682	0.0023318103
0.99769586	0.0023041058
0.9970751	0.0029249135
0.0021090447	0.997891
0.0041422197	0.9958578
0.006320705	0.99367934
0.9948813	0.0051187826
0.863689	0.13631102
0.9786734	0.021326624
0.9961903	0.0038097242
0.9969524	0.0030475755
0.9844988	0.015501195
0.027178999	0.972821
0.9842764	0.015723541
0.006305748	0.99369425
0.0024823572	0.9975177
0.018864108	0.9811359
0.9875874	0.012412556
0.011021739	0.9889783
0.068137996	0.93186206
0.9979323	0.0020677033
0.051526487	0.9484735
0.0024145711	0.9975854
0.0048915762	0.9951084
0.9931584	0.006841655
0.881144	0.118856005
0.9961927	0.0038073454
0.9984074	0.0015925703
0.99589396	0.004106016
0.002060288	0.99793965
0.08636941	0.9136306
0.019863881	0.98013616
0.5742791	0.4257209
0.99839514	0.001604824
0.002047251	0.9979527
0.044832416	0.95516753
0.99706984	0.0029301862
0.9973797	0.0026203068
0.99681646	0.0031836168
0.9939067	0.0060933824
0.9974885	0.0025115113
0.108056314	0.8919437
0.018727168	0.9812728
0.9859971	0.014002942
0.9936148	0.0063852286
0.88811994	0.111880034
0.39559898	0.60440105
0.9789989	0.02100108
0.0023684255	0.99763155
0.0019959975	0.998004
0.9609906	0.039009374
0.9983658	0.0016341669
0.26357016	0.73642987
0.104424775	0.8955752
0.99803513	0.0019648185
0.99419	0.0058100517
0.9975885	0.0024115017
0.0021081707	0.99789184
0.9899502	0.010049786
0.99399453	0.0060054883
0.99621755	0.003782506
0.9941056	0.005894387
0.0034945118	0.9965055
0.9374641	0.06253585
0.998359	0.0016409478
0.88142824	0.11857177
0.00731138	0.9926886
0.99672925	0.0032706978
0.94769603	0.052303962
0.0026347584	0.9973653
0.0383625	0.9616375
0.5233252	0.47667477
0.0027166023	0.99728334
0.99795747	0.0020425646
0.05046501	0.949535
0.003729914	0.99627006
0.9911049	0.008895083
0.039011702	0.9609883
0.9962417	0.0037582691
0.99616444	0.0038355521
0.0027077983	0.9972922
0.9834176	0.01658243
0.99400467	0.005995383
0.9963477	0.003652242
0.9984249	0.0015751243
0.9914488	0.00855118
0.9859249	0.014075083
0.90070957	0.09929045
0.09086061	0.90913934
0.009801178	0.99019885
0.9976604	0.002339608
0.016103758	0.98389626
0.02751423	0.9724858
0.99834275	0.0016572484
0.99820364	0.0017963869
0.07245227	0.9275477
0.006085232	0.9939148
0.9979432	0.0020567381
0.0019686606	0.9980313
0.0020440952	0.9979559
0.0049930704	0.9950069
0.99642193	0.003578143
0.9565824	0.04341761
0.6932415	0.3067585
0.9982047	0.0017952515
0.97877514	0.021224802
0.9953793	0.0046207374
0.01128835	0.9887116
0.6492008	0.35079914
0.9977463	0.0022536907
0.0027384246	0.9972615
0.0021109218	0.9978891
0.9945785	0.0054215123
0.9908352	0.009164815
0.99421716	0.005782793
0.9713893	0.028610751
0.9858329	0.01416705
0.0816505	0.91834944
0.99650663	0.0034933197
0.9977106	0.002289444
0.112398386	0.8876017
0.018730806	0.9812692
0.0018940279	0.998106
0.9983747	0.0016252758
0.9978174	0.002182622
0.0041676927	0.9958324
0.15988591	0.84011406
0.99577713	0.0042228964
0.2194992	0.7805008
0.005171321	0.99482864
0.8972269	0.10277309
0.012497058	0.9875029
0.0028161511	0.99718386
0.9976562	0.0023437992
0.9947798	0.0052202446
0.9947478	0.0052522006
0.992823	0.007177018
0.009946918	0.9900531
0.9968265	0.0031735215
0.9965251	0.0034748372
0.0020207288	0.99797934
0.0023029197	0.99769706
0.8723975	0.12760244
0.9981351	0.0018648533
0.024953982	0.9750461
0.9560102	0.043989856
0.99719065	0.0028093273
0.99807525	0.0019247128
0.01695145	0.98304856
0.08522123	0.91477877
0.9969283	0.0030717053
0.7783352	0.22166483
0.025780851	0.9742192
0.538265	0.46173498
0.0114607625	0.9885393
0.0021233398	0.99787664
0.07739879	0.9226013
0.077737056	0.92226297
0.0027866275	0.9972134
0.0023109054	0.9976891
0.9979534	0.0020465418
0.0016831284	0.9983169
0.9984403	0.0015596665
0.22534399	0.77465606
0.99839836	0.0016016138
0.040772937	0.9592271
0.4600173	0.5399827
0.0018845093	0.99811554
0.0032913599	0.99670863
0.005292754	0.9947072
0.0065288832	0.99347115
0.0018222757	0.99817777
0.002023113	0.99797684
0.9972492	0.0027508342
0.21246065	0.78753936
0.0018409857	0.998159
0.9910618	0.008938179
0.1222453	0.87775475
0.0029894854	0.99701047
0.99828917	0.0017108709
0.9975432	0.002456754
0.002827701	0.9971723
0.023392476	0.9766075
0.9785402	0.021459782
0.9973769	0.0026231448
0.9972204	0.0027795723
0.010207494	0.98979247
0.99789536	0.0021045632
0.01889284	0.98110723
0.22971083	0.7702892
0.9979342	0.0020658202
0.99653256	0.0034673838
0.001897331	0.9981027
0.0022367213	0.9977633
0.007665693	0.9923343
0.014833139	0.98516685
0.003790305	0.99620974
0.9977609	0.0022391193
0.0034483362	0.99655163
0.022393381	0.97760665
0.99827194	0.0017280475
0.05631889	0.9436811
0.00194943	0.9980506
0.010651073	0.9893489
0.0059319804	0.994068
0.97596824	0.024031745
0.0019984753	0.9980015
0.9903211	0.00967892
0.0037933653	0.99620664
0.06701711	0.9329829
0.003937116	0.99606293
0.0554699	0.9445301
0.0042440994	0.99575585
0.99632627	0.0036736818
0.73906034	0.2609397
0.0034407729	0.9965592
0.9898198	0.010180175
0.99816126	0.001838737
0.020151872	0.9798481
0.9973091	0.0026909001
0.99694747	0.0030525168
0.0814335	0.91856647
0.1515852	0.8484148
0.99777406	0.0022258593
0.9868428	0.013157175
0.9699701	0.030029908
0.9441679	0.05583211
0.11587076	0.8841293
0.09073328	0.9092667
0.0024927515	0.9975073
0.99595463	0.0040453444
0.99750453	0.0024954241
0.0029179105	0.99708205
0.9941155	0.005884535
0.9877384	0.012261703
0.03195743	0.9680426
0.008323386	0.99167657
0.00930701	0.99069303
0.002987437	0.9970125
0.99611306	0.0038868906
0.9940474	0.005952615
0.9244553	0.07554474
0.9944141	0.0055858362
0.11608103	0.883919
0.9857486	0.014251388
0.0021432932	0.9978567
0.02934136	0.97065866
0.009011214	0.9909888
0.9897524	0.010247532
0.9714329	0.028567102
0.001859109	0.99814093
0.0042254515	0.99577457
0.99851364	0.001486318
0.99819905	0.0018009911
0.9678385	0.03216145
0.0028381664	0.99716187
0.007731341	0.9922686
0.99741924	0.002580779
0.012719924	0.9872801
0.9984779	0.0015221033
0.9918618	0.008138193
0.9964012	0.0035988346
0.9982054	0.0017946006
0.996792	0.0032079325
0.9977457	0.0022543084
0.9606744	0.03932564
0.008117388	0.9918826
0.9975453	0.0024546676
0.9878527	0.012147296
0.0021082808	0.9978917
0.022294011	0.977706
0.0033327215	0.9966673
0.041949548	0.95805043
0.0019891227	0.99801093
0.29432738	0.70567256
0.0044579096	0.9955421
0.9748905	0.025109496
0.13819213	0.8618079
0.051790014	0.94821
0.019941408	0.9800586
0.0025287047	0.99747133
0.9973667	0.0026332815
0.001979045	0.998021
0.057844967	0.942155
0.014444349	0.98555565
0.9956476	0.00435232
0.025942797	0.9740572
0.030578544	0.9694214
0.8631581	0.13684191
0.032782968	0.9672171
0.039803807	0.9601962
0.06289086	0.9371091
0.008445739	0.9915543
0.03281142	0.96718854
0.99249274	0.0075072334
0.9951976	0.0048023723
0.8538709	0.1461291
0.98477966	0.01522035
0.04199472	0.95800525
0.9973701	0.0026299024
0.99586296	0.004136961
0.99835557	0.0016444486
0.99302894	0.006971103
0.0020677014	0.9979323
0.99843675	0.0015632177
0.0034338506	0.99656624
0.9058617	0.094138354
0.8257788	0.17422123
0.98945284	0.010547115
0.0021681117	0.9978319
0.0024077902	0.9975922
0.009653736	0.99034625
0.010828194	0.9891718
0.006745124	0.9932549
0.9908366	0.009163399
0.97327256	0.026727486
0.99773043	0.0022696233
0.001987729	0.9980123
0.0018095338	0.99819046
0.036342047	0.963658
0.9983725	0.0016274869
0.0023566096	0.9976434
0.11417588	0.8858241
0.0027566573	0.9972434
0.8572161	0.1427839
0.99840564	0.001594341
0.9962112	0.0037888286
0.0045377035	0.99546224
0.974883	0.02511702
0.0028380677	0.997162
0.9978842	0.0021158082
0.0023327111	0.9976673
0.037455693	0.96254426
0.97385436	0.026145598
0.99167526	0.008324701
0.018486451	0.9815136
0.0020613766	0.9979386
0.002024525	0.9979755
0.004625617	0.9953744
0.9916746	0.008325371
0.010667934	0.9893321
0.8712399	0.12876007
0.9980848	0.0019152354
0.9973361	0.0026639083
0.99727803	0.0027219946
0.9886236	0.011376384
0.99730945	0.0026905253
0.98822427	0.01177578
0.6053317	0.39466834
0.996161	0.003838957
0.99827945	0.0017206143
0.0021908926	0.9978091
0.03313006	0.96686995
0.9939342	0.0060657696
0.0023785539	0.9976215
0.9956863	0.004313783
0.0034831243	0.9965168
0.060201544	0.9397984
0.0027467466	0.99725324
0.9969848	0.0030152001
0.9971372	0.002862805
0.03257917	0.9674209
0.9972248	0.0027752183
0.9635939	0.036406137
0.99833626	0.0016637357
0.99818605	0.0018139698
0.9888875	0.011112541
0.0063666496	0.9936333
0.05025834	0.9497416
0.0018670461	0.998133
0.0032881435	0.99671185
0.9976808	0.0023192172
0.07822739	0.9217726
0.002000045	0.99799997
0.06263592	0.9373641
0.007999974	0.992
0.9983454	0.0016546762
0.9934669	0.006533056
0.99420905	0.0057909903
0.0028139653	0.997186
0.024902022	0.97509795
0.010263326	0.9897367
0.027924014	0.97207594
0.9845724	0.01542758
0.10638795	0.893612
0.9920791	0.007920957
0.9868449	0.013155095
0.98710245	0.012897511
0.9913155	0.008684546
0.0049400306	0.9950599
0.97078294	0.029217048
0.02774169	0.9722583
0.0032240667	0.9967759
0.99571925	0.004280791
0.9972254	0.002774673
0.9962937	0.0037062597
0.96617025	0.033829726
0.49100152	0.50899845
0.011551488	0.98844856
0.0035041957	0.9964958
0.9943492	0.0056508235
0.99630886	0.003691159
0.42256877	0.57743126
0.40712482	0.59287524
0.99533516	0.0046648816
0.08219943	0.91780055
0.9876681	0.012331859
0.090905316	0.90909463
0.025745712	0.9742543
0.99829465	0.0017053596
0.962169	0.03783096
0.007264235	0.99273574
0.013174701	0.9868253
0.0054915897	0.99450845
0.99722314	0.0027769185
0.99805355	0.0019464968
0.9971539	0.0028461518
0.97323126	0.026768746
0.9862287	0.013771265
0.0018397875	0.9981602
0.9972932	0.002706856
0.9970726	0.0029273566
0.004974732	0.9950252
0.0059087435	0.9940912
0.0018837308	0.99811625
0.9972114	0.0027885654
0.99345267	0.006547377
0.03793708	0.96206295
0.002856708	0.9971433
0.011827584	0.98817235
0.046695124	0.9533049
0.0040954924	0.9959045
0.99829775	0.0017022613
0.03583956	0.9641604
0.001804054	0.99819595
0.025778158	0.9742218
0.036349438	0.9636506
0.9947442	0.005255784
0.99291456	0.007085383
0.0075925887	0.9924074
0.99674016	0.0032598875
0.06519662	0.9348034
0.0017962226	0.99820375
0.99655414	0.0034459091
0.998049	0.0019510069
0.9965777	0.0034222908
0.0024350535	0.9975649
0.96787673	0.032123208
0.99771106	0.0022889825
0.007219272	0.99278075
0.32030052	0.6796995
0.004639009	0.99536103
0.019224986	0.980775
0.13801876	0.8619812
0.99440634	0.0055936477
0.99313545	0.006864548
0.03160062	0.9683994
0.99650097	0.003498983
0.024399288	0.9756007
0.002112644	0.9978873
0.9851832	0.014816864
0.9943989	0.0056011435
0.0063875825	0.99361247
0.9682901	0.031709854
0.9983259	0.0016741444
0.0028333727	0.9971666
0.0019530627	0.9980469
0.99821645	0.0017834896
0.9965243	0.003475756
0.9279477	0.07205231
0.013793302	0.9862067
0.9796596	0.02034042
0.0049222307	0.9950777
0.994852	0.0051479414
0.045694508	0.9543055
0.947488	0.052511994
0.0039830585	0.9960169
0.010327436	0.98967254
0.9978103	0.002189666
0.0028966528	0.9971034
0.007897866	0.9921021
0.023429044	0.97657096
0.002339432	0.9976605
0.9810229	0.018977119
0.9965539	0.00344612
0.99112004	0.008880013
0.9968451	0.003154888
0.99448794	0.005512028
0.004182417	0.9958176
0.9903224	0.0096776085
0.051815305	0.94818467
0.8730108	0.12698923
0.9976368	0.0023632105
0.997869	0.0021310193
0.006203106	0.99379694
0.0024029252	0.99759704
0.98396885	0.016031178
0.95852566	0.041474387
0.08830142	0.9116986
0.996599	0.00340102
0.99236405	0.007636007
0.99812275	0.0018772564
0.878229	0.121771045
0.91097575	0.089024216
0.99819946	0.0018005043
0.9984432	0.00155686
0.004961723	0.99503833
0.018851113	0.9811489
0.0648591	0.93514085
0.99838614	0.0016138663
0.004944801	0.9950552
0.990657	0.009342998
0.9972071	0.002792889
0.9807959	0.019204149
0.96895254	0.03104749
0.013412584	0.98658735
0.0017781021	0.99822193
0.14707616	0.8529238
0.9467923	0.053207695
0.9211983	0.07880167
0.03514133	0.9648587
0.995565	0.0044349777
0.9951657	0.0048342613
0.0034249458	0.99657506
0.002778988	0.997221
0.9983209	0.0016791151
0.0019918422	0.9980082
0.0028697364	0.99713033
0.9979069	0.0020931384
0.003258794	0.99674124
0.0018910752	0.99810886
0.23112346	0.76887655
0.08595423	0.91404575
0.011262091	0.98873794
0.0021637236	0.9978363
0.015157099	0.9848429
0.009658023	0.990342
0.0021121227	0.9978879
0.9944049	0.005595085
0.99765587	0.0023440844
0.002174549	0.9978255
0.98469317	0.015306829
0.0063780327	0.993622
0.014456696	0.9855434
0.0019792242	0.99802077
0.9977586	0.002241361
0.9899226	0.010077387
0.9977107	0.0022893464
0.4590413	0.5409587
0.9974637	0.0025362351
0.010188626	0.9898114
0.99699175	0.0030082304
0.025547925	0.9744521
0.9972023	0.0027977603
0.08209157	0.91790843
0.0062506143	0.9937494
0.8870809	0.11291913
0.00196226	0.99803776
0.0018847907	0.9981152
0.792359	0.20764098
0.017076021	0.9829239
0.010895404	0.9891046
0.0033034554	0.9966966
0.9965932	0.0034067542
0.99395233	0.00604768
0.037292138	0.9627079
0.97238106	0.027618915
0.9951521	0.00484782
0.9902255	0.00977453
0.004812344	0.99518764
0.06877777	0.9312222
0.98918146	0.010818551
0.02160779	0.97839224
0.0027156284	0.9972844
0.99836034	0.0016396465
0.99566627	0.0043337606
0.9904902	0.009509839
0.21680075	0.78319925
0.996646	0.0033539631
0.004286453	0.9957136
0.99776816	0.0022318892
0.99625033	0.00374972
0.0050036	0.9949964
0.0022388818	0.99776113
0.8709954	0.12900464
0.99631256	0.003687441
0.95689625	0.04310378
0.9625823	0.03741778
0.987341	0.01265903
0.99774027	0.0022597397
0.09177325	0.9082267
0.99663204	0.0033679325
0.30325103	0.696749
0.9982951	0.001704932
0.99761826	0.0023817227
0.9939726	0.0060273972
0.0057962495	0.99420375
0.9981425	0.0018575063
0.0018698749	0.99813014
0.9859818	0.014018171
0.99153566	0.008464332
0.9810332	0.018966764
0.25609896	0.743901
0.9970836	0.002916439
0.9965305	0.003469566
0.030483024	0.969517
0.8644725	0.13552743
0.997783	0.0022169705
0.8035001	0.19649984
0.3079744	0.69202554
0.9983885	0.0016114356
0.0023517646	0.9976482
0.08498492	0.9150151
0.6315775	0.3684225
0.87980354	0.120196514
0.9966511	0.0033489414
0.009057164	0.9909429
0.99819666	0.0018034026
0.015106006	0.984894
0.001965045	0.998035
0.99733704	0.0026629597
0.8875036	0.112496406
0.0148488395	0.9851511
0.9456496	0.05435035
0.9863535	0.01364651
0.9939721	0.006027906
0.05019858	0.9498014
0.9967462	0.0032537635
0.997905	0.0020950066
0.9971084	0.0028915901
0.99544	0.004560021
0.9898365	0.010163467
0.9941233	0.005876788
0.9970995	0.0029005075
0.030522626	0.9694774
0.99450797	0.005491987
0.0040032924	0.9959967
0.027343128	0.97265685
0.061782274	0.9382177
0.0019399066	0.99806005
0.0021582823	0.9978417
0.8771638	0.1228362
0.99459225	0.0054077054
0.9983203	0.0016796835
0.054152694	0.9458473
0.9981134	0.0018866002
0.9971208	0.0028791965
0.9944993	0.005500662
0.0899839	0.9100161
0.99743253	0.0025674463
0.011070197	0.9889298
0.37666446	0.62333554
0.0024417858	0.99755824
0.0033737735	0.99662626
0.9978249	0.0021750715
0.9941105	0.005889409
0.39403066	0.6059693
0.993439	0.006560935
0.9954426	0.0045573465
0.9961218	0.0038781087
0.9307724	0.069227606
0.3281256	0.6718744
0.0028854224	0.99711454
0.9977513	0.002248715
0.9978523	0.0021477432
0.0053549763	0.994645
0.9609355	0.03906454
0.040797953	0.959202
0.991482	0.008517972
0.99774337	0.0022566132
0.048267905	0.95173216
0.0017903857	0.9982096
0.32821956	0.6717804
0.9979983	0.0020016446
0.0028570828	0.99714285
0.9662545	0.03374554
0.9912423	0.008757673
0.0036282402	0.99637175
0.009351529	0.99064845
0.028716944	0.971283
0.052651264	0.9473487
0.99550015	0.00449979
0.9844007	0.015599339
0.9983259	0.001674165
0.36348218	0.6365178
0.002323262	0.9976768
0.55064297	0.4493571
0.0027306876	0.99726933
0.9984805	0.0015194829
0.0024638707	0.9975362
0.008067671	0.99193233
0.0020100847	0.9979899
0.99137807	0.008621908
0.9746806	0.025319388
0.9978352	0.0021647513
0.9960414	0.003958572
0.017642926	0.982357
0.017838141	0.9821618
0.0021367383	0.99786323
0.028891856	0.97110814
0.04696326	0.95303667
0.0062177116	0.99378234
0.9983298	0.0016702168
0.0040923413	0.99590766
0.9983935	0.0016065027
0.98545456	0.014545418
0.047571693	0.95242834
0.9959203	0.0040796995
0.95549184	0.044508174
0.004121664	0.99587834
0.8459943	0.15400572
0.012779831	0.98722017
0.033060938	0.96693903
0.14054564	0.85945433
0.99008256	0.009917495
0.07614155	0.92385846
0.9948213	0.005178666
0.9977278	0.002272215
0.9964191	0.0035809218
0.026782395	0.97321755
0.0039247302	0.9960752
0.009066837	0.9909332
0.0023388525	0.9976611
0.015132405	0.98486763
0.99476516	0.005234773
0.015211005	0.984789
0.0025406661	0.99745935
0.99831736	0.0016827192
0.0022209615	0.9977791
0.0023343475	0.99766564
0.012294386	0.9877055
0.7452759	0.25472414
0.9847121	0.015287917
0.0073397644	0.9926602
0.99514365	0.0048563383
0.99778134	0.002218639
0.9882414	0.011758611
0.9975485	0.0024514261
0.0020622243	0.99793774
0.9977456	0.0022543909
0.99704427	0.0029556814
0.0018737376	0.9981262
0.9982323	0.0017677054
0.05860801	0.94139206
0.96513325	0.034866713
0.9849482	0.015051759
0.9975969	0.0024030425
0.89611846	0.10388157
0.0024871815	0.9975128
0.97249484	0.027505243
0.99755305	0.0024469318
0.006316316	0.9936837
0.9963707	0.003629285
0.9913386	0.008661381
0.99694496	0.0030550577
0.99187064	0.008129398
0.002110686	0.99788934
0.99140257	0.00859748
0.002312338	0.9976877
0.0019983859	0.99800164
0.007177446	0.9928226
0.0018937158	0.99810624
0.003918701	0.9960813
0.0020731715	0.99792683
0.05707194	0.9429281
0.99743134	0.0025686766
0.99509513	0.0049048658
0.0026098967	0.9973901
0.06891813	0.93108183
0.0022482877	0.99775165
0.0019783992	0.9980216
0.7429592	0.25704077
0.010555657	0.9894443
0.9984255	0.0015745087
0.002036681	0.9979633
0.008631242	0.99136883
0.97881544	0.02118455
0.007963471	0.9920365
0.028068086	0.9719319
0.018652484	0.98134756
0.026226625	0.9737734
0.99655306	0.0034469932
0.9903508	0.009649233
0.9971855	0.0028144107
0.98876405	0.011235954
0.0060045	0.9939955
0.9961289	0.0038710288
0.99793327	0.0020667315
0.99771774	0.0022822795
0.9978903	0.002109706
0.0022114634	0.99778855
0.99839383	0.0016060988
0.0023553183	0.9976447
0.002269279	0.9977308
0.0035977901	0.99640226
0.6892212	0.31077883
0.99075586	0.009244129
0.9964851	0.0035148854
0.0024542941	0.99754566
0.018537663	0.98146236
0.011517792	0.98848224
0.99171704	0.008282993
0.9535353	0.04646464
0.88358516	0.116414845
0.9973882	0.0026118238
0.015776623	0.9842234
0.97910094	0.020899033
0.002097666	0.9979024
0.009555372	0.9904446
0.9822227	0.017777361
0.0052652983	0.99473476
0.0066454266	0.99335456
0.00323477	0.99676526
0.0070478166	0.99295217
0.9335389	0.06646112
0.997981	0.0020190505
0.9677672	0.032232843
0.00206994	0.99793005
0.99407023	0.0059297085
0.99692994	0.0030700704
0.011190201	0.98880976
0.0018806029	0.9981194
0.9851018	0.01489813
0.0024136778	0.99758637
0.99754155	0.002458496
0.97999805	0.020001931
0.99162793	0.008372026
0.99703014	0.0029698915
0.078842826	0.9211572
0.004116291	0.99588364
0.9662573	0.033742692
0.9891137	0.0108863525
0.012436096	0.9875639
0.005207132	0.9947929
0.9934643	0.0065357345
0.0037905783	0.9962094
0.0026596081	0.9973404
0.00816718	0.99183285
0.9943093	0.005690654
0.99842596	0.0015741147
0.0018934906	0.9981065
0.99790776	0.0020922807
0.0019971537	0.9980028
0.9952414	0.0047586225
0.0032169719	0.996783
0.9962908	0.003709233
0.99347407	0.0065259268
0.99706274	0.0029372969
0.028125966	0.971874
0.9898605	0.0101395
0.0019499238	0.9980501
0.07523215	0.92476785
0.120058805	0.8799412
0.03534728	0.96465266
0.6658275	0.33417252
0.9750104	0.02498963
0.39203694	0.607963
0.006771233	0.9932288
0.99384826	0.006151791
0.9950054	0.004994605
0.9984555	0.0015444255
0.034469604	0.9655304
0.0019376718	0.9980623
0.017495798	0.9825042
0.9484424	0.051557567
0.090815835	0.9091842
0.99514234	0.0048577217
0.0036227352	0.9963773
0.9763648	0.023635207
0.01113676	0.9888632
0.99836737	0.0016326288
0.0049343053	0.99506575
0.0019476085	0.99805236
0.99805814	0.0019418853
0.0036442864	0.9963558
0.0024203598	0.99757963
0.0025552425	0.99744475
0.99812263	0.0018773709
0.0020144684	0.9979855
0.99680316	0.0031967785
0.9960395	0.0039604693
0.99317473	0.006825267
0.9961396	0.0038604212
0.005434304	0.9945657
0.9977977	0.0022022799
0.027388286	0.9726117
0.99759644	0.0024035147
0.9984723	0.0015277548
0.99839145	0.0016085353
0.9978757	0.002124304
0.9962507	0.0037493422
0.0025345446	0.9974655
0.951147	0.048853017
0.0077105253	0.9922895
0.009915149	0.9900849
0.99829787	0.001702191
0.0035625834	0.99643743
0.0020481532	0.9979519
0.04556313	0.9544369
0.00535226	0.9946477
0.012474764	0.9875252
0.9784848	0.021515224
0.0058681024	0.99413186
0.0076838066	0.9923161
0.002088313	0.99791163
0.0073517463	0.99264824
0.0025203044	0.99747974
0.9984676	0.0015322894
0.9919751	0.008024863
0.9980677	0.00193234
0.9202717	0.079728276
0.99109346	0.008906602
0.002078094	0.9979219
0.0035586464	0.9964413
0.995453	0.004547027
0.06858139	0.93141854
0.004156382	0.9958436
0.8459968	0.15400326
0.9959592	0.0040407577
0.10052013	0.8994799
0.9884235	0.011576445
0.0106757125	0.9893243
0.022382302	0.9776177
0.98748255	0.012517423
0.0054462957	0.9945537
0.009903001	0.99009705
0.9959859	0.0040141046
0.9950635	0.0049365326
0.11374693	0.8862531
0.007829457	0.9921705
0.0052097854	0.9947902
0.9966773	0.0033226802
0.01059005	0.9894099
0.0022237708	0.9977762
0.0041434136	0.9958566
0.0020628506	0.9979372
0.0018690455	0.998131
0.0028286695	0.99717134
0.007316732	0.99268323
0.0019769988	0.99802303
0.9670766	0.03292337
0.91518706	0.08481295
0.9979231	0.002076991
0.99706084	0.0029391448
0.99628913	0.003710819
0.001984585	0.9980154
0.0037365293	0.99626344
0.0045225993	0.9954774
0.9648994	0.03510052
0.9968285	0.0031714598
0.43709338	0.5629066
0.9982218	0.001778168
0.9862584	0.013741636
0.9973437	0.0026563306
0.0017971891	0.9982028
0.019559683	0.9804403
0.0057055177	0.99429446
0.0053822617	0.99461776
0.009472059	0.990528
0.002211785	0.9977882
0.0034056164	0.99659437
0.99771786	0.0022821622
0.9978728	0.0021271827
0.99732274	0.0026772982
0.9899912	0.010008792
0.99658257	0.003417399
0.99665594	0.0033440797
0.004822215	0.99517775
0.9958132	0.0041868263
0.015655711	0.9843443
0.07963291	0.9203671
0.95800346	0.041996464
0.99848783	0.0015121844
0.99745077	0.0025491973
0.1057622	0.8942378
0.9777461	0.022253929
0.004943811	0.99505615
0.0021911783	0.9978089
0.96227676	0.03772323
0.018321894	0.98167807
0.90136737	0.09863265
0.015497573	0.9845024
0.095211156	0.90478885
0.9934935	0.0065065473
0.0036688922	0.99633116
0.0035508266	0.9964491
0.26453084	0.73546916
0.086954996	0.913045
0.99093163	0.009068392
0.0019066854	0.9980933
0.0019818593	0.99801815
0.017739931	0.98226005
0.99843997	0.001560008
0.002776813	0.99722326
0.99827373	0.0017262519
0.04214866	0.9578513
0.011194372	0.98880565
0.06752913	0.9324709
0.052044872	0.9479552
0.004136455	0.99586356
0.002036929	0.9979631
0.9957073	0.0042927223
0.9854489	0.014551105
0.99380904	0.006190912
0.99636155	0.0036384456
0.99770063	0.002299353
0.9982931	0.0017068969
0.0020616513	0.99793833
0.0020007438	0.99799925
0.009219706	0.9907803
0.0091909105	0.9908091
0.10397781	0.8960222
0.004787298	0.9952127
0.01372722	0.98627275
0.0098479455	0.99015206
0.99784076	0.0021592234
0.99758863	0.0024114216
0.99582833	0.004171609
0.9937715	0.006228555
0.0061374325	0.9938626
0.9427989	0.05720111
0.9913901	0.008609848
0.01268448	0.98731554
0.9980459	0.0019541208
0.99609226	0.00390769
0.99776125	0.0022387102
0.9970618	0.002938167
0.93166995	0.068330035
0.09423366	0.9057663
0.99367744	0.006322564
0.9941935	0.0058064666
0.006013626	0.99398637
0.9905849	0.009415116
0.0026881476	0.99731183
0.5583648	0.4416352
0.10346952	0.8965305
0.9869791	0.013020925
0.008542214	0.99145776
0.0046815425	0.9953185
0.99782515	0.00217485
0.9554083	0.044591736
0.002132022	0.99786794
0.9955777	0.0044222875
0.028687434	0.9713126
0.019234413	0.98076564
0.19772437	0.8022756
0.4966932	0.5033068
0.016652238	0.9833477
0.037797697	0.96220237
0.9842898	0.015710196
0.17960332	0.8203966
0.9977641	0.0022358382
0.089162834	0.9108372
0.9971117	0.0028882883
0.0030127615	0.9969873
0.996759	0.0032410673
0.1804555	0.8195445
0.9929299	0.007070176
0.9982066	0.0017933539
0.99786144	0.0021386012
0.9927712	0.007228814
0.99555874	0.004441256
0.9835683	0.016431682
0.070629835	0.9293702
0.9967913	0.00320866
0.006592089	0.99340796
0.0021178026	0.9978822
0.012000315	0.9879996
0.025449451	0.9745506
0.9701817	0.029818377
0.0023281148	0.9976719
0.0035449872	0.9964551
0.0033245317	0.9966755
0.96038085	0.03961911
0.0024614867	0.99753857
0.0023370096	0.997663
0.9968658	0.0031342085
0.0020789437	0.99792105
0.9867028	0.013297191
0.99617225	0.0038277295
0.0023891246	0.9976109
0.039831087	0.9601689
0.9980725	0.0019274573
0.9968785	0.0031214992
0.972902	0.027098063
0.98335785	0.016642127
0.99024	0.009760077
0.038932607	0.96106744
0.9927146	0.0072853966
0.997928	0.0020719902
0.0067852195	0.99321485
0.017042393	0.98295754
0.006239999	0.99375993
0.99844944	0.0015505643
0.9979557	0.0020443539
0.98106956	0.018930439
0.002760414	0.9972396
0.81471604	0.18528393
0.002660499	0.99733955
0.010412283	0.98958766
0.9970831	0.0029168646
0.030558143	0.9694419
0.9946708	0.0053291684
0.9965148	0.0034851327
0.99171454	0.008285496
0.004002899	0.9959971
0.03461114	0.96538883
0.0038308764	0.99616915
0.04144137	0.9585586
0.98403716	0.015962766
0.99706167	0.0029383642
0.99782395	0.0021760967
0.99022293	0.009777133
0.99651873	0.003481323
0.97137994	0.028620012
0.9981945	0.001805542
0.9952924	0.004707543
0.00647582	0.9935242
0.0024192273	0.99758077
0.9973314	0.0026686825
0.99120516	0.0087948665
0.9965048	0.0034952643
0.99837106	0.0016289769
0.87278473	0.12721525
0.99710006	0.0028999336
0.04356238	0.9564376
0.0023768456	0.99762315
0.004219717	0.9957802
0.0019942448	0.9980058
0.9134705	0.08652953
0.97731847	0.022681504
0.99483705	0.0051629995
0.99789524	0.0021047106
0.06649312	0.9335069
0.0021124724	0.99788755
0.98894405	0.011055997
0.0041516144	0.9958484
0.013937243	0.9860627
0.9975036	0.0024963962
0.99176615	0.008233887
0.0037183457	0.9962817
0.123972505	0.87602746
0.99643457	0.0035654588
0.98060614	0.019393852
0.044751156	0.9552489
0.00317694	0.9968231
0.9973526	0.0026474444
0.015629916	0.9843701
0.8637404	0.13625959
0.99695134	0.0030486712
0.998278	0.0017220326
0.01418745	0.98581254
0.9954426	0.0045573115
0.94708294	0.052917093
0.01684954	0.9831504
0.0044503226	0.9955497
0.99653506	0.003464971
0.9976599	0.0023400532
0.99694484	0.0030551709
0.0136422245	0.9863578
0.99771714	0.0022829052
0.017111145	0.9828888
0.99349856	0.0065014265
0.0021791104	0.99782085
0.04504514	0.95495486
0.003075377	0.9969246
0.008281379	0.99171865
0.0020496442	0.9979504
0.9976726	0.0023273572
0.8693968	0.13060324
0.9954529	0.0045471303
0.026535133	0.9734649
0.9950023	0.0049977014
0.68789446	0.31210557
0.99588984	0.0041101617
0.7704878	0.22951223
0.010498379	0.98950166
0.008581729	0.99141824
0.975389	0.024610981
0.049245607	0.9507544
0.99198794	0.008012041
0.0024786543	0.99752134
0.9983368	0.0016631521
0.005024448	0.99497557
0.98640037	0.013599679
0.99822766	0.0017723223
0.9973284	0.0026715978
0.0034636639	0.9965364
0.07461507	0.92538494
0.016604394	0.9833956
0.9983266	0.0016733491
0.9388491	0.06115098
0.010271136	0.9897288
0.99596053	0.0040394235
0.0021188003	0.9978811
0.99821836	0.0017816296
0.068688355	0.93131167
0.02629671	0.9737033
0.0021192832	0.9978807
0.0023363228	0.99766374
0.01190657	0.98809344
0.0021294085	0.99787056
0.20124003	0.79875994
0.9946997	0.005300248
0.011072035	0.98892796
0.9317013	0.068298735
0.99736494	0.0026350832
0.4507507	0.54924923
0.076538295	0.92346174
0.96332675	0.0366732
0.08342195	0.916578
0.0018550581	0.998145
0.011374313	0.98862576
0.97983354	0.020166468
0.9981452	0.0018547693
0.0018506355	0.9981494
0.9981724	0.0018276299
0.9867928	0.013207251
0.011190408	0.98880965
0.99694544	0.003054558
0.99698514	0.0030149166
0.0018253434	0.99817467
0.99750453	0.0024954323
0.99409455	0.005905462
0.0022020526	0.99779797
0.9923402	0.007659794
0.99741155	0.0025884886
0.0038707657	0.99612916
0.99398017	0.0060198195
0.99748766	0.0025123213
0.21286395	0.787136
0.06429696	0.9357031
0.74317294	0.25682703
0.9968957	0.0031042811
0.007285428	0.9927146
0.99644583	0.003554238
0.023577422	0.97642255
0.047360815	0.95263916
0.029506171	0.97049385
0.97423315	0.025766866
0.99204296	0.007957112
0.009078742	0.99092126
0.011120026	0.98888004
0.0022678368	0.99773216
0.0022455098	0.9977545
0.9794973	0.020502677
0.0023495953	0.99765044
0.9955924	0.004407604
0.0026533974	0.9973465
0.98156196	0.01843807
0.0017553412	0.99824464
0.42910793	0.57089204
0.99413586	0.0058640926
0.9873236	0.0126764085
0.0023361023	0.99766386
0.014261849	0.98573816
0.017901184	0.9820988
0.004498401	0.9955016
0.006366867	0.99363315
0.9982658	0.0017342279
0.0018205107	0.99817955
0.9962302	0.0037697754
0.9958566	0.0041434295
0.0040951446	0.99590486
0.9965025	0.0034974688
0.03990851	0.9600915
0.9957345	0.004265501
0.075035095	0.92496485
0.9869933	0.013006653
0.08950363	0.91049635
0.002481679	0.9975183
0.21339129	0.78660876
0.0019245993	0.99807537
0.0063586426	0.9936413
0.032442734	0.96755725
0.97389233	0.026107686
0.008392271	0.9916078
0.99670714	0.0032928304
0.0019335062	0.9980665
0.0018265394	0.9981735
0.0017919529	0.99820805
0.33041152	0.6695885
0.006367524	0.9936325
0.0020137096	0.9979863
0.0057200408	0.99428
0.0035428873	0.99645704
0.99281764	0.0071824295
0.99608225	0.0039178166
0.99640346	0.0035965166
0.9880227	0.01197735
0.84897506	0.15102491
0.9945722	0.005427782
0.7877764	0.21222359
0.9470332	0.052966848
0.99736327	0.0026367905
0.045661747	0.9543382
0.46375823	0.53624177
0.015869388	0.98413056
0.013714441	0.9862855
0.9938148	0.0061852387
0.0028982325	0.9971017
0.98470783	0.015292189
0.06845407	0.9315459
0.9983506	0.0016494462
0.99801624	0.0019838032
0.9935195	0.0064805555
0.9860141	0.013985901
0.997422	0.0025779768
0.025314929	0.97468513
0.99577796	0.0042220466
0.9950541	0.004945791
0.07275584	0.9272441
0.98852766	0.011472404
0.9983157	0.0016842945
0.99642986	0.0035702037
0.0029667332	0.99703324
0.0036537831	0.9963462
0.009968077	0.99003196
0.9953501	0.004649797
0.0020007773	0.99799925
0.025894605	0.9741054
0.0022154916	0.99778455
0.99503434	0.004965646
0.004840253	0.9951598
0.99262905	0.0073709525
0.020444771	0.9795552
0.4260135	0.57398653
0.9985103	0.0014896619
0.014095969	0.98590404
0.0069773635	0.9930226
0.99839884	0.001601193
0.41484708	0.5851529
0.17367555	0.82632446
0.15546525	0.8445347
0.9945372	0.005462841
0.99733835	0.002661606
0.0020085347	0.99799144
0.023786211	0.9762138
0.0019346036	0.9980654
0.016511088	0.983489
0.9908929	0.009107142
0.99731904	0.002680969
0.85709965	0.14290042
0.99670166	0.0032983676
0.0024203667	0.99757963
0.9199415	0.08005845
0.018086215	0.98191375
0.12734707	0.87265295
0.9978473	0.0021526557
0.996231	0.003768921
0.017410422	0.9825896
0.002381434	0.9976185
0.0059121447	0.9940878
0.031521942	0.968478
0.0025842476	0.9974158
0.013953465	0.9860465
0.95562583	0.04437409
0.004426606	0.9955734
0.0038263223	0.9961737
0.03271405	0.967286
0.24335842	0.75664157
0.9777525	0.022247558
0.0018257918	0.9981742
0.97755	0.022449989
0.9970674	0.0029325804
0.012809246	0.9871907
0.99242	0.0075799525
0.043496665	0.95650333
0.0018626838	0.99813735
0.9977896	0.0022103798
0.9980252	0.0019748623
0.0025332237	0.9974668
0.9981111	0.001888829
0.9642861	0.03571394
0.0027185148	0.99728143
0.006279039	0.993721
0.75335246	0.24664758
0.9764847	0.023515254
0.013048671	0.98695135
0.0020364772	0.99796355
0.9979438	0.0020561481
0.06660224	0.93339777
0.0023143422	0.9976857
0.99721414	0.0027858536
0.0033845035	0.99661547
0.12025733	0.8797426
0.0018699719	0.99813
0.007064521	0.9929355
0.9982786	0.0017214417
0.0077868192	0.9922132
0.9970843	0.0029156306
0.004675756	0.9953243
0.010797882	0.9892021
0.05694336	0.9430567
0.11183169	0.88816833
0.0017593923	0.9982406
0.002330159	0.9976699
0.98154515	0.01845486
0.0063860207	0.993614
0.9973912	0.0026087896
0.010164877	0.9898351
0.0028459255	0.9971541
0.009914029	0.99008596
0.997027	0.002973036
0.99120075	0.008799248
0.01806122	0.98193884
0.0040945527	0.9959054
0.99796665	0.0020333922
0.024098143	0.9759018
0.9961021	0.0038979133
0.18782929	0.81217074
0.99717414	0.0028258194
0.99834716	0.001652844
0.013231136	0.98676884
0.9958384	0.0041616294
0.9978442	0.0021557277
0.003417617	0.99658245
0.0020629154	0.9979371
0.6453239	0.35467616
0.0069370675	0.9930629
0.77018625	0.22981374
0.9889553	0.0110446885
0.98623717	0.013762837
0.9908766	0.009123331
0.0021444203	0.9978556
0.9983662	0.0016338612
0.9970975	0.0029025436
0.004742485	0.99525756
0.0018326925	0.9981673
0.004964807	0.9950352
0.0018571138	0.99814284
0.9983986	0.0016014035
0.9907918	0.009208195
0.76655054	0.23344947
0.022627085	0.97737294
0.9886495	0.011350521
0.99380565	0.0061943578
0.0017784802	0.99822146
0.0026911842	0.99730885
0.5907988	0.40920123
0.99841046	0.0015894783
0.99674916	0.0032508702
0.0020203267	0.9979797
0.9977221	0.0022778714
0.035262324	0.96473765
0.0037750064	0.996225
0.032589052	0.9674109
0.99552566	0.004474275
0.99701786	0.002982198
0.00266794	0.9973321
0.0038233446	0.9961766
0.006568246	0.99343175
0.22260685	0.77739316
0.9973354	0.002664642
0.027705418	0.9722946
0.0463062	0.9536938
0.029545316	0.97045463
0.038833383	0.9611667
0.97018844	0.029811617
0.9694259	0.030574055
0.07154089	0.92845917
0.0019388193	0.9980611
0.033435587	0.9665645
0.004210561	0.99578947
0.0018406546	0.99815935
0.006885345	0.99311465
0.9979146	0.0020854126
0.9944522	0.0055478225
0.2458869	0.75411314
0.012563776	0.9874362
0.97087336	0.029126693
0.061803617	0.93819636
0.9958255	0.0041745324
0.99776363	0.002236365
0.0018403742	0.9981596
0.019114556	0.98088545
0.084179804	0.9158202
0.015056893	0.98494315
0.9879524	0.012047567
0.98920035	0.010799635
0.033544395	0.9664555
0.9969015	0.0030984872
0.9972018	0.0027982034
0.0024678926	0.9975321
0.9737212	0.026278783
0.9982249	0.0017751034
0.06584456	0.9341555
0.98523974	0.01476027
0.95320356	0.0467964
0.99783844	0.0021615957
0.018430598	0.9815694
0.002486765	0.9975132
0.9834336	0.016566355
0.0046720407	0.99532795
0.9982179	0.0017821506
0.9872387	0.012761314
0.99694103	0.00305892
0.06689294	0.933107
0.9778547	0.022145307
0.9980426	0.0019573392
0.99581087	0.004189097
0.008135637	0.99186444
0.014978768	0.9850212
0.93245775	0.06754225
0.99608237	0.003917653
0.9944161	0.005583896
0.99843556	0.0015644006
0.0020717592	0.99792826
0.9088191	0.09118092
0.99725384	0.0027461697
0.0063017574	0.99369824
0.47018313	0.52981687
0.99844825	0.0015516748
0.01057434	0.98942566
0.9934274	0.0065725753
0.0062062694	0.9937937
0.8511105	0.14888947
0.9697599	0.030240137
0.020424368	0.9795757
0.9983736	0.0016263671
0.005614491	0.9943855
0.9978999	0.0021000747
0.05355329	0.9464467
0.9983966	0.0016033753
0.996992	0.003007996
0.98871547	0.011284498
0.99307793	0.0069220522
0.97978824	0.020211695
0.0052176304	0.9947824
0.0075053857	0.9924946
0.029547682	0.9704523
0.041706283	0.95829374
0.0654432	0.9345568
0.99803597	0.0019640108
0.052662518	0.94733745
0.0039037792	0.9960962
0.9972349	0.0027651372
0.0022783787	0.9977216
0.9980116	0.0019883893
0.99832386	0.001676085
0.0034120153	0.996588
0.07252806	0.92747194
0.99756527	0.002434692
0.9968509	0.0031490477
0.0022013055	0.9977986
0.0034688786	0.9965312
0.995764	0.0042359782
0.99765366	0.002346356
0.02129067	0.97870934
0.972111	0.027889041
0.97068566	0.029314354
0.998288	0.001711951
0.017322712	0.9826773
0.9969843	0.0030157133
0.17294529	0.8270547
0.06575422	0.9342458
0.0023779923	0.99762195
0.10949749	0.8905026
0.0056077386	0.99439234
0.9965321	0.003467847
0.995174	0.004826033
0.9939091	0.0060908436
0.007888902	0.9921111
0.99704224	0.0029577704
0.15197445	0.84802556
0.004973857	0.9950262
0.9972773	0.0027226987
0.9944435	0.0055565108
0.43160725	0.56839275
0.39851424	0.6014858
0.99758184	0.0024181653
0.0019389559	0.998061
0.9972078	0.0027922199
0.9982742	0.0017257984
0.9954686	0.0045313817
0.9958431	0.0041568833
0.013117295	0.98688275
0.98019516	0.019804874
0.0019085912	0.9980914
0.97208875	0.0279112
0.9959793	0.0040207137
0.00500692	0.99499315
0.0061277277	0.9938723
0.99486816	0.005131825
0.9963947	0.0036052896
0.9946854	0.005314569
0.06296878	0.9370312
0.01202141	0.9879786
0.0019678862	0.99803215
0.99757296	0.0024270688
0.003026485	0.9969735
0.08091693	0.91908306
0.02823533	0.9717647
0.042744707	0.9572553
0.004118106	0.9958819
0.9891629	0.010837027
0.99851316	0.0014867865
0.0062457444	0.9937543
0.03035719	0.9696428
0.0024154834	0.99758446
0.0039098063	0.9960901
0.99085	0.009150092
0.9710118	0.028988186
0.9940295	0.005970556
0.9981975	0.0018025573
0.99581957	0.0041804053
0.024666857	0.9753331
0.0035186384	0.9964813
0.11221772	0.88778234
0.8607541	0.13924593
0.95315623	0.046843737
0.9980878	0.0019121515
0.024888609	0.97511137
0.0026143428	0.9973857
0.981878	0.018122047
0.013526014	0.98647404
0.99459994	0.0054001086
0.9974064	0.0025936007
0.0019308635	0.9980691
0.99775547	0.0022445375
0.99706143	0.0029385933
0.99180675	0.008193255
0.9959959	0.004004104
0.0023341877	0.9976659
0.99242485	0.007575104
0.0020393352	0.9979607
0.014090588	0.9859094
0.2033902	0.7966098
0.9957177	0.0042823073
0.27140194	0.72859806
0.9962287	0.0037712867
0.1838707	0.8161293
0.06970956	0.9302904
0.83009624	0.1699038
0.025384992	0.97461504
0.14352737	0.8564726
0.009713622	0.9902864
0.9864044	0.013595616
0.99422884	0.0057711722
0.975552	0.024447972
0.0022280016	0.9977719
0.9972573	0.0027426926
0.03345388	0.96654606
0.0041477303	0.99585223
0.003105022	0.99689496
0.004607892	0.9953921
0.99269015	0.0073098224
0.030515699	0.96948427
0.99575305	0.004246968
0.006219152	0.9937808
0.99840015	0.0015998413
0.0027611256	0.9972389
0.0018695135	0.9981305
0.02033551	0.97966444
0.001895643	0.99810433
0.04160148	0.95839846
0.0019129071	0.99808717
0.75809216	0.24190784
0.0019006705	0.9980994
0.0019473269	0.9980527
0.9971208	0.0028791556
0.015566978	0.98443305
0.997764	0.0022360557
0.102570854	0.89742917
0.99745363	0.00254642
0.9934437	0.006556312
0.89754593	0.10245405
0.99265516	0.0073448243
0.9972024	0.0027976313
0.00438232	0.99561775
0.99787974	0.002120287
0.99679106	0.0032088626
0.99694294	0.0030570654
0.003613583	0.9963864
0.97326714	0.026732843
0.94364536	0.056354646
0.28166893	0.71833104
0.003328373	0.99667156
0.8743098	0.1256902
0.9839319	0.016068092
0.028991297	0.97100866
0.99794847	0.0020516054
0.9915466	0.008453458
0.010931763	0.9890682
0.9977981	0.0022019448
0.99714667	0.00285328
0.51998484	0.48001516
0.99502665	0.0049733
0.99031633	0.009683743
0.9946266	0.0053734733
0.16140364	0.8385964
0.99763036	0.0023696588
0.011137269	0.98886275
0.021738356	0.9782616
0.99782145	0.0021785568
0.9930434	0.00695664
0.98810554	0.011894413
0.998338	0.0016619617
0.0065765628	0.99342346
0.9979443	0.0020557118
0.9977285	0.002271471
0.99798656	0.0020133867
0.91880876	0.08119125
0.0024716235	0.9975284
0.99476177	0.005238303
0.5743942	0.4256058
0.004529822	0.99547017
0.0018552744	0.99814475
0.97009766	0.02990236
0.031017736	0.9689822
0.002149027	0.997851
0.8917331	0.108266935
0.006844228	0.9931558
0.0018967828	0.99810314
0.9867051	0.013294908
0.99775827	0.0022417181
0.0035583891	0.99644154
0.012250163	0.9877499
0.99490005	0.0050999606
0.16929321	0.8307068
0.0022321332	0.9977679
0.0026379568	0.9973621
0.4550568	0.5449433
0.9839034	0.016096551
0.0022146746	0.99778533
0.0236676	0.9763324
0.08134474	0.9186553
0.0024842303	0.9975158
0.0018480222	0.99815196
0.085811675	0.91418827
0.034079023	0.9659209
0.0055394396	0.9944606
0.0046255677	0.9953745
0.99653924	0.0034608142
0.002236645	0.9977634
0.99594384	0.004056125
0.0033855236	0.9966145
0.9982456	0.0017543905
0.0037077072	0.9962923
0.992307	0.0076930188
0.9970868	0.0029132
0.0025890304	0.99741095
0.06746472	0.9325353
0.9967533	0.0032467537
0.99809223	0.0019077866
0.9970892	0.0029107938
0.9974089	0.002591043
0.0032793835	0.9967206
0.0034116504	0.99658835
0.024687527	0.9753125
0.034878157	0.9651218
0.0026319644	0.99736804
0.035628118	0.96437186
0.991134	0.008866074
0.9456104	0.054389603
0.019884212	0.9801158
0.98934525	0.010654732
0.98728985	0.012710112
0.7791813	0.22081874
0.020632332	0.9793676
0.9970788	0.0029212334
0.99216014	0.007839812
0.0021097779	0.9978902
0.07898358	0.9210164
0.0042033335	0.9957967
0.018559068	0.9814409
0.9982401	0.0017598857
0.0020222869	0.9979777
0.010342599	0.98965734
0.9974009	0.002599192
0.12300715	0.8769928
0.95013714	0.049862854
0.99653184	0.0034681004
0.9971424	0.002857614
0.9962237	0.0037762905
0.0064680823	0.99353194
0.9862752	0.013724844
0.99816126	0.001838702
0.021803066	0.9781969
0.92913127	0.07086868
0.004931149	0.9950689
0.99838626	0.0016137834
0.99647266	0.003527313
0.075535595	0.92446446
0.0027302124	0.9972698
0.0019511154	0.9980489
0.9938892	0.006110815
0.0018146579	0.99818534
0.99841845	0.0015815392
0.93257314	0.067426845
0.9815533	0.018446658
0.0018605802	0.9981394
0.0019584424	0.9980415
0.006311445	0.9936885
0.9910018	0.0089982655
0.9876815	0.012318533
0.9977992	0.0022007297
0.9976598	0.0023401647
0.10856748	0.8914325
0.011501696	0.9884983
0.9963386	0.0036614013
0.003304165	0.9966959
0.0018898211	0.9981102
0.008909439	0.99109054
0.9769081	0.023091985
0.95538074	0.04461929
0.9963336	0.0036663553
0.9983891	0.0016108963
0.0019293627	0.99807066
0.9858623	0.014137698
0.9983972	0.001602793
0.9884976	0.011502455
0.002576854	0.9974232
0.008919532	0.99108046
0.81496996	0.18503007
0.014519959	0.98548
0.010473434	0.9895266
0.07871451	0.92128545
0.0031130856	0.9968869
0.035884153	0.96411586
0.0024481544	0.99755186
0.9969023	0.0030976257
0.9799416	0.020058319
0.0185575	0.9814425
0.9771427	0.022857258
0.9954804	0.004519526
0.99642843	0.0035716102
0.0039906935	0.99600935
0.001951069	0.9980489
0.9933328	0.0066672224
0.0018296491	0.9981704
0.044293363	0.95570666
0.99702674	0.0029732932
0.99698395	0.0030160288
0.0688746	0.93112534
0.0019870063	0.998013
0.0024767758	0.99752325
0.001997494	0.99800247
0.9899479	0.0100520365
0.02037512	0.97962487
0.0028034959	0.99719644
0.8572742	0.14272584
0.003215957	0.9967841
0.07455733	0.9254427
0.013951274	0.9860487
0.9982134	0.0017866214
0.14795081	0.8520492
0.0080972025	0.99190277
0.9980186	0.0019814088
0.0030665013	0.99693346
0.002883493	0.99711657
0.9945205	0.005479529
0.9917549	0.008245077
0.25288755	0.74711245
0.9637966	0.036203362
0.60748625	0.39251375
0.02620352	0.9737965
0.9961045	0.0038955463
0.9977774	0.0022225373
0.020051721	0.9799483
0.034514386	0.9654856
0.013635034	0.98636496
0.9969524	0.0030476104
0.9975231	0.002476842
0.009808372	0.9901916
0.12203092	0.877969
0.99674654	0.003253436
0.9972133	0.0027866922
0.99702424	0.0029757028
0.9328308	0.06716923
0.9921755	0.0078244945
0.0025138275	0.9974861
0.9981111	0.0018888967
0.99573755	0.004262383
0.0019222888	0.99807775
0.9971219	0.0028781237
0.0025570684	0.99744296
0.911981	0.088019066
0.0030398068	0.99696016
0.0017872329	0.9982128
0.9524435	0.047556512
0.97998387	0.020016182
0.045811485	0.9541885
0.004726123	0.9952739
0.0027210708	0.997279
0.99476093	0.005239063
0.006403303	0.9935967
0.9839241	0.016075887
0.056360833	0.9436392
0.005425461	0.9945746
0.0065379078	0.9934621
0.070980884	0.92901915
0.9862156	0.013784367
0.9984201	0.0015799318
0.9967553	0.0032446955
0.9439638	0.05603614
0.9908867	0.009113323
0.0028138035	0.99718624
0.99373513	0.0062648626
0.017499175	0.98250085
0.9927971	0.0072029033
0.02549072	0.9745093
0.99739957	0.0026004654
0.9792108	0.020789174
0.0084737055	0.9915263
0.007002863	0.9929971
0.0027911654	0.9972088
0.010042844	0.98995715
0.005217323	0.9947826
0.0278779	0.97212213
0.9975852	0.0024148007
0.043658968	0.9563411
0.002193139	0.99780685
0.9590714	0.04092856
0.9700487	0.029951224
0.99127614	0.008723903
0.0108463	0.9891537
0.021005807	0.97899425
0.004000888	0.9959991
0.00450366	0.9954964
0.9936336	0.0063663144
0.99842715	0.0015728859
0.07886039	0.92113954
0.0018710723	0.99812895
0.9667839	0.033216134
0.0020575556	0.9979424
0.8569414	0.14305863
0.94916284	0.050837204
0.9982157	0.0017843932
0.99484825	0.0051517943
0.23648004	0.76352
0.002726809	0.99727315
0.99426854	0.0057314145
0.005737189	0.99426275
0.6064731	0.39352697
0.9980374	0.0019625644
0.94772995	0.052270032
0.009114971	0.9908851
0.99783856	0.0021615196
0.043993473	0.95600647
0.07904216	0.92095786
0.030905833	0.96909416
0.0019265678	0.99807346
0.99801445	0.0019854787
0.009111768	0.99088824
0.0073705544	0.9926294
0.9732363	0.02676363
0.99837613	0.0016238465
0.9982256	0.0017743802
0.0040832865	0.99591666
0.91979796	0.080202065
0.00867788	0.99132204
0.95365673	0.046343274
0.99749136	0.0025086005
0.002066458	0.9979335
0.2768898	0.72311026
0.007084115	0.99291587
0.99668944	0.003310572
0.9675368	0.032463145
0.90734553	0.0926545
0.0029126296	0.9970874
0.0022597741	0.99774027
0.0021561733	0.99784386
0.9957072	0.004292804
0.9938279	0.0061720945
0.99814093	0.0018590771
0.99237895	0.007621084
0.07934353	0.9206565
0.99847597	0.0015240671
0.9935719	0.0064280992
0.0018048957	0.9981951
0.0019379625	0.9980621
0.7636105	0.2363895
0.9975375	0.002462475
0.99460125	0.005398746
0.99819297	0.0018070602
0.25179082	0.7482091
0.002137963	0.99786204
0.014301926	0.98569804
0.009510207	0.99048984
0.9973585	0.002641522
0.3454006	0.6545994
0.9977417	0.0022583352
0.9982059	0.0017941429
0.9975502	0.0024497884
0.9975448	0.0024551747
0.9428452	0.05715475
0.2172916	0.78270835
0.9953225	0.0046775364
0.14384684	0.8561532
0.9263284	0.07367151
0.0029065704	0.99709344
0.9949575	0.0050425404
0.9978782	0.0021218685
0.014544153	0.9854558
0.9246642	0.07533582
0.0022952505	0.9977048
0.0019907583	0.99800926
0.9983847	0.0016152421
0.98182803	0.018171972
0.12050321	0.8794968
0.9974139	0.002586094
0.17899044	0.8210096
0.99060553	0.009394476
0.9976574	0.0023425794
0.9960938	0.0039062186
0.036564905	0.96343505
0.0019160924	0.99808395
0.9663314	0.033668585
0.0062943744	0.9937057
0.038225207	0.96177477
0.86348957	0.13651039
0.90034133	0.099658675
0.98389935	0.016100585
0.014557993	0.98544204
0.3498954	0.65010464
0.99781126	0.0021888088
0.99842083	0.0015791662
0.001935952	0.9980641
0.9960224	0.0039776713
0.9981237	0.0018763401
0.014231246	0.98576874
0.26997104	0.730029
0.0066473344	0.99335265
0.110009424	0.88999057
0.98552924	0.014470806
0.9981869	0.0018131289
0.9729512	0.027048819
0.0035158189	0.99648416
0.9975108	0.0024892408
0.99522287	0.00477714
0.0021977248	0.9978023
0.98792994	0.012070088
0.00205745	0.9979425
0.025705434	0.97429454
0.9935586	0.0064414153
0.042280197	0.95771974
0.9955136	0.004486361
0.967973	0.032027006
0.0017927267	0.99820733
0.9984542	0.0015458307
0.9415298	0.058470137
0.046920706	0.9530792
0.979361	0.02063904
0.9975878	0.0024122037
0.023081725	0.9769183
0.035642657	0.9643574
0.0079214815	0.9920785
0.0056712814	0.9943287
0.2407598	0.7592402
0.99436694	0.00563305
0.99615425	0.0038457538
0.99835265	0.0016473768
0.00269977	0.9973002
0.003816691	0.99618334
0.99134845	0.008651528
0.8588168	0.14118321
0.998439	0.001561032
0.8437016	0.15629841
0.9931727	0.006827284
0.9983016	0.001698403
0.99573684	0.0042631645
0.018905163	0.98109484
0.99657625	0.003423691
0.013423588	0.98657644
0.9957398	0.004260192
0.0037937455	0.9962063
0.0026446646	0.99735534
0.977216	0.02278403
0.99796885	0.0020311098
0.002476161	0.99752384
0.02724934	0.97275066
0.995673	0.0043269764
0.009344684	0.99065536
0.81492054	0.18507944
0.04224284	0.9577572
0.9962804	0.0037195873
0.005465909	0.99453413
0.9681281	0.03187195
0.9558665	0.04413351
0.0065636896	0.99343634
0.99726355	0.0027364267
0.003241075	0.9967589
0.00213306	0.9978669
0.9970241	0.0029759095
0.025454167	0.97454584
0.9859707	0.014029367
0.030227778	0.9697722
0.9851645	0.01483546
0.9974999	0.0025001478
0.9892041	0.010795958
0.001839087	0.9981609
0.0023107072	0.99768925
0.9527226	0.047277413
0.99681216	0.0031878718
0.9795583	0.020441689
0.007797511	0.9922025
0.9948155	0.0051843957
0.0018530542	0.998147
0.98503035	0.014969717
0.020752555	0.9792475
0.9966221	0.0033779638
0.0019307974	0.9980692
0.9960217	0.0039783777
0.0020126349	0.9979874
0.037571833	0.9624282
0.25291696	0.74708307
0.9925045	0.007495561
0.9330095	0.066990525
0.99522144	0.004778546
0.99731535	0.0026845806
0.9801032	0.019896861
0.98363346	0.0163666
0.07363009	0.92636985
0.9981205	0.001879513
0.037297	0.962703
0.0214922	0.97850776
0.009727346	0.9902727
0.14177825	0.85822177
0.034951337	0.9650486
0.1290784	0.8709216
0.99640095	0.0035990516
0.042524233	0.9574758
0.9914067	0.008593298
0.0024967773	0.9975032
0.9742454	0.02575459
0.9950824	0.0049175844
0.012860781	0.98713917
0.027406951	0.972593
0.01107004	0.9889299
0.015451709	0.9845483
0.0020405739	0.9979594
0.039249085	0.9607509
0.002387943	0.9976121
0.9966959	0.0033041714
0.1287559	0.8712441
0.99517363	0.004826354
0.997741	0.0022590302
0.013456249	0.9865437
0.9683206	0.0316794
0.0022327874	0.9977672
0.0021576344	0.9978423
0.0051276246	0.9948724
0.99548054	0.0045194016
0.9330731	0.06692695
0.58841354	0.41158643
0.042782538	0.9572175
0.99789256	0.0021074857
0.052250285	0.94774973
0.9879923	0.012007639
0.0027738987	0.99722606
0.10080919	0.89919084
0.06151741	0.9384826
0.0022621688	0.9977379
0.98928165	0.010718307
0.9982778	0.0017222385
0.03086845	0.9691316
0.0019862386	0.99801373
0.99642843	0.0035715438
0.9969445	0.00305556
0.008163572	0.99183637
0.9932482	0.006751749
0.014004943	0.985995
0.995544	0.0044560246
0.0019724558	0.9980275
0.9641245	0.035875548
0.9861426	0.013857397
0.94549114	0.054508902
0.035627745	0.9643722
0.0020178691	0.99798214
0.9968923	0.0031077955
0.051578782	0.9484212
0.65532595	0.34467405
0.0057569756	0.99424297
0.007164742	0.9928352
0.3236587	0.6763413
0.00809525	0.99190474
0.0057160584	0.994284
0.97851115	0.021488847
0.016019614	0.9839804
0.99084514	0.0091549
0.9931091	0.0068908976
0.00761229	0.9923878
0.0038527476	0.9961473
0.0019664108	0.9980336
0.9911843	0.008815675
0.08715925	0.9128408
0.9949862	0.0050138417
0.99145764	0.008542368
0.0022147696	0.9977852
0.99801934	0.0019806316
0.002600735	0.99739933
0.0021859568	0.99781406
0.97827554	0.02172445
0.009094575	0.9909054
0.003788116	0.9962119
0.9867982	0.013201783
0.8074029	0.19259702
0.99642086	0.0035791493
0.9709411	0.029058931
0.9984016	0.0015984398
0.83460724	0.16539279
0.07003789	0.9299621
0.996356	0.003644023
0.43792093	0.562079
0.377473	0.62252694
0.0028557384	0.9971443
0.24647613	0.7535239
0.00212914	0.9978708
0.008369749	0.99163026
0.002571263	0.9974287
0.98623824	0.013761793
0.99458706	0.00541296
0.010474333	0.9895257
0.013519564	0.9864804
0.92796123	0.07203882
0.025759542	0.9742405
0.011195374	0.98880464
0.9890042	0.010995858
0.9917603	0.008239682
0.04741061	0.9525894
0.97245514	0.02754486
0.9985185	0.0014815206
0.99803513	0.0019648655
0.9953153	0.0046846448
0.037546605	0.96245337
0.9978866	0.0021134529
0.9978516	0.0021483907
0.0057652574	0.99423474
0.9983735	0.0016264258
0.99728227	0.0027177613
0.9949065	0.005093537
0.9614295	0.038570464
0.99826247	0.0017375478
0.0057297517	0.9942702
0.0020081308	0.9979919
0.9943539	0.0056461636
0.9526336	0.0473664
0.9979887	0.0020112577
0.0025100808	0.9974899
0.0097656725	0.9902344
0.016112216	0.98388785
0.9976708	0.0023291982
0.9983291	0.0016708958
0.9938029	0.00619713
0.99770963	0.0022904107
0.050333753	0.94966626
0.0018140111	0.99818593
0.9962853	0.0037146006
0.99731135	0.0026886247
0.9970534	0.002946553
0.99774593	0.002254006
0.99822444	0.0017755259
0.0018578124	0.99814224
0.99169147	0.00830857
0.9953955	0.0046044462
0.0043914416	0.9956085
0.99831235	0.0016876125
0.001834487	0.99816555
0.9973556	0.0026444232
0.9756141	0.024385927
0.0043476503	0.9956524
0.0058375606	0.9941624
0.069923446	0.9300766
0.0031907037	0.9968093
0.985932	0.014068018
0.9966376	0.0033624233
0.040659178	0.9593409
0.002799686	0.99720037
0.027699862	0.9723002
0.009044146	0.9909559
0.9926509	0.007349096
0.039256632	0.9607434
0.9933495	0.006650557
0.6684797	0.33152032
0.99708873	0.0029112394
0.9885781	0.01142188
0.99563617	0.004363884
0.9980926	0.001907347
0.061555877	0.9384441
0.0043517393	0.9956482
0.9845429	0.015457087
0.9957355	0.0042644683
0.9966684	0.003331589
0.0033172118	0.9966828
0.996516	0.0034840335
0.9972568	0.0027432016
0.998197	0.0018029981
0.026005143	0.9739949
0.0054401155	0.9945598
0.9980019	0.0019980976
0.025006553	0.97499347
0.9957217	0.0042783166
0.99452066	0.005479288
0.99626476	0.0037352336
0.003555106	0.9964449
0.9981664	0.0018335981
0.9983341	0.0016659636
0.996797	0.0032029813
0.9969896	0.0030103764
0.7802635	0.2197365
0.0647858	0.9352142
0.99532545	0.0046745846
0.95526487	0.044735126
0.01706455	0.9829354
0.0047216397	0.99527836
0.9981238	0.001876138
0.0026648256	0.99733514
0.031036008	0.968964
0.99832577	0.0016741735
0.046656657	0.95334333
0.9978352	0.0021648481
0.9751496	0.024850398
0.99314207	0.0068579386
0.05269952	0.94730043
0.012741211	0.98725885
0.0022909322	0.99770904
0.99833184	0.0016681373
0.015174476	0.98482555
0.9980453	0.0019546284
0.11323939	0.8867606
0.99198675	0.008013194
0.98737526	0.012624736
0.0019434025	0.9980566
0.04516251	0.95483744
0.041156087	0.9588439
0.99564016	0.004359875
0.9927061	0.0072938823
0.0026550838	0.9973449
0.9970005	0.002999425
0.9948277	0.0051723523
0.90806144	0.09193859
0.080366634	0.9196334
0.04173786	0.9582622
0.20706299	0.792937
0.005134566	0.9948655
0.056567952	0.94343203
0.048045374	0.9519546
0.9968797	0.0031203304
0.9961475	0.00385253
0.0098031685	0.9901968
0.99774796	0.0022520488
0.9960891	0.0039108796
0.00443973	0.9955603
0.47731373	0.5226863
0.051334523	0.9486655
0.0033468537	0.99665314
0.99755895	0.0024409995
0.99160236	0.008397577
0.17704968	0.82295036
0.9935994	0.006400578
0.046395756	0.9536043
0.95598066	0.044019345
0.003988249	0.99601173
0.97976935	0.020230584
0.99647707	0.0035229311
0.9940953	0.005904653
0.0017915998	0.9982084
0.0050593764	0.99494064
0.2080054	0.7919946
0.013268642	0.98673135
0.57892126	0.42107874
0.050780907	0.9492191
0.99516016	0.00483983
0.003047419	0.99695253
0.99704546	0.002954538
0.06993554	0.9300644
0.005901443	0.99409854
0.9911187	0.0088812215
0.019874196	0.98012584
0.006620659	0.99337935
0.9879268	0.012073146
0.9882123	0.011787754
0.8529941	0.14700599
0.0037547643	0.9962452
0.005419232	0.9945807
0.012492952	0.9875071
0.99616843	0.0038315204
0.9924189	0.0075811255
0.12714893	0.87285113
0.0019284849	0.9980715
0.9575981	0.04240187
0.9959971	0.0040029595
0.92276305	0.077237025
0.10794602	0.89205396
0.96943676	0.030563189
0.015577905	0.9844221
0.0025199864	0.99748
0.06379153	0.9362085
0.9864303	0.013569716
0.9540723	0.045927692
0.07588676	0.9241132
0.99270916	0.007290824
0.002074559	0.9979254
0.8899394	0.11006058
0.99819654	0.001803448
0.011154339	0.98884565
0.9945861	0.0054138196
0.003042032	0.996958
0.023890352	0.9761096
0.9969817	0.0030183166
0.9965294	0.0034705964
0.99832314	0.0016768073
0.9800469	0.019953012
0.982778	0.01722196
0.010430035	0.9895699
0.9978212	0.0021787945
0.020826874	0.9791732
0.02281409	0.97718585
0.031127723	0.9688723
0.9924117	0.007588275
0.003956288	0.9960437
0.005660075	0.99434
0.008501881	0.9914982
0.0017769842	0.998223
0.20558502	0.79441506
0.99848986	0.0015101706
0.9981091	0.0018908528
0.99724424	0.002755808
0.994416	0.005584018
0.7890202	0.21097982
0.9913565	0.008643484
0.9981806	0.0018193949
0.49190602	0.50809395
0.9962136	0.0037863313
0.0028768266	0.9971232
0.1990562	0.8009438
0.0021106096	0.99788934
0.06953217	0.9304678
0.0028397779	0.9971602
0.0032384282	0.9967616
0.9953713	0.0046287114
0.9974987	0.0025013206
0.99298507	0.007014957
0.9984168	0.0015831913
0.93807447	0.061925493
0.0032300504	0.99677
0.99429375	0.0057062535
0.99710864	0.0028913703
0.99711156	0.002888467
0.995761	0.0042389794
0.9965347	0.0034652785
0.99643147	0.0035685196
0.99845946	0.0015405922
0.9981504	0.0018495118
0.9968178	0.0031821309
0.99781716	0.0021828846
0.99652964	0.0034703624
0.5621464	0.43785357
0.0018649474	0.998135
0.99716455	0.002835389
0.03893639	0.96106356
0.0223839	0.97761613
0.95432764	0.0456723
0.9979944	0.0020055405
0.0053126835	0.9946873
0.0025555752	0.9974444
0.0040272875	0.9959727
0.9929369	0.0070631225
0.0030310666	0.9969689
0.011030407	0.98896956
0.0039584893	0.99604154
0.9984351	0.0015649296
0.99290437	0.0070956484
0.846728	0.153272
0.9906356	0.0093643665
0.99711215	0.0028878448
0.99396074	0.0060392586
0.0022434827	0.99775654
0.0035572045	0.99644274
0.0027785432	0.99722147
0.0018699629	0.99813
0.10408035	0.8959197
0.9984328	0.0015671619
0.14149335	0.8585067
0.99728036	0.0027195958
0.08586288	0.91413707
0.0026140632	0.9973859
0.9917139	0.008286155
0.109395675	0.89060426
0.6891801	0.31081995
0.9704293	0.029570745
0.96127933	0.03872062
0.0020154833	0.9979845
0.99762744	0.002372598
0.030361611	0.96963835
0.9967278	0.0032721255
0.015691934	0.98430806
0.013491141	0.9865088
0.03075081	0.9692491
0.99520314	0.004796913
0.9971439	0.0028560448
0.9985201	0.001479942
0.010326987	0.989673
0.002990549	0.9970094
0.025945533	0.9740545
0.02105907	0.9789409
0.99780947	0.002190584
0.9868046	0.013195419
0.001879673	0.99812025
0.9982286	0.0017714268
0.98231757	0.017682433
0.003959399	0.9960406
0.98740596	0.012594005
0.9860677	0.0139322905
0.0022222658	0.99777776
0.004415225	0.9955848
0.98084027	0.019159777
0.958034	0.041966036
0.9930091	0.0069909766
0.10677966	0.8932203
0.99840456	0.0015954692
0.9948803	0.0051197154
0.0018710482	0.99812895
0.0020503316	0.99794966
0.0087577235	0.9912423
0.9540001	0.04599993
0.9982691	0.0017308629
0.9975521	0.002447968
0.0034597702	0.9965403
0.46386266	0.5361373
0.9981805	0.0018194726
0.997696	0.0023040532
0.64235055	0.35764945
0.01981632	0.98018366
0.0017694782	0.9982305
0.0068455795	0.9931544
0.036585666	0.9634144
0.06253491	0.9374651
0.002692754	0.9973073
0.08702351	0.9129765
0.99754506	0.0024549481
0.009065496	0.99093443
0.99713314	0.0028668644
0.027007133	0.97299284
0.9333088	0.06669121
0.99580884	0.00419121
0.9983027	0.0016972794
0.0052970937	0.9947029
0.011754627	0.98824537
0.005240507	0.9947595
0.0026956915	0.9973043
0.0042538717	0.9957461
0.010707093	0.98929286
0.034134004	0.96586597
0.9981913	0.0018087211
0.0033901474	0.99660987
0.9982401	0.0017598823
0.067982	0.93201804
0.9948896	0.0051103095
0.9954927	0.004507328
0.9977309	0.0022690832
0.99614596	0.0038540142
0.054631416	0.9453686
0.0021018912	0.9978981
0.0056111165	0.9943889
0.0023448896	0.99765503
0.0024626942	0.99753726
0.0040730867	0.9959269
0.99635905	0.0036409253
0.9933595	0.0066405335
0.0018159923	0.998184
0.012264232	0.9877358
0.9976215	0.002378461
0.008203072	0.99179685
0.9716157	0.028384363
0.8722151	0.1277849
0.9950594	0.0049406076
0.0019268795	0.9980731
0.99692386	0.00307607
0.002922146	0.9970778
0.061617553	0.93838245
0.9901226	0.00987743
0.9922316	0.0077684275
0.108051464	0.8919485
0.99668425	0.0033157174
0.6614312	0.33856878
0.86963457	0.13036546
0.99487793	0.005121989
0.9797947	0.020205308
0.002210262	0.99778974
0.99706155	0.0029384478
0.0017868255	0.9982132
0.0051604286	0.9948396
0.0024691725	0.9975309
0.019302273	0.98069775
0.7444186	0.25558135
0.0018819547	0.99811804
0.05548984	0.9445101
0.24433526	0.7556647
0.0022179182	0.99778205
0.993543	0.0064570047
0.9958281	0.00417185
0.08142498	0.918575
0.9982254	0.0017746371
0.12952663	0.8704733
0.008599093	0.9914009
0.017723637	0.9822764
0.99551266	0.004487281
0.009537213	0.99046284
0.070911705	0.9290883
0.020389568	0.97961044
0.0020339245	0.99796605
0.9982638	0.001736293
0.060239952	0.93976
0.002288209	0.9977118
0.9975399	0.002460157
0.9981798	0.0018201891
0.011724217	0.98827577
0.0021609457	0.99783903
0.0049150987	0.99508494
0.028537659	0.9714623
0.99695206	0.0030479203
0.9975624	0.0024375685
0.98407876	0.015921311
0.00179962	0.9982003
0.0049857413	0.99501425
0.004894445	0.9951055
0.9919957	0.0080043385
0.004822302	0.99517775
0.6832115	0.3167885
0.08061052	0.9193895
0.0036207289	0.9963793
0.9951074	0.004892644
0.99775785	0.002242213
0.99517375	0.0048262165
0.0027421738	0.9972579
0.99778265	0.0022173356
0.0073317024	0.99266833
0.0022386475	0.99776137
0.9871704	0.012829606
0.99483454	0.005165444
0.9969579	0.0030420995
0.0033192115	0.9966808
0.99695456	0.0030454567
0.8452809	0.15471916
0.042836156	0.9571639
0.9935707	0.0064293426
0.9909553	0.009044727
0.0021884795	0.9978115
0.9314756	0.068524495
0.9984309	0.0015690597
0.9974154	0.0025845717
0.9961616	0.0038384502
0.019339725	0.98066026
0.0029090312	0.99709094
0.9982851	0.0017148546
0.9912583	0.008741631
0.05427351	0.94572645
0.9135863	0.08641366
0.99499595	0.0050040837
0.9942246	0.0057754396
0.99785465	0.0021452734
0.0031136067	0.99688643
0.9032463	0.09675373
0.0017916644	0.9982083
0.002252321	0.9977477
0.9951079	0.004892086
0.9932081	0.006791907
0.9934384	0.0065616006
0.09816601	0.90183395
0.99462223	0.005377769
0.9914352	0.008564779
0.64997476	0.35002524
0.06043129	0.93956864
0.013103322	0.9868967
0.9976082	0.002391765
0.99494135	0.0050587095
0.9971902	0.002809874
0.0018842699	0.9981158
0.002166797	0.9978332
0.04780939	0.95219064
0.0052779755	0.994722
0.99793637	0.0020636811
0.99705493	0.0029450995
0.0065108766	0.99348915
0.97712064	0.022879409
0.9764663	0.023533659
0.014230511	0.98576957
0.044441257	0.9555588
0.007711324	0.99228865
0.0018514512	0.99814856
0.012082887	0.9879171
0.08493222	0.91506773
0.044650186	0.95534986
0.8189291	0.18107094
0.01081041	0.9891896
0.0114488965	0.9885511
0.9804524	0.019547554
0.002762377	0.99723756
0.0027529858	0.99724704
0.0018396036	0.9981604
0.0029808427	0.9970192
0.9975394	0.0024606204
0.015546757	0.98445326
0.0022147843	0.9977852
0.00463335	0.9953667
0.99650085	0.0034991042
0.0029708997	0.9970291
0.97901285	0.020987174
0.0062659197	0.99373406
0.0020773506	0.9979227
0.0022722292	0.9977278
0.008224025	0.991776
0.0018713287	0.9981287
0.1085691	0.8914309
0.34125718	0.65874285
0.012757434	0.9872426
0.9953661	0.0046339124
0.9935906	0.0064093843
0.11263144	0.88736856
0.16093484	0.8390652
0.0029985085	0.99700147
0.009498024	0.990502
0.07931345	0.92068654
0.99740136	0.0025986775
0.021744337	0.9782557
0.9935581	0.006441913
0.005416082	0.9945839
0.06021834	0.9397817
0.07043361	0.9295664
0.0110889645	0.98891103
0.0025892202	0.99741083
0.9956944	0.004305532
0.0033348445	0.9966652
0.007068382	0.9929316
0.99835384	0.0016461726
0.02057971	0.97942024
0.72648543	0.27351457
0.96973026	0.030269748
0.0017288949	0.9982711
0.9918247	0.008175339
0.9148745	0.085125506
0.004973569	0.9950264
0.04829534	0.9517046
0.08655431	0.91344565
0.9950283	0.0049717124
0.9782591	0.021740893
0.9982029	0.0017970375
0.991286	0.008714049
0.99735224	0.002647816
0.020471815	0.9795282
0.0018905406	0.99810946
0.0044540153	0.995546
0.14655606	0.8534439
0.9955713	0.004428704
0.011094331	0.98890567
0.5886525	0.41134748
0.9924015	0.007598534
0.0023690949	0.99763083
0.99651897	0.0034810517
0.013412887	0.9865871
0.003862138	0.9961378
0.98627675	0.01372328
0.01936202	0.980638
0.0046895705	0.9953105
0.998184	0.001815903
0.054409813	0.94559026
0.98787713	0.012122841
0.024212938	0.97578704
0.9873626	0.012637414
0.9953288	0.0046712356
0.97607076	0.023929168
0.97853035	0.021469595
0.004088522	0.9959115
0.9951207	0.0048792753
0.0020096083	0.99799037
0.997598	0.0024019694
0.99827933	0.0017207026
0.94758904	0.052410986
0.99756926	0.0024307498
0.9983204	0.0016796092
0.9865088	0.013491167
0.0039184103	0.99608165
0.015369973	0.98463005
0.0025350146	0.997465
0.1250159	0.8749841
0.019455519	0.98054445
0.9862622	0.013737772
0.005906319	0.9940937
0.002814084	0.9971859
0.9979944	0.0020056027
0.04154566	0.9584543
0.0028440887	0.9971559
0.0030371898	0.99696285
0.034406316	0.9655937
0.990585	0.009414982
0.99659294	0.0034070294
0.0022314878	0.9977685
0.0034113794	0.9965886
0.9944458	0.005554177
0.0082876505	0.99171233
0.002105428	0.9978946
0.99613225	0.0038677333
0.9968797	0.0031203006
0.9762477	0.023752239
0.0026687458	0.99733126
0.9897195	0.010280496
0.18970656	0.81029344
0.99075365	0.009246326
0.011938129	0.9880619
0.9983089	0.0016910477
0.9977222	0.0022777717
0.009004718	0.99099535
0.99568105	0.004318947
0.99766695	0.002333095
0.99159557	0.00840445
0.003624381	0.9963756
0.9956722	0.0043278188
0.47670922	0.52329075
0.0027612727	0.99723876
0.010298187	0.98970187
0.013856206	0.9861438
0.97688216	0.023117881
0.9347548	0.065245256
0.9936207	0.0063792593
0.0018617017	0.9981383
0.98065567	0.019344289
0.0039458605	0.9960542
0.067669876	0.9323302
0.9739163	0.02608364
0.31602976	0.6839703
0.99768484	0.0023151415
0.9882343	0.0117657
0.0067358846	0.9932641
0.9666885	0.033311415
0.9829214	0.017078552
0.9968099	0.0031900243
0.0093610585	0.990639
0.99713874	0.0028612823
0.99752647	0.0024735243
0.99640745	0.0035925836
0.064913556	0.9350864
0.100355834	0.8996442
0.9975279	0.0024720891
0.0036717204	0.9963283
0.9851088	0.01489126
0.0042994493	0.99570054
0.14484943	0.8551506
0.9932515	0.006748492
0.013801976	0.986198
0.0019837958	0.99801624
0.016290262	0.9837097
0.0019025346	0.9980975
0.99574846	0.0042515416
0.99523735	0.0047626183
0.9909224	0.009077566
0.9968208	0.0031791527
0.9786379	0.021362096
0.032861013	0.967139
0.9983083	0.0016917469
0.010646804	0.9893532
0.9914095	0.008590582
0.9974763	0.002523735
0.9965173	0.0034826694
0.00550779	0.9944922
0.92511064	0.07488938
0.99757856	0.0024214722
0.083434135	0.9165659
0.002266192	0.99773383
0.052548017	0.94745195
0.99759287	0.0024071455
0.008265603	0.9917344
0.0020570045	0.997943
0.016347518	0.9836525
0.9896129	0.010387129
0.0018143447	0.9981857
0.0729609	0.9270391
0.9959771	0.004022879
0.99323905	0.006760936
0.021204557	0.97879547
0.029666284	0.97033376
0.0020977955	0.99790215
0.9978713	0.0021286672
0.029788567	0.97021145
0.98865753	0.011342421
0.007927487	0.9920725
0.9797611	0.020238886
0.03439383	0.96560615
0.994611	0.0053889486
0.007634099	0.9923659
0.012616102	0.98738384
0.9975987	0.0024013482
0.46150798	0.538492
0.99833554	0.0016644907
0.04128229	0.95871764
0.021345057	0.9786549
0.99362385	0.0063760923
0.14416625	0.85583377
0.0046036863	0.9953963
0.04199309	0.95800686
0.23076342	0.76923656
0.0141221015	0.9858779
0.9951755	0.0048244437
0.998533	0.0014669332
0.99669623	0.0033038368
0.99833447	0.001665529
0.0019250894	0.9980749
0.0033282987	0.9966717
0.99775714	0.0022428704
0.07935154	0.92064846
0.9924223	0.0075777867
0.9797091	0.020290975
0.76677716	0.23322284
0.00695776	0.99304223
0.9958903	0.004109662
0.99828523	0.0017147304
0.9788031	0.021196837
0.9929108	0.0070891683
0.071303554	0.9286964
0.8670849	0.13291505
0.94519037	0.05480958
0.061771754	0.93822825
0.018114004	0.9818859
0.003916025	0.996084
0.9968682	0.003131775
0.99817777	0.0018222148
0.007965468	0.9920345
0.001793085	0.99820685
0.0019289678	0.998071
0.011265309	0.98873466
0.9955752	0.0044248207
0.4118512	0.5881488
0.025160495	0.9748395
0.98942155	0.010578376
0.9717693	0.028230684
0.05130532	0.9486947
0.0022977216	0.9977023
0.9956019	0.004398152
0.9953525	0.004647518
0.0033822316	0.99661773
0.9958346	0.0041653463
0.04654467	0.9534554
0.9501644	0.049835615
0.0238773	0.9761227
0.9511574	0.048842635
0.9932741	0.0067259194
0.13327192	0.8667281
0.99161726	0.008382712
0.9949521	0.0050479304
0.9984199	0.0015800911
0.9981749	0.0018250914
0.9952781	0.0047218683
0.002608864	0.9973911
0.9964952	0.0035047953
0.43609685	0.56390315
0.011566934	0.98843306
0.9976069	0.0023931626
0.015104558	0.98489547
0.9952939	0.0047061048
0.0034485185	0.9965515
0.0019206592	0.9980793
0.996855	0.0031449057
0.016225759	0.9837743
0.9960155	0.0039844913
0.23964837	0.7603516
0.010251997	0.989748
0.99684227	0.00315777
0.30662623	0.6933738
0.03918422	0.9608158
0.9978656	0.002134374
0.9981585	0.0018415424
0.87748283	0.12251715
0.9971349	0.0028650407
0.0034244547	0.99657553
0.9881142	0.0118857855
0.03330196	0.966698
0.99689	0.0031099883
0.009732584	0.99026746
0.99483716	0.005162919
0.99692106	0.0030789815
0.027189238	0.9728107
0.99170387	0.008296132
0.0535495	0.94645053
0.9939891	0.006010884
0.9485285	0.05147152
0.99633265	0.003667289
0.012916023	0.987084
0.985165	0.014835015
0.9853161	0.014683832
0.99599886	0.004001196
0.013725644	0.9862744
0.0019563949	0.99804354
0.9732791	0.026720887
0.99773055	0.0022695055
0.0062503624	0.9937496
0.8619247	0.13807525
0.9973821	0.0026178327
0.015665943	0.98433405
0.995821	0.0041790404
0.99792707	0.0020729515
0.0061034104	0.99389654
0.9959772	0.0040228604
0.9965655	0.0034345016
0.028998557	0.9710015
0.0032546422	0.99674535
0.9843478	0.015652176
0.99569404	0.004305912
0.99546766	0.0045323563
0.0069875936	0.99301237
0.99729747	0.0027025163
0.9977817	0.0022183508
0.0035323678	0.9964676
0.010000921	0.9899991
0.064245075	0.93575495
0.006822416	0.99317753
0.9880679	0.011932078
0.001837164	0.9981628
0.99350834	0.0064916974
0.0066305674	0.9933695
0.99752706	0.0024729336
0.99666494	0.0033349898
0.9913044	0.008695628
0.040827475	0.9591725
0.9927176	0.007282366
0.0023374832	0.99766254
0.006358396	0.9936417
0.022782214	0.97721785
0.9965712	0.0034288513
0.15564883	0.8443512
0.0045752907	0.9954247
0.99837685	0.001623196
0.99830616	0.0016938855
0.015883947	0.984116
0.013842568	0.9861574
0.99822277	0.0017771678
0.997771	0.0022290556
0.99374324	0.006256814
0.021291066	0.9787089
0.9984366	0.0015633792
0.9906261	0.009373935
0.0048372564	0.9951627
0.9944214	0.0055785975
0.9965402	0.0034598212
0.9926474	0.007352645
0.99608564	0.0039143777
0.9977865	0.0022135011
0.99320203	0.006798024
0.01776911	0.98223084
0.0049605477	0.9950394
0.99005616	0.0099438615
0.99747545	0.0025245827
0.0018334952	0.9981665
0.016154919	0.9838451
0.02321814	0.9767818
0.99602026	0.003979708
0.97064304	0.02935688
0.0025345446	0.9974655
0.51600224	0.4839978
0.9451269	0.054873105
0.003321433	0.9966786
0.0150389485	0.98496103
0.9955527	0.0044472907
0.0039600707	0.99603987
0.08571137	0.9142886
0.08957671	0.9104233
0.0044544674	0.9955455
0.008788059	0.99121195
0.0035282956	0.99647176
0.0018059837	0.99819404
0.004346678	0.9956533
0.9984256	0.0015744473
0.9930126	0.0069874385
0.9976872	0.0023127503
0.009955135	0.9900449
0.9976808	0.002319249
0.0022246311	0.9977754
0.0037833345	0.9962167
0.0032863186	0.99671364
0.0024506242	0.99754936
0.0041861106	0.9958139
0.98425347	0.015746528
0.9966875	0.0033125102
0.9977064	0.0022935234
0.99752146	0.0024785555
0.19429173	0.8057082
0.03144139	0.96855867
0.103142574	0.89685744
0.0020693473	0.99793065
0.004428102	0.99557185
0.95503956	0.04496041
0.0020259204	0.9979741
0.82278246	0.17721757
0.03685218	0.9631478
0.99733716	0.0026628454
0.99270177	0.007298199
0.05082241	0.9491776
0.011060455	0.98893946
0.9954548	0.004545236
0.9979456	0.0020543986
0.96869075	0.031309254
0.99762195	0.0023780446
0.89609414	0.10390582
0.39927006	0.60072994
0.9971226	0.0028773681
0.9960939	0.0039060162
0.99816895	0.0018310604
0.9880797	0.0119203115
0.96671295	0.033287037
0.9951539	0.004846155
0.9423014	0.057698682
0.060998637	0.9390013
0.97726315	0.022736862
0.99809164	0.0019083568
0.70959795	0.29040202
0.998447	0.0015530494
0.9972606	0.00273945
0.99782157	0.0021785002
0.007158266	0.9928417
0.005605123	0.9943949
0.9969721	0.00302793
0.995758	0.004242051
0.004905001	0.995095
0.93773144	0.062268525
0.99828416	0.0017157805
0.997598	0.0024019855
0.99827385	0.0017260874
0.02328302	0.976717
0.0021791675	0.99782085
0.9983041	0.0016959098
0.99483514	0.005164883
0.0056418125	0.99435824
0.0071701985	0.99282986
0.005507221	0.99449277
0.0030471554	0.9969528
0.0025205081	0.9974795
0.99617505	0.0038249085
0.054055206	0.9459448
0.013715564	0.9862845
0.0020637834	0.99793625
0.9976902	0.0023097708
0.048131276	0.9518688
0.002172422	0.9978276
0.997542	0.0024580003
0.9978574	0.0021426294
0.90961	0.090390004
0.6635013	0.33649868
0.6580863	0.3419137
0.997837	0.0021630009
0.091506265	0.90849376
0.0036427712	0.99635714
0.015114988	0.984885
0.9883548	0.011645215
0.0058050905	0.9941949
0.006744203	0.99325573
0.9954346	0.0045654313
0.016859544	0.9831405
0.99004644	0.009953541
0.068577774	0.9314222
0.98254377	0.017456235
0.0035854878	0.99641454
0.107008494	0.89299154
0.0019609663	0.99803907
0.025052024	0.9749479
0.9965521	0.0034479056
0.9184194	0.08158058
0.0063090026	0.99369097
0.97366273	0.02633727
0.995961	0.004039006
0.008741454	0.99125856
0.9981201	0.0018799013
0.78516537	0.2148346
0.027037032	0.9729629
0.002588667	0.9974113
0.057830937	0.9421691
0.0018903445	0.9981097
0.0023687345	0.9976312
0.99680626	0.0031937275
0.028568696	0.9714314
0.1761709	0.8238291
0.0018881416	0.99811184
0.009884195	0.9901158
0.0019105369	0.9980895
0.086634815	0.9133652
0.9952845	0.004715459
0.9897049	0.010295141
0.9921455	0.007854506
0.995141	0.0048589827
0.98343545	0.016564569
0.9935923	0.0064076786
0.013322252	0.98667777
0.001955732	0.99804425
0.9612171	0.038782902
0.0019066881	0.9980933
0.006511678	0.9934883
0.004405273	0.9955947
0.99308795	0.0069120815
0.0017958174	0.9982041
0.01278923	0.98721075
0.0029232174	0.99707675
0.07053771	0.92946225
0.016581433	0.98341864
0.005445346	0.99455464
0.99436957	0.0056304545
0.98415124	0.015848722
0.14165927	0.8583407
0.9982815	0.0017185941
0.9881494	0.011850524
0.0060868063	0.9939131
0.041607544	0.95839244
0.0036486033	0.99635136
0.007986076	0.992014
0.92190754	0.078092515
0.044470035	0.9555299
0.020611508	0.9793885
0.9946702	0.0053297495
0.99405587	0.0059441053
0.99544203	0.0045580133
0.0061307573	0.9938692
0.9869637	0.013036322
0.9980933	0.0019066954
0.9628469	0.03715316
0.06030056	0.9396995
0.0022001183	0.9977998
0.46267095	0.537329
0.0031543346	0.99684566
0.9983682	0.0016318519
0.060892724	0.9391073
0.0031634006	0.99683654
0.12512271	0.87487733
0.03704894	0.9629511
0.99399674	0.0060032434
0.9979876	0.0020123876
0.010540031	0.98946
0.9984282	0.0015717826
0.0019119305	0.99808806
0.010877294	0.9891227
0.99705005	0.0029499864
0.9960484	0.0039515537
0.19151093	0.8084891
0.069110595	0.93088937
0.003910457	0.9960896
0.005892784	0.99410725
0.01874051	0.9812595
0.99267477	0.0073252223
0.9975932	0.0024066977
0.99530256	0.004697492
0.18824606	0.8117539
0.118660815	0.88133925
0.9460114	0.05398851
0.8589785	0.14102146
0.89433193	0.105668105
0.9464937	0.05350626
0.9960853	0.00391472
0.99692047	0.0030795613
0.9518354	0.04816464
0.27222168	0.7277783
0.061578713	0.9384213
0.008587166	0.9914129
0.9965521	0.0034479205
0.015314968	0.98468506
0.99805754	0.0019424196
0.9968305	0.0031694572
0.0036482564	0.9963517
0.9551274	0.044872563
0.9982077	0.0017923343
0.0026782472	0.9973218
0.0021312737	0.99786866
0.0035856273	0.9964143
0.020230671	0.97976935
0.024464013	0.97553605
0.9926368	0.007363145
0.99820554	0.0017944657
0.996819	0.0031810168
0.58813184	0.41186813
0.010927577	0.98907244
0.99329245	0.0067075123
0.9972709	0.0027290424
0.01745954	0.9825404
0.30941758	0.6905824
0.016498785	0.9835012
0.0018651019	0.99813485
0.9961052	0.0038947838
0.010222448	0.9897775
0.9984688	0.0015311028
0.99840647	0.0015935267
0.017220039	0.98278
0.018739536	0.9812604
0.99342805	0.0065719
0.010361191	0.9896388
0.9979615	0.0020385466
0.99850357	0.0014964666
0.99370736	0.006292668
0.9866326	0.0133673875
0.0022281979	0.9977718
0.0030493347	0.9969506
0.9925149	0.0074850754
0.016421467	0.98357856
0.0054125623	0.9945874
0.025945602	0.9740544
0.9926979	0.007302139
0.0031991864	0.9968008
0.002169517	0.99783045
0.002273039	0.997727
0.0043508178	0.99564916
0.0019844908	0.9980155
0.005065602	0.9949344
0.9980813	0.0019187115
0.9975955	0.0024045156
0.9972283	0.0027716772
0.9979923	0.0020076777
0.9956518	0.0043482985
0.9975291	0.0024709231
0.0022486132	0.9977514
0.7850085	0.21499151
0.9972224	0.0027776
0.82335246	0.17664754
0.59825826	0.40174174
0.005247106	0.9947529
0.031257637	0.9687423
0.021141328	0.97885865
0.1115406	0.8884594
0.025864385	0.9741356
0.1314686	0.8685314
0.9977259	0.00227414
0.02065272	0.9793473
0.9982515	0.0017484247
0.9925	0.0074999426
0.99783957	0.0021604295
0.019280907	0.9807191
0.0026305176	0.9973694
0.004746096	0.9952539
0.9975593	0.0024407175
0.0021550541	0.99784493
0.015657136	0.9843428
0.99032193	0.009678073
0.9980008	0.0019992439
0.015578073	0.98442197
0.0050244434	0.99497557
0.99833316	0.0016668409
0.009822562	0.99017745
0.99838674	0.0016132271
0.0020777837	0.99792224
0.99728334	0.0027166645
0.025545439	0.9744546
0.0022600268	0.99774003
0.99119884	0.008801204
0.014043028	0.985957
0.24430543	0.75569457
0.33370215	0.66629785
0.0026730134	0.99732697
0.98917764	0.010822399
0.99700624	0.0029938235
0.0039677485	0.9960323
0.99842864	0.0015712738
0.97015005	0.029849954
0.006033731	0.9939663
0.103906	0.89609396
0.85320246	0.1467976
0.1119799	0.8880201
0.00926906	0.99073094
0.0078409845	0.992159
0.997428	0.0025719418
0.0024097918	0.9975902
0.99646485	0.0035350912
0.007310992	0.99268895
0.99329364	0.0067063686
0.9982692	0.0017307426
0.0020408372	0.99795914
0.0035058185	0.99649423
0.99823344	0.0017665059
0.9973665	0.002633508
0.002175823	0.9978242
0.0024641203	0.9975358
0.9969586	0.0030413594
0.0068958756	0.99310416
0.0028460864	0.9971539
0.33646834	0.6635317
0.012170932	0.9878291
0.9901417	0.009858281
0.9772003	0.02279967
0.024466153	0.9755339
0.993975	0.0060250205
0.9983557	0.001644307
0.0055515277	0.9944484
0.023577582	0.9764224
0.06620663	0.9337934
0.99723154	0.0027684355
0.059574585	0.94042546
0.13634464	0.8636554
0.99716395	0.0028360472
0.99842036	0.0015796489
0.9984003	0.0015997529
0.051340025	0.94865996
0.005479508	0.9945205
0.009390518	0.99060947
0.9756216	0.0243784
0.9983494	0.0016506362
0.0018831072	0.99811697
0.023989707	0.97601026
0.9969518	0.0030481608
0.38957807	0.61042196
0.0023120663	0.99768794
0.9840366	0.015963413
0.9689442	0.03105584
0.0019391148	0.9980609
0.9957344	0.004265627
0.9968753	0.0031247328
0.99348253	0.0065174242
0.009673248	0.9903267
0.014663172	0.98533684
0.98871624	0.011283732
0.0019475215	0.9980525
0.004134769	0.9958652
0.006926003	0.99307394
0.002184279	0.9978157
0.9980258	0.0019742579
0.9937651	0.0062348265
0.030900234	0.96909976
0.034375567	0.9656244
0.99594563	0.0040543415
0.008656199	0.99134374
0.044776827	0.9552232
0.0316462	0.9683538
0.0022568398	0.9977431
0.99827945	0.0017205799
0.059333827	0.9406662
0.020049686	0.9799503
0.9974426	0.0025574407
0.01504698	0.984953
0.012141082	0.98785883
0.9963863	0.0036136964
0.012093038	0.98790693
0.0019442295	0.9980558
0.007946827	0.99205315
0.9802964	0.01970363
0.9983595	0.0016404352
0.01263369	0.9873663
0.019718464	0.98028153
0.012459576	0.9875404
0.9977925	0.0022074936
0.9981077	0.0018923141
0.0032937883	0.9967062
0.006677636	0.9933223
0.011355711	0.98864424
0.029166555	0.9708335
0.99837	0.0016300785
0.0020360327	0.997964
0.004679976	0.99532
0.009000494	0.9909995
0.0019640015	0.99803597
0.057249304	0.9427507
0.9938823	0.006117743
0.0061012213	0.99389875
0.030768506	0.9692314
0.005447484	0.99455255
0.1410736	0.85892636
0.9947556	0.0052444087
0.027009971	0.97299
0.005079054	0.9949209
0.0562202	0.94377977
0.0033770292	0.9966229
0.9983215	0.0016785397
0.99445975	0.00554027
0.99836844	0.0016316321
0.9953967	0.004603297
0.08143672	0.91856325
0.0068450156	0.993155
0.01925548	0.98074454
0.99804187	0.0019581462
0.9949673	0.0050326833
0.9970067	0.0029932798
0.06648355	0.9335165
0.99483985	0.005160132
0.011973401	0.9880266
0.9964797	0.0035203055
0.98687	0.01313003
0.99835867	0.0016413539
0.06469081	0.93530923
0.0047412245	0.99525875
0.9976459	0.0023541106
0.023525814	0.9764742
0.9941043	0.0058956556
0.007398194	0.9926018
0.9984403	0.0015596307
0.004521758	0.9954782
0.06971699	0.93028307
0.0042064465	0.9957936
0.79094046	0.20905954
0.9976538	0.0023462488
0.018007224	0.9819927
0.026725363	0.9732746
0.9948773	0.005122713
0.9678085	0.03219146
0.9916923	0.008307681
0.009469293	0.99053067
0.019736858	0.9802632
0.002286418	0.99771357
0.99267393	0.007326048
0.0023775366	0.99762243
0.99786866	0.0021313345
0.0020402349	0.99795973
0.8095381	0.1904619
0.9920002	0.007999732
0.99415743	0.005842577
0.997549	0.0024510326
0.002473663	0.99752635
0.36071187	0.63928807
0.0034646022	0.9965354
0.99838674	0.0016133072
0.18085313	0.8191469
0.06770802	0.9322919
0.843573	0.15642697
0.0026701856	0.99732983
0.9954064	0.0045936303
0.22454615	0.77545387
0.9967069	0.0032931373
0.0023082173	0.99769175
0.46667984	0.5333202
0.020483607	0.97951645
0.017910246	0.98208976
0.010487033	0.989513
0.002634737	0.9973653
0.0056779655	0.99432206
0.9951983	0.004801739
0.2293524	0.77064764
0.0018966077	0.9981034
0.71352905	0.28647095
0.005722607	0.9942774
0.012781911	0.9872181
0.036594145	0.96340585
0.0462039	0.9537961
0.99427515	0.0057248157
0.99816567	0.0018343787
0.0051963315	0.9948036
0.025131987	0.97486806
0.93327737	0.06672264
0.89604735	0.103952624
0.08461814	0.91538185
0.040505007	0.95949507
0.8151779	0.18482208
0.0090042325	0.9909958
0.22736956	0.77263045
0.92724854	0.07275149
0.04218675	0.95781326
0.12414372	0.8758563
0.00588745	0.99411255
0.024316724	0.97568333
0.9452919	0.054708082
0.0067833434	0.9932167
0.9960522	0.0039478587
0.006142615	0.99385744
0.99842846	0.001571609
0.9765925	0.023407508
0.0025273855	0.9974726
0.03163434	0.96836567
0.99813324	0.0018667608
0.99570835	0.004291648
0.0024119285	0.99758804
0.04786283	0.9521371
0.006608583	0.9933914
0.019335978	0.980664
0.0018343752	0.99816567
0.98127246	0.018727552
0.98641866	0.013581299
0.99348736	0.0065125846
0.99839157	0.001608445
0.91766644	0.08233361
0.025838953	0.974161
0.26116174	0.7388382
0.017845938	0.982154
0.0037685472	0.9962315
0.9976561	0.002343867
0.05210575	0.9478942
0.0047883927	0.99521166
0.0025059748	0.9974941
0.015151705	0.9848483
0.9977405	0.0022594517
0.9694173	0.03058275
0.675597	0.324403
0.99644285	0.003557154
0.0036244947	0.9963755
0.9757141	0.024285957
0.00697788	0.99302214
0.9981186	0.0018813323
0.992568	0.0074319635
0.98681796	0.013182082
0.98920876	0.010791207
0.021754976	0.9782451
0.990646	0.00935395
0.9943505	0.0056495597
0.006874665	0.9931253
0.9977921	0.002207912
0.008234245	0.9917658
0.95919245	0.04080756
0.978207	0.021793015
0.07093999	0.92906
0.99620515	0.003794823
0.013125025	0.986875
0.9868209	0.01317913
0.998247	0.0017530324
0.9983109	0.0016890961
0.104361296	0.89563876
0.029536787	0.97046316
0.03458819	0.9654118
0.9963175	0.0036824832
0.99262094	0.007379079
0.05696903	0.9430309
0.0147310225	0.985269
0.0026010617	0.997399
0.9923038	0.007696164
0.97309273	0.026907323
0.009147736	0.9908523
0.018535873	0.9814641
0.10509103	0.89490896
0.029010931	0.9709891
0.99791235	0.0020876613
0.049148727	0.9508513
0.9960245	0.003975518
0.013794729	0.9862053
0.028462272	0.97153765
0.99638003	0.0036200478
0.0018758773	0.99812406
0.9880995	0.011900462
0.05927026	0.9407298
0.99757177	0.0024281715
0.07883722	0.9211627
0.024579924	0.9754201
0.89273494	0.10726508
0.9972166	0.002783452
0.03626485	0.96373516
0.9783	0.021700028
0.0020549714	0.997945
0.9957147	0.0042852485
0.018875787	0.9811242
0.99540776	0.004592198
0.996639	0.0033609918
0.98144746	0.018552562
0.99821883	0.0017811015
0.0019597197	0.99804026
0.0018111486	0.9981888
0.052354306	0.94764566
0.9059373	0.09406275
0.998089	0.0019109632
0.0026807638	0.9973193
0.0018142357	0.9981857
0.0041482323	0.99585176
0.0030442772	0.99695575
0.013131691	0.9868684
0.9973151	0.002684877
0.030644702	0.96935534
0.10429874	0.8957013
0.9983767	0.001623263
0.991715	0.008284939
0.0023856107	0.9976144
0.0022863615	0.9977137
0.004648058	0.9953519
0.99208814	0.007911841
0.002520827	0.99747914
0.97495687	0.025043081
0.998125	0.0018749598
0.027116366	0.9728836
0.9970066	0.0029933935
0.9979528	0.0020471106
0.9874368	0.01256328
0.0025594279	0.9974406
0.96646214	0.033537894
0.9903452	0.009654774
0.007483796	0.9925162
0.009269248	0.9907307
0.8971393	0.10286069
0.0017829379	0.99821705
0.042515572	0.9574844
0.9747048	0.025295192
0.032158982	0.967841
0.15056702	0.849433
0.99619675	0.0038033235
0.93721807	0.062781855
0.9974355	0.0025644589
0.9885113	0.011488681
0.005148252	0.99485177
0.005535483	0.9944646
0.010742208	0.98925775
0.024528807	0.97547114
0.99559516	0.0044048824
0.98490393	0.015096034
0.77542514	0.22457482
0.9740175	0.025982494
0.0020990248	0.99790096
0.99670345	0.0032965227
0.9951126	0.004887465
0.99356455	0.006435492
0.98727083	0.012729197
0.9896291	0.010370917
0.0039558164	0.99604416
0.99140596	0.008594091
0.0132625755	0.98673743
0.9507517	0.04924827
0.0031291086	0.99687093
0.0039986237	0.9960013
0.09257155	0.90742844
0.0066160564	0.99338394
0.99629587	0.0037041793
0.048674386	0.95132565
0.0023183643	0.9976816
0.996494	0.0035059748
0.003135472	0.9968645
0.010725444	0.98927456
0.99617344	0.0038265877
0.10903773	0.8909623
0.13904896	0.86095107
0.9981111	0.0018888804
0.0019528145	0.99804723
0.9881742	0.011825774
0.0018231353	0.9981768
0.99805546	0.0019445282
0.984923	0.015076932
0.99734193	0.0026581367
0.011165273	0.9888347
0.0022984652	0.9977016
0.0056052874	0.99439466
0.008991006	0.99100906
0.08141122	0.9185888
0.9946742	0.0053258236
0.056129683	0.94387037
0.790145	0.20985503
0.12431442	0.8756856
0.0027287677	0.99727124
0.0049396935	0.99506027
0.99356055	0.0064393766
0.0063759563	0.993624
0.99780875	0.0021912113
0.0021800285	0.99782
0.9971738	0.002826178
0.005451588	0.9945484
0.9973278	0.0026722283
0.9971933	0.002806804
0.013356153	0.98664385
0.01606877	0.98393124
0.99744534	0.002554686
0.0038752696	0.9961247
0.0031392481	0.99686074
0.23109505	0.768905
0.106146365	0.8938536
0.99839634	0.0016036478
0.9977202	0.0022798337
0.9958637	0.004136317
0.9279327	0.07206726
0.461459	0.538541
0.93949604	0.060503934
0.044727765	0.95527226
0.9261977	0.07380233
0.98672664	0.013273399
0.9750234	0.02497655
0.99348277	0.0065171584
0.022251977	0.97774804
0.9977495	0.0022504616
0.05080401	0.949196
0.024575	0.975425
0.15227668	0.8477233
0.9980665	0.0019335403
0.0023572012	0.9976428
0.6805279	0.31947201
0.99729425	0.0027057102
0.9956541	0.0043458426
0.9960427	0.0039572995
0.002394481	0.99760544
0.011082769	0.98891723
0.04530373	0.9546963
0.9946109	0.005389066
0.0019860966	0.99801385
0.9976719	0.002328086
0.99836665	0.0016332989
0.99296016	0.0070398324
0.0019891937	0.9980108
0.0036638218	0.9963362
0.010767383	0.98923266
0.9984968	0.0015032435
0.0676275	0.93237257
0.99142003	0.00857993
0.031030837	0.9689691
0.19740766	0.8025924
0.0038628038	0.9961372
0.8515762	0.14842382
0.99836785	0.0016321345
0.008085473	0.9919145
0.995139	0.0048610196
0.01690097	0.98309904
0.02386239	0.9761376
0.12252605	0.87747395
0.9730219	0.026978012
0.0042000953	0.99579984
0.99340326	0.006596764
0.020015687	0.97998434
0.066914596	0.93308544
0.003530982	0.996469
0.99186957	0.008130475
0.0041324804	0.9958675
0.996394	0.0036060042
0.021558551	0.9784414
0.009426882	0.9905731
0.003441983	0.996558
0.0055488427	0.9944511
0.99771035	0.0022896205
0.0019113326	0.99808866
0.0109467665	0.9890533
0.81395674	0.18604325
0.991475	0.008525064
0.031198135	0.96880186
0.9955729	0.004427005
0.9981414	0.0018585692
0.0020925007	0.9979075
0.021147933	0.9788521
0.009871947	0.990128
0.99478465	0.0052154185
0.026658328	0.9733417
0.002197274	0.9978027
0.004491078	0.9955089
0.0100895865	0.9899104
0.043056183	0.95694387
0.99709606	0.0029038906
0.99362904	0.0063709714
0.98134494	0.018655075
0.98038405	0.019615995
0.0021122422	0.9978878
0.015924405	0.9840756
0.0056836777	0.9943163
0.9007427	0.09925725
0.94630384	0.053696137
0.9808249	0.01917506
0.0021563238	0.9978436
0.9984548	0.0015452141
0.9765098	0.023490127
0.0024083217	0.99759173
0.99395823	0.006041752
0.028750392	0.9712496
0.9744753	0.025524715
0.9957617	0.004238356
0.0034309682	0.99656904
0.015806548	0.9841935
0.99733645	0.002663542
0.99808073	0.0019192448
0.9969975	0.0030024867
0.0024364972	0.9975635
0.0062073865	0.9937926
0.9789971	0.02100293
0.018956684	0.9810433
0.97932124	0.020678816
0.63292676	0.36707324
0.0032892316	0.9967108
0.92617196	0.07382804
0.006360945	0.99363905
0.05054086	0.94945914
0.021338733	0.9786613
0.116957694	0.88304234
0.0025937164	0.9974063
0.99674183	0.0032582334
0.99518764	0.004812321
0.018128227	0.9818718
0.03453981	0.9654601
0.003717662	0.9962824
0.9973941	0.002605873
0.0034206586	0.99657935
0.0453455	0.95465446
0.0018951856	0.9981048
0.003752796	0.99624723
0.034812987	0.96518695
0.99398804	0.0060119675
0.99764097	0.0023590657
0.99744236	0.00255765
0.009890973	0.9901091
0.010832382	0.9891676
0.9456517	0.05434826
0.99602926	0.0039707855
0.0066300044	0.99336994
0.010009086	0.98999095
0.09216569	0.90783435
0.0019597076	0.9980404
0.9950282	0.0049717706
0.9961647	0.0038353335
0.04437652	0.95562345
0.9983517	0.0016482756
0.0022483144	0.99775165
0.99089384	0.009106217
0.01095966	0.9890404
0.06652076	0.9334793
0.9958197	0.004180334
0.062361874	0.93763816
0.9911248	0.008875222
0.9967913	0.003208738
0.08896862	0.91103137
0.0031897873	0.99681014
0.99786645	0.0021336137
0.97833794	0.021662021
0.0033402515	0.99665976
0.06343446	0.9365656
0.9839722	0.016027795
0.010510641	0.9894894
0.9961947	0.0038053037
0.0024080444	0.997592
0.9916392	0.00836081
0.0019601735	0.9980399
0.99077976	0.009220307
0.0021087877	0.99789125
0.0063857664	0.99361426
0.06583746	0.93416256
0.998073	0.001926975
0.9969568	0.0030431368
0.00495294	0.9950471
0.0069666877	0.9930333
0.9982986	0.0017014942
0.9967104	0.003289621
0.98788536	0.012114655
0.9892546	0.010745356
0.9974921	0.0025078822
0.012262945	0.98773706
0.99832124	0.0016787457
0.0022542635	0.9977457
0.0018819155	0.99811816
0.88532203	0.114677966
0.002199057	0.9978009
0.003598113	0.9964019
0.99531305	0.0046869265
0.02929125	0.9707088
0.011126514	0.9888735
0.0024091513	0.9975909
0.99451053	0.0054894458
0.9822441	0.017755907
0.99600875	0.0039912583
0.020675495	0.9793245
0.20726477	0.7927353
0.008197519	0.9918025
0.78826684	0.21173316
0.011474868	0.9885251
0.8481266	0.15187347
0.0071166125	0.99288344
0.007338421	0.9926616
0.9983839	0.0016160958
0.013746884	0.9862531
0.9982774	0.0017226352
0.99328727	0.006712718
0.969397	0.03060302
0.9950413	0.004958691
0.9961779	0.0038220624
0.99621695	0.0037830486
0.99741423	0.0025857177
0.017189553	0.9828105
0.9982516	0.0017483815
0.0025054775	0.9974946
0.004468062	0.9955319
0.0029860637	0.9970139
0.99539715	0.004602873
0.996929	0.00307099
0.99783474	0.0021653075
0.97844726	0.021552717
0.002104554	0.99789536
0.99094594	0.009054049
0.94117796	0.058822032
0.8098194	0.19018066
0.9984831	0.001516904
0.98394185	0.016058158
0.10429915	0.8957008
0.99603707	0.003963008
0.99802256	0.0019774514
0.94340414	0.05659582
0.99806887	0.0019311373
0.79737693	0.2026231
0.0033044582	0.9966955
0.0072434065	0.99275666
0.0026213739	0.9973787
0.018001523	0.98199844
0.9314681	0.068531886
0.9780548	0.02194512
0.8918017	0.10819823
0.99686205	0.0031379322
0.73695004	0.26304993
0.023157382	0.97684264
0.9978496	0.0021504264
0.07024849	0.9297515
0.99159336	0.008406691
0.002395477	0.99760455
0.0018462208	0.99815375
0.9974482	0.0025518613
0.9958478	0.0041521564
0.99807394	0.0019260902
0.9958696	0.004130448
0.0073802597	0.9926198
0.99253356	0.0074664582
0.9974468	0.0025531894
0.89176685	0.10823322
0.0022832484	0.9977168
0.0051673483	0.99483263
0.9971706	0.0028293445
0.0063591944	0.99364084
0.96469206	0.03530794
0.9975769	0.002423127
0.9983394	0.0016605825
0.98925984	0.010740156
0.9982299	0.0017701463
0.032604814	0.96739525
0.03000643	0.96999353
0.0022963488	0.9977036
0.028623449	0.9713766
0.98950773	0.010492318
0.9981901	0.0018099044
0.0057314257	0.99426854
0.9779553	0.02204471
0.028188653	0.9718114
0.9974955	0.0025045017
0.9971752	0.0028247247
0.9976628	0.0023372744
0.023631921	0.97636807
0.9711403	0.028859649
0.0044412836	0.99555874
0.0017654855	0.9982345
0.005789617	0.99421036
0.99837106	0.001628924
0.020124255	0.9798757
0.98960227	0.010397705
0.9976693	0.0023306743
0.91073877	0.08926121
0.68894213	0.31105787
0.99659145	0.0034085647
0.16000237	0.83999765
0.0042630634	0.99573696
0.9703158	0.029684158
0.99491453	0.005085419
0.02655818	0.97344184
0.9793448	0.02065521
0.99684626	0.0031536717
0.95525444	0.044745598
0.9948478	0.0051521948
0.9973168	0.0026831664
0.98934597	0.010654089
0.33523756	0.66476244
0.9027822	0.09721784
0.005433448	0.99456656
0.9983746	0.0016253778
0.055490613	0.9445094
0.989758	0.010241997
0.9958759	0.004124141
0.0021548078	0.9978452
0.0018442799	0.99815565
0.01813995	0.9818601
0.9913816	0.008618379
0.13923092	0.8607691
0.006227947	0.9937721
0.9962196	0.003780417
0.9982759	0.0017240895
0.0024358912	0.9975641
0.5850831	0.41491684
0.0017995276	0.9982004
0.99674666	0.0032533463
0.998072	0.0019279822
0.99445057	0.005549422
0.008384013	0.99161595
0.043689866	0.95631015
0.004993295	0.9950067
0.99417627	0.0058236686
0.9915697	0.008430307
0.9955772	0.0044228593
0.054173138	0.9458268
0.99681205	0.0031879386
0.9779652	0.022034764
0.99793917	0.0020608334
0.0024660013	0.99753404
0.0019709566	0.99802905
0.9978288	0.0021711942
0.0112833595	0.9887166
0.025495566	0.9745044
0.09838596	0.901614
0.9513534	0.048646662
0.99417937	0.0058206213
0.039167345	0.96083266
0.99627835	0.0037216558
0.9983444	0.0016555571
0.043812007	0.956188
0.959187	0.040813055
0.01518263	0.9848173
0.99634016	0.0036598463
0.073168	0.92683196
0.009656417	0.9903436
0.10128508	0.89871496
0.005013837	0.9949862
0.01538356	0.9846164
0.00350502	0.99649495
0.0026078878	0.99739206
0.90836835	0.091631636
0.9117325	0.08826753
0.0038940122	0.99610597
0.007974178	0.9920258
0.99732983	0.00267017
0.044482883	0.9555171
0.06605277	0.9339472
0.99801123	0.0019887905
0.6410822	0.35891783
0.00418825	0.9958118
0.12911756	0.87088245
0.9968844	0.0031156202
0.0063201054	0.9936799
0.005916877	0.9940831
0.014415894	0.98558414
0.6619172	0.33808273
0.0025556847	0.9974443
0.9957496	0.0042503593
0.99825495	0.0017449808
0.20906012	0.79093987
0.0026313483	0.9973686
0.002072897	0.99792707
0.002236332	0.99776363
0.99731404	0.0026858908
0.020467924	0.97953206
0.9978575	0.0021425232
0.0038429743	0.996157
0.98878723	0.011212742
0.04999053	0.9500094
0.0030915958	0.99690837
0.9978532	0.0021467602
0.1155925	0.8844075
0.99546057	0.0045394246
0.0018411876	0.9981589
0.960593	0.039407037
0.004721474	0.9952786
0.002005801	0.9979942
0.99552983	0.0044701346
0.99606305	0.003936959
0.3062638	0.6937362
0.9792588	0.020741215
0.99755436	0.0024456775
0.024261253	0.9757387
0.99571794	0.0042821188
0.0034826067	0.9965174
0.0028372877	0.99716264
0.8398287	0.1601713
0.072124116	0.9278758
0.10125797	0.898742
0.09272002	0.90727997
0.9866498	0.013350159
0.0019780528	0.99802196
0.99777454	0.002225491
0.049181845	0.9508181
0.040429782	0.9595702
0.005274449	0.9947255
0.98677224	0.0132277245
0.004136151	0.9958638
0.020539492	0.9794605
0.0039573763	0.9960426
0.16042621	0.83957374
0.44716763	0.55283237
0.004443766	0.9955563
0.0044831806	0.99551684
0.015038646	0.9849614
0.99306184	0.006938152
0.9443991	0.05560091
0.09183462	0.90816534
0.043669887	0.95633006
0.9982476	0.0017524569
0.9848743	0.015125707
0.0070426594	0.99295735
0.99836975	0.0016302437
0.0037092895	0.9962907
0.15568538	0.84431463
0.024449121	0.9755509
0.0019732558	0.99802667
0.994726	0.0052740243
0.01229288	0.9877071
0.9932411	0.006758951
0.005828911	0.9941711
0.9926824	0.0073175533
0.030555498	0.9694445
0.96866256	0.031337395
0.4390633	0.56093675
0.0021499558	0.99785006
0.9974728	0.0025271138
0.99457353	0.005426529
0.0027770346	0.997223
0.9972277	0.002772265
0.01524535	0.9847547
0.9981635	0.0018365058
0.9561657	0.043834273
0.001966068	0.99803394
0.004458244	0.99554175
0.9980866	0.0019134551
0.008818491	0.9911815
0.044415977	0.95558405
0.9803238	0.019676266
0.0018084076	0.99819154
0.057377428	0.9426226
0.9975157	0.0024842867
0.96069276	0.03930727
0.99568284	0.004317172
0.99396557	0.0060345093
0.0020586771	0.9979413
0.046554513	0.9534455
0.0060618557	0.9939381
0.997419	0.0025809407
0.97332823	0.026671812
0.009355749	0.9906442
0.982414	0.017586077
0.99843234	0.0015676178
0.008923079	0.99107695
0.0021402326	0.9978598
0.0023075235	0.99769247
0.9884244	0.011575617
0.0026808248	0.99731916
0.0021370864	0.9978629
0.04779072	0.9522093
0.48908547	0.5109145
0.99763954	0.0023604578
0.9982175	0.0017824423
0.021107215	0.9788928
0.0032508594	0.99674916
0.23272292	0.76727706
0.9885466	0.011453372
0.9923069	0.007693149
0.9934634	0.006536663
0.017715095	0.9822849
0.0036570847	0.99634296
0.0043947184	0.9956053
0.023896512	0.9761035
0.026423495	0.97357655
0.010316977	0.98968303
0.84342176	0.15657827
0.28463113	0.7153688
0.0410582	0.9589418
0.0021969802	0.99780303
0.9938496	0.0061504943
0.001889028	0.998111
0.98223627	0.01776377
0.99696285	0.0030371088
0.9983543	0.001645668
0.997561	0.0024389694
0.66124123	0.33875874
0.023153663	0.9768463
0.99842584	0.001574122
0.15471028	0.8452897
0.0243999	0.9756001
0.9982351	0.0017648839
0.002117843	0.9978822
0.002435357	0.9975647
0.05690611	0.9430939
0.0029514127	0.99704856
0.039122365	0.96087766
0.98492867	0.015071283
0.035026517	0.96497345
0.98686326	0.013136766
0.9971967	0.0028033094
0.99776495	0.0022350813
0.0021210478	0.997879
0.98111653	0.018883508
0.9981963	0.0018037502
0.9965994	0.0034006063
0.00535863	0.9946413
0.046888858	0.9531112
0.08844842	0.9115516
0.24559325	0.75440675
0.012115473	0.9878846
0.0029073665	0.9970926
0.98685944	0.013140623
0.99288636	0.0071136244
0.026328124	0.9736719
0.9494815	0.05051849
0.9961118	0.0038882648
0.003608731	0.99639124
0.9973022	0.0026977472
0.9960019	0.0039980444
0.0068226554	0.9931773
0.0057273516	0.99427265
0.014916056	0.9850839
0.8233814	0.17661858
0.99446434	0.005535661
0.057226494	0.94277346
0.99615484	0.0038451694
0.0019946538	0.99800533
0.99538827	0.00461166
0.98849225	0.011507803
0.9983303	0.001669766
0.98993266	0.010067312
0.020115871	0.97988415
0.99672395	0.0032761246
0.99648297	0.0035170405
0.009393043	0.9906069
0.0019532803	0.99804676
0.012320859	0.9876792
0.05412783	0.9458721
0.9982931	0.0017069557
0.8967793	0.103220746
0.99659216	0.0034079172
0.9950293	0.0049707997
0.001987218	0.9980128
0.008184522	0.9918155
0.08530107	0.91469896
0.0025208965	0.99747914
0.71158785	0.28841215
0.99851173	0.0014882698
0.9891874	0.010812561
0.0022844067	0.9977156
0.6669645	0.3330355
0.9858291	0.014170873
0.004426222	0.99557376
0.97904646	0.020953536
0.0029808627	0.9970192
0.0021430186	0.9978569
0.005304624	0.99469537
0.011961785	0.9880382
0.998273	0.0017270328
0.0023315991	0.9976683
0.0038705452	0.9961294
0.006785348	0.9932147
0.9935086	0.006491486
0.9882378	0.011762179
0.9984091	0.0015909943
0.0046260324	0.995374
0.995478	0.0045220717
0.0033226109	0.9966774
0.0034159739	0.99658406
0.9705748	0.029425198
0.05028453	0.9497155
0.002685628	0.9973144
0.99745816	0.0025418992
0.9977443	0.002255759
0.00188431	0.99811566
0.017878043	0.98212194
0.9809822	0.019017814
0.9518246	0.048175458
0.002922742	0.9970772
0.059261702	0.9407383
0.0048711	0.99512887
0.26191652	0.7380835
0.023188854	0.9768112
0.99544865	0.004551393
0.99827063	0.0017293048
0.0025038929	0.99749607
0.020306952	0.97969306
0.09808115	0.9019188
0.0043468475	0.99565315
0.9805669	0.019433059
0.031705096	0.9682949
0.004976505	0.9950235
0.9712034	0.02879664
0.039989397	0.9600106
0.9898033	0.010196717
0.98976654	0.010233415
0.99757665	0.0024233388
0.99761593	0.0023840908
0.0022132967	0.99778664
0.08817484	0.9118251
0.9616675	0.038332555
0.05952264	0.9404773
0.0025767216	0.9974233
0.0079082195	0.9920918
0.009476874	0.99052316
0.9975435	0.002456448
0.027802264	0.9721977
0.9936655	0.0063344906
0.004316585	0.99568343
0.9907947	0.009205255
0.06718099	0.932819
0.023926027	0.976074
0.998173	0.0018270272
0.9972153	0.0027847574
0.016812377	0.9831876
0.95697004	0.04302999
0.9925768	0.0074232058
0.87615484	0.1238451
0.0018118507	0.9981882
0.96209174	0.03790821
0.81193525	0.18806481
0.99660945	0.0033906084
0.0026864964	0.99731344
0.1747783	0.8252217
0.9983407	0.0016592992
0.99842703	0.001573038
0.0033595546	0.99664044
0.00999737	0.99000263
0.98902506	0.010974875
0.0020117632	0.9979882
0.016418427	0.98358154
0.98181045	0.0181896
0.00717905	0.9928209
0.9943189	0.005681137
0.0041939174	0.9958061
0.6919371	0.30806294
0.99832815	0.0016718857
0.9968971	0.003102942
0.018609641	0.98139036
0.0019675847	0.9980324
0.03482582	0.9651742
0.043649778	0.95635027
0.0019319134	0.99806815
0.011868713	0.9881313
0.030736152	0.9692638
0.99830496	0.0016950082
0.04225572	0.95774424
0.0018796766	0.99812025
0.9894763	0.010523712
0.0052794507	0.9947206
0.008290658	0.9917094
0.066042334	0.9339577
0.021716148	0.9782839
0.10666946	0.8933306
0.98039126	0.01960877
0.99625695	0.0037430443
0.23252377	0.7674762
0.0018403202	0.9981597
0.99661875	0.0033812178
0.003691804	0.9963082
0.0024918113	0.99750817
0.99396765	0.00603231
0.99720156	0.002798395
0.0019403518	0.9980597
0.9555926	0.044407465
0.9511751	0.048824973
0.0022621986	0.99773777
0.0061166473	0.9938834
0.006762403	0.9932376
0.0026617136	0.99733824
0.99612695	0.0038730481
0.0082282815	0.99177176
0.003041082	0.996959
0.99565315	0.004346839
0.07182418	0.9281758
0.9972715	0.002728477
0.9964612	0.003538765
0.97312474	0.026875203
0.0017485813	0.9982514
0.008396772	0.9916032
0.0019326968	0.9980673
0.0018962801	0.99810374
0.96379197	0.036208022
0.9726179	0.02738211
0.99538404	0.004616005
0.9979558	0.0020442312
0.013102846	0.9868972
0.98361164	0.016388336
0.079131536	0.92086846
0.99436367	0.0056362827
0.9982748	0.0017252383
0.0022718562	0.99772817
0.026330566	0.9736694
0.99458045	0.005419577
0.99498606	0.0050138934
0.9761652	0.023834815
0.9962411	0.003758912
0.9980652	0.0019348558
0.9748712	0.025128802
0.0068883332	0.9931117
0.9972779	0.0027221476
0.0021326717	0.99786735
0.0019061312	0.9980939
0.9949445	0.005055487
0.9892342	0.0107657965
0.9978935	0.0021065592
0.007957838	0.9920421
0.9974814	0.002518574
0.99758685	0.0024132128
0.0036901203	0.9963098
0.9934696	0.006530346
0.09122204	0.908778
0.088115185	0.9118848
0.9814889	0.018511146
0.997405	0.0025949501
0.08146341	0.9185366
0.99817646	0.0018235947
0.032959767	0.96704024
0.9984131	0.0015868518
0.0045210416	0.995479
0.9782472	0.02175273
0.99677163	0.0032283776
0.0022792772	0.99772066
0.0033414837	0.99665856
0.0032770263	0.996723
0.058830556	0.9411695
0.99353564	0.0064644334
0.9984901	0.0015099361
0.9957189	0.004281173
0.99299216	0.0070078056
0.0022672175	0.99773276
0.99759907	0.0024009023
0.9969292	0.0030708017
0.9984573	0.0015426772
0.99846137	0.0015386143
0.033864785	0.9661352
0.99651426	0.0034858023
0.99275017	0.0072497656
0.009399633	0.99060035
0.0019338487	0.9980661
0.99349445	0.0065056165
0.9946672	0.005332886
0.9979371	0.0020629968
0.998309	0.001690948
0.70257866	0.2974213
0.004906831	0.9950932
0.028211534	0.9717884
0.9974648	0.0025351797
0.0018896643	0.9981103
0.0020370316	0.99796295
0.008428235	0.9915718
0.0069229435	0.99307704
0.68433374	0.31566632
0.007781781	0.99221826
0.004614349	0.9953857
0.9973556	0.0026444988
0.12158717	0.87841284
0.9967795	0.0032205551
0.99723417	0.0027658567
0.99476767	0.005232355
0.5425773	0.45742264
0.011443767	0.9885562
0.010559343	0.9894406
0.008248739	0.99175125
0.86696315	0.13303688
0.0048132413	0.99518675
0.99322623	0.006773718
0.0026249567	0.997375
0.99824727	0.0017527788
0.99641055	0.0035894557
0.99807954	0.0019204051
0.0032570376	0.996743
0.99708086	0.0029191065
0.0029941439	0.9970059
0.0023998178	0.99760014
0.1647903	0.83520967
0.996828	0.0031719785
0.9980388	0.0019612352
0.038907077	0.9610929
0.043643482	0.9563566
0.0027267674	0.99727327
0.9980148	0.0019851264
0.012619944	0.98738
0.057817996	0.942182
0.9974934	0.0025066135
0.0071618594	0.9928382
0.99767977	0.0023202687
0.9977482	0.002251811
0.9847435	0.015256529
0.0020322178	0.9979678
0.99723935	0.0027606583
0.003453689	0.9965463
0.9957767	0.0042233095
0.009245308	0.99075466
0.3193875	0.6806125
0.99374545	0.0062545706
0.0018479212	0.9981521
0.047107954	0.95289207
0.94808996	0.051909987
0.9980763	0.001923711
0.9925776	0.0074224262
0.9964347	0.0035653336
0.9972072	0.0027927798
0.92378783	0.07621214
0.9983328	0.0016671725
0.98951644	0.010483484
0.9982749	0.0017251094
0.17090441	0.82909554
0.009859743	0.99014026
0.9944634	0.005536656
0.99620026	0.0037996846
0.004270856	0.99572915
0.99170727	0.00829272
0.049148925	0.9508511
0.002917544	0.9970824
0.056675136	0.94332486
0.99741447	0.0025855124
0.015361858	0.98463815
0.99398065	0.006019432
0.9976694	0.0023305835
0.04654651	0.95345354
0.0036545575	0.99634546
0.009519238	0.9904807
0.97891927	0.021080747
0.99663025	0.0033697758
0.009102934	0.9908971
0.06072997	0.93926996
0.98276466	0.017235354
0.021102972	0.97889704
0.9966755	0.003324538
0.030027797	0.96997225
0.1521238	0.8478762
0.16914906	0.8308509
0.003506383	0.99649364
0.9974644	0.002535596
0.9921864	0.007813545
0.0046008816	0.9953992
0.008503002	0.991497
0.0030685298	0.99693143
0.005210719	0.99478924
0.9936527	0.006347234
0.9960878	0.0039122626
0.0031020183	0.99689794
0.047496255	0.95250374
0.0236097	0.97639024
0.07202487	0.9279752
0.001958504	0.9980415
0.99832267	0.0016773199
0.002046136	0.9979539
0.0017896633	0.9982103
0.0056973374	0.99430263
0.953006	0.046993967
0.9661723	0.03382773
0.0041016154	0.9958983
0.002636369	0.9973636
0.20114419	0.79885584
0.6414428	0.35855725
0.03750267	0.96249735
0.9135903	0.086409755
0.0019875104	0.9980124
0.99149257	0.008507472
0.18798412	0.8120159
0.5930635	0.40693656
0.9984055	0.0015945004
0.99141437	0.008585575
0.93397266	0.0660274
0.91245216	0.08754784
0.016738478	0.9832615
0.36794478	0.6320552
0.97290945	0.02709052
0.989368	0.010631981
0.003089422	0.99691063
0.99512	0.0048800097
0.0077891108	0.99221087
0.9945756	0.0054243444
0.98647124	0.013528762
0.996555	0.0034450989
0.99848396	0.0015160938
0.0020102265	0.9979898
0.99708647	0.0029135768
0.0058971033	0.9941029
0.99806815	0.0019318764
0.0030923162	0.99690765
0.004459751	0.9955402
0.9954367	0.0045633297
0.99742496	0.0025750631
0.006270033	0.99372995
0.12733889	0.8726612
0.93781376	0.06218626
0.992493	0.0075070453
0.041139662	0.95886034
0.0028113262	0.9971886
0.002170746	0.99782926
0.9946608	0.005339177
0.0021864907	0.99781346
0.9954476	0.0045524566
0.019589536	0.9804105
0.9970361	0.0029638568
0.0043983143	0.99560165
0.005247962	0.99475205
0.9981834	0.001816593
0.99699867	0.003001302
0.003990011	0.99600995
0.007475276	0.9925248
0.1213097	0.87869024
0.017844876	0.9821552
0.996232	0.0037680478
0.9980507	0.0019493055
0.012038025	0.98796195
0.766042	0.23395802
0.00741368	0.9925863
0.9838667	0.016133295
0.9980446	0.0019553541
0.033243697	0.9667563
0.97181165	0.028188406
0.9754975	0.024502482
0.04478279	0.95521724
0.998367	0.0016329988
0.9973097	0.0026903322
0.9974298	0.0025702445
0.99691856	0.0030815015
0.97085166	0.029148294
0.022817856	0.9771821
0.0034160304	0.99658394
0.04236328	0.95763665
0.9850306	0.014969414
0.99682224	0.0031777385
0.9854565	0.014543477
0.18244721	0.81755275
0.990599	0.009401082
0.9980824	0.0019176167
0.0038487033	0.99615127
0.9979558	0.0020442079
0.03158986	0.96841013
0.075680755	0.9243192
0.9705405	0.02945944
0.9969092	0.0030907686
0.0019393379	0.99806064
0.003256968	0.996743
0.99770314	0.0022968417
0.0061323787	0.9938676
0.0030875998	0.99691236
0.0023142013	0.9976858
0.92708045	0.07291951
0.9964908	0.0035092332
0.99777836	0.0022216951
0.9978277	0.0021722647
0.9949576	0.0050423387
0.99684286	0.0031571758
0.006741744	0.99325824
0.02060221	0.97939783
0.0052560684	0.99474394
0.07921859	0.92078143
0.007656007	0.99234396
0.90871066	0.091289386
0.004464269	0.99553573
0.0021725523	0.9978275
0.747117	0.25288302
0.012560701	0.98743933
0.9664588	0.033541232
0.035208732	0.96479124
0.028726062	0.9712739
0.993353	0.0066470234
0.00229598	0.9977041
0.0033344736	0.99666554
0.005795994	0.994204
0.0022791699	0.9977208
0.99269813	0.0073018204
0.0025586428	0.9974413
0.01791123	0.98208874
0.003171299	0.99682873
0.9983393	0.0016607201
0.9980398	0.001960298
0.9901722	0.009827819
0.9962888	0.0037111891
0.0025199938	0.99748
0.95757776	0.042422306
0.9954188	0.0045811906
0.7155637	0.28443626
0.04472811	0.95527184
0.070721425	0.9292786
0.9443402	0.055659857
0.0026331714	0.99736685
0.98926055	0.010739499
0.052775916	0.9472241
0.0041094944	0.9958905
0.65933883	0.34066114
0.0027469008	0.9972531
0.99032307	0.009676853
0.99799925	0.0020007438
0.99704283	0.0029571913
0.99736303	0.0026369884
0.8630385	0.13696158
0.011171308	0.9888287
0.008504104	0.99149597
0.07832803	0.92167205
0.0028878283	0.99711215
0.99554247	0.004457569
0.9849615	0.015038438
0.9941499	0.005850118
0.48932138	0.5106786
0.0022404727	0.99775946
0.971289	0.028711041
0.040135644	0.9598644
0.26612744	0.73387253
0.9984237	0.0015763434
0.99504894	0.004951098
0.9961826	0.0038173615
0.005732279	0.9942677
0.051476873	0.94852316
0.008780182	0.9912198
0.96974224	0.030257696
0.009952728	0.9900473
0.0030700234	0.99692994
0.032829434	0.9671706
0.9295319	0.070468135
0.9967944	0.0032056405
0.008114464	0.99188554
0.020199744	0.9798003
0.982349	0.017651029
0.99800915	0.0019908973
0.99761117	0.002388868
0.008511753	0.9914882
0.34024546	0.6597545
0.99687743	0.0031225383
0.99830306	0.0016969427
0.002950742	0.9970493
0.933506	0.06649396
0.013258289	0.9867417
0.0021273305	0.9978727
0.0041150637	0.99588495
0.15631194	0.8436881
0.03968904	0.96031094
0.99742764	0.0025723395
0.0045188037	0.99548113
0.11386319	0.88613683
0.9941281	0.0058718864
0.002415991	0.997584
0.059540346	0.94045967
0.9984124	0.0015875589
0.0028031068	0.9971969
0.88853544	0.111464545
0.9959753	0.0040247254
0.0018301541	0.9981698
0.99827266	0.001727332
0.002530673	0.9974693
0.9973792	0.0026208851
0.2245028	0.7754972
0.030993117	0.96900684
0.06675897	0.93324107
0.022909509	0.9770905
0.9920116	0.007988376
0.02290509	0.9770949
0.0018336375	0.9981664
0.02191267	0.9780873
0.021443922	0.97855604
0.09583022	0.9041698
0.0028964665	0.9971035
0.9742565	0.025743462
0.99651295	0.0034870643
0.003406892	0.99659306
0.02125292	0.97874707
0.99593014	0.004069912
0.0020838215	0.99791616
0.0033323143	0.9966677
0.9974503	0.0025496655
0.96437716	0.035622843
0.900681	0.09931894
0.9199844	0.080015615
0.92697895	0.07302105
0.048687655	0.9513124
0.98393506	0.016064962
0.9389609	0.061039116
0.9911618	0.008838126
0.74695545	0.25304452
0.06964295	0.93035704
0.983814	0.01618596
0.9967476	0.00325236
0.0025464536	0.9974535
0.0021029487	0.997897
0.99617493	0.003825032
0.9971379	0.0028621026
0.014521763	0.9854783
0.9971042	0.0028957562
0.9969964	0.0030036648
0.0033017378	0.99669826
0.9976367	0.0023633724
0.96855026	0.031449754
0.99285674	0.007143303
0.9611766	0.03882345
0.0022820134	0.997718
0.05764221	0.9423578
0.996527	0.0034729752
0.0023590701	0.99764097
0.9975349	0.0024650826
0.9958858	0.0041142157
0.9970816	0.0029184574
0.98743725	0.012562795
0.9919688	0.008031209
0.020796342	0.9792037
0.96094346	0.03905657
0.038934372	0.9610656
0.008859238	0.9911408
0.0021053646	0.9978947
0.12620634	0.87379366
0.061988123	0.9380118
0.9929772	0.00702276
0.9916221	0.008377974
0.004440168	0.9955598
0.9925331	0.007466853
0.99787307	0.002126881
0.9972982	0.0027017938
0.99570036	0.0042996244
0.071264744	0.92873526
0.0833816	0.91661835
0.99699104	0.0030089528
0.004414548	0.99558544
0.05719058	0.9428094
0.6535965	0.3464035
0.07012227	0.9298777
0.0058226194	0.99417734
0.0029173195	0.99708265
0.030523729	0.9694763
0.99837387	0.0016261109
0.034238324	0.9657617
0.001856412	0.99814355
0.2560065	0.7439935
0.7105259	0.28947413
0.004617725	0.99538225
0.833317	0.16668299
0.0027199243	0.99728
0.99644154	0.003558396
0.9970029	0.0029970931
0.99735117	0.0026488497
0.9970952	0.002904747
0.002014045	0.99798596
0.9973744	0.0026256295
0.008273261	0.99172676
0.9931732	0.006826819
0.82456774	0.17543228
0.009914629	0.99008536
0.2862564	0.7137436
0.009234801	0.9907652
0.9950041	0.004995914
0.008403574	0.9915964
0.007709747	0.9922902
0.9968568	0.003143217
0.0039934576	0.99600655
0.9833506	0.016649403
0.9968918	0.0031082178
0.9968342	0.0031657652
0.992061	0.007939008
0.9961423	0.0038577525
0.97364634	0.02635361
0.0020070148	0.997993
0.9937593	0.0062407386
0.9970487	0.0029513298
0.0019064884	0.99809355
0.99778193	0.0022180658
0.042486258	0.9575137
0.9164305	0.08356947
0.9983854	0.0016145423
0.93463844	0.0653616
0.0031002644	0.9968997
0.005325096	0.9946749
0.015992368	0.98400766
0.99515957	0.0048404224
0.0031911617	0.9968088
0.9971414	0.0028585175
0.9892424	0.010757664
0.06804601	0.93195397
0.9984914	0.0015086255
0.978508	0.021491965
0.97405916	0.025940888
0.98977846	0.0102216
0.0021797149	0.99782026
0.9964077	0.0035922779
0.92969435	0.07030562
0.0060912543	0.99390876
0.9913765	0.00862347
0.9972023	0.0027976895
0.2858606	0.71413934
0.98443747	0.015562542
0.0043275882	0.99567246
0.0021976691	0.9978023
0.9973049	0.0026950235
0.0026587634	0.9973412
0.05965707	0.9403429
0.9957646	0.0042353603
0.9978702	0.0021297308
0.99633396	0.0036660733
0.99800104	0.0019989125
0.92975235	0.07024768
0.0019696665	0.99803036
0.007855384	0.99214464
0.010298128	0.98970187
0.99788815	0.002111836
0.004276399	0.9957236
0.9983981	0.0016018625
0.0020992893	0.9979007
0.9932869	0.0067130807
0.9979183	0.0020817243
0.9636075	0.03639254
0.0022180807	0.99778193
0.0019048344	0.9980952
0.01862446	0.9813756
0.9967078	0.0032921736
0.9977208	0.0022791678
0.87154937	0.12845057
0.04470528	0.95529467
0.811646	0.18835397
0.9984199	0.0015801108
0.99569774	0.0043022814
0.0019661505	0.9980338
0.005638325	0.99436164
0.99707055	0.0029294451
0.0041431934	0.9958568
0.9982065	0.0017935026
0.9974814	0.0025185992
0.014252788	0.98574716
0.4165747	0.5834253
0.0025663893	0.9974336
0.07309617	0.9269039
0.008826305	0.9911737
0.99782467	0.0021753823
0.045858108	0.954142
0.99011666	0.009883279
0.9984634	0.0015366459
0.9983577	0.0016422386
0.98486334	0.015136684
0.9972088	0.002791261
0.9921948	0.0078051724
0.9958475	0.0041524656
0.990506	0.00949405
0.004386891	0.9956131
0.002173795	0.99782616
0.0067651547	0.9932348
0.99378115	0.006218858
0.0023399408	0.99766004
0.95711786	0.04288206
0.991597	0.008403007
0.99121255	0.008787452
0.99851304	0.0014869423
0.9977182	0.0022817967
0.10085449	0.89914554
0.005572818	0.9944272
0.99576426	0.004235676
0.99761164	0.0023883726
0.03274351	0.9672564
0.9941087	0.005891348
0.9879106	0.012089355
0.99602354	0.0039763944
0.24490394	0.755096
0.99203265	0.007967405
0.06907061	0.9309294
0.9953725	0.0046274904
0.003103635	0.9968964
0.022669276	0.9773307
0.0092315525	0.9907685
0.9967457	0.0032542306
0.15853591	0.8414641
0.997813	0.0021870453
0.97268945	0.027310504
0.0066647152	0.99333525
0.035299312	0.9647007
0.016254311	0.9837457
0.07605979	0.9239402
0.064322956	0.9356771
0.02098154	0.97901845
0.0022203445	0.99777967
0.121006384	0.87899363
0.9957147	0.004285236
0.99780196	0.0021980016
0.993048	0.00695201
0.99817014	0.001829811
0.034900397	0.9650996
0.9468739	0.05312606
0.028771603	0.97122836
0.021030629	0.97896934
0.020635536	0.97936445
0.98454857	0.0154514415
0.021512205	0.9784878
0.9869811	0.013018897
0.077294774	0.9227052
0.018153902	0.98184603
0.7671497	0.23285031
0.0058022845	0.9941977
0.99604744	0.003952519
0.0030470341	0.996953
0.9981001	0.0018998942
0.99725217	0.0027477774
0.0024528515	0.9975471
0.9971071	0.0028928965
0.0042878333	0.99571216
0.0024540748	0.9975459
0.044731412	0.95526856
0.9963361	0.0036638966
0.9979122	0.0020877675
0.04873977	0.9512602
0.9957361	0.004263837
0.97604966	0.023950383
0.14218435	0.8578157
0.16991416	0.8300858
0.0048748003	0.99512523
0.13343474	0.8665652
0.9975509	0.002449094
0.0020158964	0.99798405
0.97744274	0.022557238
0.9973193	0.0026806924
0.013267668	0.9867323
0.084716454	0.9152836
0.9902452	0.00975475
0.059315898	0.94068414
0.022268862	0.97773117
0.021262918	0.9787371
0.9902126	0.0097873965
0.0023242084	0.99767584
0.99715567	0.002844385
0.99512213	0.004877896
0.002156492	0.9978435
0.99835193	0.001648137
0.085978515	0.9140215
0.9974674	0.0025326503
0.0026920957	0.9973079
0.0019806752	0.99801934
0.013817804	0.9861822
0.0023706001	0.99762946
0.9935776	0.0064223646
0.029592508	0.9704075
0.995455	0.0045450223
0.9973254	0.0026746055
0.7308717	0.26912835
0.99831784	0.0016821334
0.0018175961	0.9981824
0.987276	0.012723941
0.010296996	0.989703
0.052433256	0.9475667
0.17534241	0.82465756
0.0049011363	0.9950989
0.99733895	0.002661058
0.99744874	0.0025512788
0.86892104	0.13107893
0.995684	0.0043159807
0.09081593	0.9091841
0.0021650377	0.997835
0.008340403	0.9916596
0.99679226	0.0032077287
0.0023471753	0.9976528
0.038745075	0.9612549
0.07825864	0.92174137
0.673622	0.32637802
0.004025819	0.9959741
0.006322166	0.9936778
0.0030898787	0.99691015
0.027199484	0.97280055
0.0155811375	0.98441887
0.026890459	0.97310954
0.01857592	0.98142403
0.9979849	0.0020150766
0.014828702	0.9851714
0.0031589472	0.9968411
0.0017624777	0.9982375
0.9948068	0.0051931455
0.030830221	0.96916974
0.8778103	0.12218968
0.005001487	0.9949986
0.0032595852	0.9967404
0.10739647	0.8926036
0.9971546	0.0028453353
0.86934996	0.13065007
0.09017797	0.909822
0.011926288	0.98807365
0.9959785	0.004021458
0.9960193	0.0039806548
0.9929519	0.0070480634
0.0030522153	0.9969478
0.004614533	0.99538547
0.99819934	0.0018006465
0.021038093	0.9789619
0.006896238	0.9931037
0.005058791	0.99494123
0.99726486	0.0027351333
0.975144	0.024856057
0.9065908	0.09340919
0.0018814801	0.9981185
0.9858094	0.014190631
0.99775773	0.0022423167
0.00741201	0.992588
0.0030325311	0.9969675
0.0026686876	0.9973314
0.00617718	0.9938228
0.9907636	0.009236411
0.99824667	0.0017533771
0.27191558	0.7280844
0.99319917	0.0068007773
0.0021338246	0.9978662
0.0068681506	0.9931318
0.008849044	0.9911509
0.04716997	0.95283
0.9969291	0.0030709403
0.039823294	0.9601767
0.011099882	0.98890007
0.920953	0.07904702
0.004098841	0.99590117
0.08676163	0.9132384
0.0018775067	0.9981225
0.030897161	0.9691028
0.9813588	0.018641245
0.9842912	0.015708743
0.028732127	0.97126794
0.0035745744	0.99642545
0.004205402	0.99579465
0.9980659	0.0019341102
0.0023922701	0.9976077
0.056803863	0.9431961
0.8833999	0.11660013
0.0026192053	0.9973808
0.0056087226	0.99439126
0.98208827	0.017911732
0.0019699472	0.99803
0.0026854798	0.9973145
0.99200493	0.007995071
0.9980106	0.00198951
0.06004751	0.9399525
0.9965342	0.0034657447
0.028731817	0.9712682
0.027654963	0.972345
0.48707473	0.5129252
0.0044194376	0.9955805
0.28546947	0.71453047
0.99746966	0.002530406
0.52549744	0.47450253
0.0020335384	0.9979665
0.9984018	0.0015981536
0.99850875	0.0014912814
0.0022495985	0.99775034
0.024146771	0.9758532
0.99743724	0.0025626766
0.9911488	0.00885111
0.94703394	0.052966032
0.9973356	0.002664386
0.22128145	0.7787186
0.0038876366	0.9961124
0.99838555	0.0016144441
0.01963143	0.98036855
0.87717587	0.12282412
0.95682806	0.043171935
0.030907076	0.96909297
0.997895	0.002104939
0.004146665	0.9958533
0.0072461357	0.9927538
0.04448694	0.95551306
0.045614045	0.954386
0.009677215	0.99032277
0.67482775	0.32517225
0.0018066439	0.9981933
0.16207504	0.8379249
0.9834895	0.016510468
0.0027593928	0.99724054
0.033405732	0.9665943
0.002883169	0.9971168
0.0034017714	0.9965982
0.003961015	0.9960389
0.013932284	0.9860677
0.95729613	0.04270387
0.9942128	0.005787147
0.99595636	0.004043562
0.40580374	0.5941963
0.9972154	0.0027845928
0.009293258	0.99070674
0.0024937512	0.9975063
0.99655163	0.0034483743
0.08926567	0.9107343
0.10336071	0.89663935
0.99829954	0.0017004666
0.008110303	0.9918898
0.9969452	0.0030547816
0.99655837	0.0034415901
0.0019511043	0.9980489
0.036812615	0.9631874
0.96705407	0.03294596
0.0019865185	0.9980135
0.9982792	0.0017207616
0.006998256	0.99300176
0.92775095	0.07224908
0.008502697	0.99149734
0.002363737	0.9976363
0.0020775108	0.9979225
0.002862628	0.9971374
0.988144	0.011856019
0.003331646	0.9966684
0.00204041	0.9979596
0.9968862	0.0031138316
0.0071379817	0.99286205
0.002196603	0.9978034
0.37505588	0.6249441
0.99525154	0.0047484846
0.16934218	0.8306578
0.9950918	0.00490819
0.032027554	0.96797246
0.001766309	0.9982337
0.9887842	0.011215735
0.9766585	0.02334142
0.9935927	0.0064073512
0.7798589	0.22014114
0.9984738	0.0015261706
0.98754895	0.012451067
0.9759975	0.024002483
0.005863159	0.9941368
0.97810125	0.021898739
0.0039017808	0.99609816
0.013349927	0.98665005
0.005175734	0.9948243
0.98809296	0.011906984
0.9973116	0.0026883981
0.5341493	0.4658507
0.070077024	0.92992294
0.28809807	0.7119019
0.771633	0.22836691
0.002908824	0.9970912
0.21433274	0.7856672
0.0045977067	0.9954022
0.9975587	0.0024412724
0.0029827536	0.99701726
0.994356	0.005643985
0.99824464	0.0017553219
0.0039504846	0.9960496
0.91943693	0.08056302
0.99716175	0.002838335
0.995374	0.0046260236
0.0047402657	0.9952597
0.9976138	0.0023862612
0.9900961	0.009903907
0.003034989	0.996965
0.99798834	0.002011656
0.01691512	0.98308486
0.99535614	0.0046438514
0.9970196	0.0029803496
0.996931	0.0030690609
0.0019372451	0.9980628
0.09267567	0.9073243
0.012738553	0.9872614
0.0025664356	0.9974336
0.9965121	0.0034879262
0.27691713	0.72308284
0.09779562	0.9022044
0.019256625	0.98074335
0.354198	0.64580196
0.38249376	0.6175062
0.0074946736	0.9925053
0.9935875	0.0064125257
0.015414635	0.98458534
0.992871	0.0071290657
0.002150369	0.9978497
0.0023728453	0.9976272
0.99706644	0.0029335315
0.05923022	0.9407698
0.99634093	0.0036589927
0.99751955	0.0024803893
0.07284342	0.9271566
0.041322775	0.95867723
0.9945749	0.005425054
0.8838187	0.11618134
0.0036539638	0.99634606
0.01698284	0.9830171
0.9953367	0.0046632565
0.05632212	0.94367784
0.9731756	0.026824392
0.99832135	0.001678589
0.0030094802	0.99699044
0.02559781	0.9744022
0.97765505	0.022344986
0.04131472	0.9586852
0.017591398	0.9824086
0.0039926725	0.9960074
0.13691086	0.8630891
0.96549517	0.034504887
0.10995691	0.8900431
0.05425292	0.9457471
0.99608237	0.003917644
0.25070316	0.7492969
0.0025389001	0.9974611
0.0058941185	0.9941058
0.99613035	0.0038695857
0.9951912	0.0048088008
0.0023164393	0.9976835
0.0047438354	0.9952561
0.04359795	0.95640206
0.08297147	0.9170285
0.9924225	0.007577445
0.0092327865	0.9907672
0.9948462	0.0051538013
0.026352184	0.97364783
0.99569124	0.0043087513
0.9971988	0.0028011387
0.7917839	0.20821606
0.9579669	0.04203306
0.99641645	0.0035835395
0.9977192	0.0022806905
0.9970573	0.0029427481
0.9983341	0.0016658556
0.99771583	0.0022841652
0.99281365	0.0071863537
0.91314876	0.08685131
0.08121335	0.9187867
0.9911088	0.008891217
0.0039279885	0.99607205
0.009471516	0.9905284
0.023980912	0.9760191
0.9974859	0.0025141288
0.0018704544	0.99812955
0.9914095	0.008590487
0.78133756	0.21866247
0.99685043	0.0031495162
0.0033399502	0.9966601
0.99845135	0.0015486829
0.001777546	0.9982224
0.040545147	0.9594549
0.005805685	0.9941943
0.13142183	0.86857814
0.9814047	0.018595302
0.997644	0.0023560263
0.0037779736	0.996222
0.99830073	0.0016993281
0.9946859	0.00531408
0.99801093	0.001989066
0.99251735	0.007482581
0.97174305	0.028256943
0.0020403555	0.9979596
0.9980386	0.0019614424
0.8163747	0.1836253
0.1365697	0.8634303
0.9982778	0.0017222498
0.9878912	0.01210882
0.98415977	0.01584017
0.0047256704	0.9952743
0.9978065	0.0021935585
0.99790657	0.002093446
0.00204525	0.9979547
0.99585587	0.004144134
0.0020717583	0.99792826
0.9813607	0.018639324
0.9973585	0.0026414215
0.96546656	0.03453343
0.23260579	0.76739424
0.99799037	0.0020096959
0.99722725	0.0027726893
0.836182	0.16381796
0.97817916	0.02182086
0.003708373	0.99629164
0.0021123358	0.9978877
0.09665702	0.90334296
0.04489151	0.95510846
0.014463627	0.9855364
0.003948616	0.9960514
0.99748296	0.0025170124
0.9970193	0.0029807037
0.9976903	0.0023096919
0.016121823	0.98387814
0.004165965	0.995834
0.0032569976	0.996743
0.0019215214	0.99807847
0.058691036	0.9413089
0.0022944661	0.9977055
0.32268906	0.67731094
0.9973476	0.0026524034
0.0018149354	0.9981851
0.0023161022	0.9976839
0.9976915	0.0023084877
0.013446131	0.98655385
0.99597293	0.0040270616
0.9852823	0.014717657
0.9946056	0.005394426
0.0020309782	0.997969
0.9342245	0.06577551
0.16362487	0.8363751
0.99218845	0.0078115
0.996534	0.0034659985
0.009344613	0.99065536
0.0053449213	0.99465513
0.0019509986	0.998049
0.0020868082	0.9979132
0.9982509	0.0017490741
0.99790895	0.0020910772
0.004574466	0.9954255
0.44951552	0.5504845
0.02479266	0.9752074
0.003142464	0.9968575
0.9798871	0.020112805
0.15180573	0.84819424
0.0040681283	0.9959319
0.9958182	0.004181839
0.0022713102	0.99772865
0.98569006	0.014309899
0.9882406	0.011759414
0.032912526	0.9670875
0.003956828	0.9960432
0.942225	0.057775076
0.6864976	0.31350243
0.99802774	0.001972209
0.9926388	0.007361239
0.99648994	0.0035100318
0.99559444	0.004405608
0.004660968	0.99533904
0.99222386	0.0077761346
0.99700934	0.0029906454
0.0040742178	0.9959258
0.0022170679	0.997783
0.9979449	0.0020551358
0.99182725	0.008172815
0.024770783	0.97522926
0.9917277	0.008272361
0.04565134	0.9543486
0.043713648	0.9562864
0.9952354	0.004764665
0.99358386	0.006416124
0.95835197	0.041648045
0.07796321	0.9220368
0.9858592	0.014140837
0.99797004	0.002029933
0.8739278	0.12607226
0.004475067	0.99552494
0.0022903285	0.99770963
0.057124894	0.9428751
0.9956055	0.004394403
0.9713461	0.02865385
0.98096496	0.019035036
0.056461856	0.9435381
0.99624544	0.003754493
0.008716784	0.9912832
0.99792993	0.0020701236
0.9964965	0.003503552
0.23052765	0.7694724
0.9970571	0.0029429188
0.0032763984	0.9967236
0.0021558725	0.9978441
0.0026925732	0.9973074
0.0025275887	0.99747235
0.9408576	0.05914245
0.99527174	0.0047282097
0.99368876	0.006311266
0.019319946	0.9806801
0.27250254	0.72749746
0.0023073612	0.9976927
0.0019023248	0.9980977
0.14449304	0.855507
0.9963385	0.0036615508
0.009752723	0.99024725
0.9984347	0.0015652484
0.99684995	0.0031500312
0.99032193	0.0096781105
0.007865089	0.9921349
0.992292	0.0077080964
0.07199125	0.92800874
0.996673	0.0033269718
0.016888892	0.98311114
0.010624725	0.98937523
0.25774732	0.7422527
0.93738306	0.062616915
0.62821287	0.3717872
0.23868585	0.76131415
0.9523509	0.047649093
0.035743393	0.9642566
0.97264695	0.027353058
0.98602307	0.013976881
0.99843055	0.0015694759
0.021427926	0.97857213
0.9985135	0.0014864921
0.99736327	0.002636682
0.0071878172	0.9928122
0.105269305	0.8947306
0.014289206	0.9857108
0.9981793	0.0018207169
0.99800795	0.0019920506
0.9974905	0.0025095316
0.004127879	0.9958721
0.9970835	0.0029164858
0.037147418	0.96285266
0.9917977	0.008202316
0.99544597	0.004554016
0.26647347	0.7335265
0.0019040692	0.9980959
0.052199516	0.9478005
0.0017804089	0.99821955
0.99453366	0.005466329
0.9907816	0.009218385
0.0021606807	0.99783933
0.09871904	0.901281
0.96312416	0.03687586
0.003082404	0.9969176
0.0017593529	0.9982406
0.004065857	0.9959341
0.40061954	0.5993805
0.9968424	0.0031576396
0.0023205956	0.9976794
0.989997	0.010002968
0.0021414815	0.99785846
0.98916316	0.010836892
0.9930328	0.006967223
0.0055921464	0.9944079
0.9978116	0.0021883994
0.9931137	0.0068863365
0.005035889	0.9949641
0.011296799	0.98870325
0.995227	0.0047730426
0.9982305	0.001769544
0.003458322	0.9965417
0.9963483	0.0036516902
0.10164531	0.8983547
0.0019629344	0.99803704
0.99821776	0.001782164
0.997512	0.0024879836
0.0019126805	0.99808735
0.99481416	0.005185822
0.0018626163	0.99813735
0.9983015	0.0016984523
0.9976426	0.002357419
0.03285471	0.96714526
0.0019065784	0.9980934
0.080969095	0.9190309
0.013331381	0.9866686
0.0021178368	0.9978822
0.064766124	0.93523383
0.010408913	0.98959106
0.0139321275	0.98606795
0.9954	0.004600017
0.78250694	0.2174931
0.98220485	0.017795129
0.9190394	0.08096051
0.9959203	0.0040797284
0.033734903	0.9662651
0.0057837465	0.9942162
0.017464891	0.9825351
0.9983847	0.0016153299
0.0049079526	0.99509203
0.006755342	0.9932447
0.9690314	0.030968618
0.99834883	0.001651198
0.013486516	0.98651344
0.99746203	0.0025379062
0.002534557	0.9974655
0.6763091	0.32369095
0.009473714	0.9905263
0.9975055	0.0024944793
0.99820983	0.0017901508
0.046229858	0.95377016
0.013461789	0.9865382
0.9965809	0.0034190787
0.004095998	0.995904
0.037164982	0.9628351
0.80626976	0.19373028
0.98670375	0.013296303
0.9963862	0.0036138473
0.055670206	0.9443298
0.9730069	0.026993014
0.97609884	0.023901168
0.99291503	0.0070849373
0.96379447	0.036205474
0.0018883483	0.9981116
0.99733424	0.0026657777
0.005099806	0.99490017
0.0020968285	0.9979032
0.9925659	0.0074341656
0.0019188958	0.9980811
0.0036931478	0.9963069
0.018460995	0.98153895
0.99753237	0.0024676109
0.9983829	0.0016170625
0.99247277	0.0075272336
0.0704972	0.9295027
0.10252545	0.8974745
0.9929765	0.007023432
0.011386074	0.98861396
0.14851503	0.851485
0.02002273	0.97997725
0.103633046	0.89636695
0.9978212	0.00217884
0.017206647	0.98279333
0.9947694	0.005230553
0.0024395497	0.9975605
0.9322832	0.067716785
0.99627894	0.0037210048
0.99721175	0.002788247
0.029169297	0.9708307
0.006322813	0.9936772
0.99720323	0.0027968413
0.9963026	0.0036974032
0.99672073	0.0032792839
0.9965078	0.0034921516
0.9976332	0.0023668243
0.006607989	0.99339193
0.19742873	0.80257124
0.010863241	0.9891368
0.0025396128	0.99746037
0.007898536	0.9921015
0.99605983	0.0039401785
0.015812883	0.9841871
0.99839884	0.0016011137
0.9729443	0.027055692
0.99243104	0.007568898
0.9969074	0.003092625
0.0027675799	0.9972324
0.011830032	0.9881699
0.008976058	0.9910239
0.954846	0.045153935
0.0032426296	0.9967573
0.10008669	0.89991325
0.98569274	0.014307263
0.9205957	0.07940424
0.9709916	0.029008357
0.0049010785	0.9950989
0.9984291	0.0015708191
0.003233617	0.9967663
0.9684742	0.03152578
0.99839395	0.0016060024
0.9983771	0.0016229554
0.003453054	0.9965469
0.991672	0.008328002
0.95928764	0.040712345
0.044642687	0.95535725
0.9954792	0.0045207534
0.04704847	0.9529515
0.011224009	0.98877597
0.0040592006	0.9959408
0.09818898	0.901811
0.9920426	0.007957355
0.9953755	0.004624505
0.0018009498	0.99819905
0.99398464	0.006015399
0.072488196	0.9275118
0.25736558	0.7426344
0.0060730046	0.99392706
0.9984084	0.0015915941
0.02715609	0.9728439
0.6120503	0.38794973
0.0019425971	0.9980574
0.9944185	0.005581487
0.11738804	0.882612
0.9911543	0.008845717
0.9629341	0.037065916
0.06649797	0.933502
0.0048384154	0.9951616
0.0027854485	0.9972146
0.9967836	0.0032163695
0.99716884	0.0028311235
0.45708522	0.5429148
0.06698815	0.9330119
0.004813856	0.99518615
0.0018599002	0.9981401
0.020841444	0.9791586
0.9956599	0.0043400857
0.9972907	0.0027092483
0.038062263	0.9619377
0.14518431	0.85481566
0.013870024	0.98612994
0.022569828	0.9774302
0.9391927	0.0608073
0.998237	0.0017629493
0.0070298696	0.99297017
0.0121377045	0.98786235
0.99596244	0.0040375637
0.26920298	0.730797
0.00720874	0.9927913
0.012073136	0.9879269
0.9981565	0.0018434689
0.002627082	0.99737287
0.064970106	0.9350299
0.022630444	0.9773695
0.05306893	0.9469311
0.998396	0.0016039731
0.9975873	0.002412695
0.023377204	0.9766228
0.079326145	0.9206739
0.16151418	0.83848584
0.002762523	0.99723744
0.14951937	0.8504807
0.09204406	0.907956
0.0019931186	0.9980069
0.9972057	0.002794265
0.99819773	0.0018022724
0.003321771	0.99667823
0.9893707	0.010629349
0.9981838	0.0018161511
0.0024050472	0.9975949
0.986241	0.013758966
0.98333955	0.016660431
0.33257854	0.66742146
0.8974664	0.1025336
0.9984763	0.0015236367
0.024708131	0.97529185
0.9970337	0.0029662987
0.0023436318	0.99765635
0.0019574687	0.99804246
0.0026560184	0.99734396
0.0019419037	0.998058
0.9847125	0.015287521
0.004433109	0.9955669
0.9972914	0.0027086302
0.99789125	0.0021087364
0.9789588	0.021041231
0.00897941	0.9910206
0.9900233	0.009976744
0.006631714	0.9933683
0.0020525027	0.9979475
0.7343444	0.2656556
0.002668398	0.9973316
0.0047105425	0.99528944
0.0019328751	0.9980671
0.99665666	0.0033432753
0.0043143844	0.9956856
0.001805657	0.9981944
0.9914533	0.00854671
0.9248481	0.075151905
0.0025234637	0.9974765
0.97768867	0.022311324
0.99843556	0.0015644373
0.14950033	0.8504997
0.0025597517	0.9974402
0.99428445	0.005715503
0.98312056	0.016879482
0.013068889	0.986931
0.99414575	0.0058541885
0.991281	0.0087190885
0.011666572	0.9883334
0.99605465	0.0039453804
0.029998656	0.9700013
0.9746208	0.025379164
0.31884515	0.6811548
0.7638117	0.23618823
0.9929483	0.0070516784
0.9980227	0.001977357
0.0020967557	0.9979032
0.0024534003	0.9975466
0.99832326	0.0016767333
0.9982779	0.0017221385
0.98196423	0.018035842
0.0042365976	0.9957634
0.008828342	0.99117166
0.008141839	0.9918582
0.07623485	0.9237652
0.017738719	0.9822613
0.9953928	0.004607258
0.9914336	0.008566438
0.0017380656	0.998262
0.038512763	0.96148723
0.9642229	0.035777137
0.9976037	0.0023963342
0.017524518	0.9824755
0.98934734	0.01065262
0.9945404	0.0054596136
0.8005101	0.19948986
0.99711823	0.0028817533
0.99767333	0.0023266377
0.0030708413	0.9969292
0.016210157	0.98378986
0.994551	0.005448946
0.19963777	0.8003622
0.9708671	0.029132955
0.839272	0.160728
0.9967818	0.0032181344
0.16674006	0.83325994
0.003925672	0.9960743
0.0019996813	0.9980003
0.015998742	0.9840013
0.8045949	0.19540516
0.9917909	0.00820917
0.017792577	0.98220736
0.04090388	0.9590962
0.98920876	0.010791295
0.0018586497	0.9981413
0.0028806587	0.9971193
0.014790744	0.9852093
0.025570467	0.9744296
0.0022824057	0.9977176
0.97843057	0.021569345
0.0035839563	0.996416
0.004681427	0.9953186
0.94065756	0.059342515
0.006027488	0.9939725
0.99582493	0.004175047
0.99775594	0.0022441256
0.0052907867	0.99470925
0.05433109	0.9456689
0.9976265	0.0023735191
0.011053318	0.98894674
0.9981487	0.0018513297
0.9890589	0.010941057
0.98169327	0.018306708
0.0023747368	0.9976253
0.009871673	0.99012834
0.9941491	0.0058508697
0.031520303	0.9684797
0.0038533239	0.9961467
0.17191319	0.8280868
0.0023166996	0.9976833
0.8431782	0.15682177
0.453076	0.546924
0.0023236047	0.99767643
0.9485025	0.05149749
0.17488678	0.82511324
0.01963321	0.98036677
0.99762684	0.0023731536
0.018092936	0.98190707
0.9887933	0.011206654
0.0019497565	0.9980502
0.9940335	0.0059665246
0.13988057	0.8601194
0.9971976	0.002802311
0.997494	0.0025060244
0.9715859	0.028414028
0.95116115	0.04883888
0.0019520274	0.99804795
0.99584574	0.0041542565
0.10404083	0.8959592
0.021083051	0.978917
0.9498011	0.050198875
0.002016978	0.997983
0.99672	0.0032799602
0.6472332	0.3527668
0.99379057	0.006209494
0.12980433	0.8701957
0.024079591	0.97592044
0.011214106	0.98878586
0.0021738952	0.99782604
0.092644416	0.9073556
0.0021734817	0.9978265
0.99151963	0.008480382
0.0066598402	0.9933402
0.9983897	0.0016102791
0.012359815	0.9876402
0.9976661	0.0023339144
0.017456776	0.98254323
0.0067651323	0.9932348
0.007831635	0.99216837
0.00391379	0.99608624
0.014157963	0.98584205
0.34241688	0.6575831
0.0032681387	0.9967319
0.16403162	0.8359684
0.964659	0.035340987
0.044896826	0.95510316
0.0043031047	0.9956969
0.044789806	0.95521015
0.9947693	0.0052307094
0.9954265	0.0045735864
0.027139228	0.9728608
0.0023978231	0.99760216
0.06490379	0.9350962
0.015443978	0.98455596
0.0021426925	0.9978573
0.0020213865	0.9979786
0.059552625	0.94044733
0.0031748584	0.9968252
0.99723804	0.002761882
0.0049519152	0.9950481
0.97244406	0.027555935
0.9957787	0.0042212927
0.9843173	0.015682673
0.039915107	0.96008486
0.9980907	0.001909266
0.0019276718	0.99807227
0.0039454387	0.99605453
0.027564272	0.9724357
0.030802585	0.9691974
0.0036412957	0.9963587
0.98014426	0.019855727
0.0032499153	0.9967501
0.086912215	0.9130878
0.9981762	0.0018237854
0.0022532535	0.99774677
0.9972675	0.0027325724
0.99133354	0.008666435
0.002041555	0.9979584
0.96392936	0.036070663
0.22404629	0.7759537
0.02040577	0.97959423
0.0021316877	0.9978683
0.002330402	0.99766964
0.0027076178	0.99729234
0.08961621	0.9103838
0.9952341	0.0047658905
0.9976695	0.0023304706
0.030879635	0.9691204
0.99668306	0.003316871
0.006991737	0.99300826
0.9878468	0.012153248
0.97771806	0.022281952
0.9957616	0.0042383876
0.9410868	0.058913168
0.0021915722	0.9978084
0.001958886	0.9980411
0.048378423	0.9516216
0.89384925	0.10615071
0.0055195405	0.9944805
0.0025336656	0.9974663
0.0021493668	0.99785066
0.9966773	0.003322766
0.9946694	0.005330609
0.987603	0.012396971
0.0021150615	0.9978849
0.8323252	0.16767478
0.99833006	0.0016699608
0.0032521158	0.99674785
0.0025092736	0.99749076
0.99147415	0.008525801
0.0113317	0.98866826
0.39095953	0.6090405
0.003633467	0.9963665
0.018033443	0.9819665
0.9977927	0.0022073141
0.0020876036	0.99791235
0.0043003107	0.99569976
0.049951993	0.95004797
0.07134947	0.92865056
0.9965335	0.00346643
0.993648	0.006351945
0.007844232	0.9921558
0.0035362893	0.9964637
0.9920541	0.007945861
0.9534054	0.04659455
0.0056816307	0.9943184
0.004137716	0.99586225
0.0061416044	0.9938584
0.01457566	0.98542434
0.99780864	0.002191401
0.9983878	0.0016121599
0.9976882	0.0023118663
0.13903894	0.8609611
0.95463276	0.045367308
0.91033244	0.08966756
0.15296893	0.8470311
0.98806703	0.011933022
0.0024250294	0.997575
0.9751687	0.024831312
0.04723441	0.9527655
0.99139273	0.008607309
0.9960516	0.0039483644
0.89524466	0.10475532
0.9965753	0.0034246708
0.991271	0.008729035
0.002363813	0.9976362
0.9970018	0.002998179
0.9976017	0.0023983275
0.063728705	0.9362713
0.0032556525	0.9967443
0.9982504	0.0017495854
0.9973022	0.0026977907
0.99509025	0.0049096737
0.9978853	0.0021147314
0.99769944	0.0023006094
0.013200989	0.98679906
0.996179	0.0038210682
0.52176493	0.4782351
0.26010925	0.7398907
0.008670533	0.99132943
0.98966974	0.0103302095
0.9951544	0.0048456346
0.98352283	0.016477207
0.12730797	0.872692
0.99847394	0.0015260726
0.0025258195	0.99747413
0.003291338	0.99670863
0.9826082	0.01739176
0.9883482	0.01165184
0.0019355871	0.99806446
0.010367369	0.9896326
0.007410691	0.99258924
0.0106662195	0.9893338
0.99731594	0.0026840856
0.008960623	0.99103934
0.0024656514	0.9975343
0.9971534	0.0028465996
0.046028994	0.953971
0.92290914	0.077090874
0.9957695	0.0042304886
0.99473995	0.005260124
0.0042318967	0.9957681
0.99698645	0.0030135869
0.8685344	0.13146564
0.91233975	0.08766032
0.0022421232	0.99775785
0.99789655	0.0021034752
0.99804914	0.0019508033
0.9979697	0.0020302439
0.002213122	0.9977869
0.051373247	0.94862676
0.004487699	0.9955123
0.9936985	0.0063015367
0.96289206	0.03710791
0.118107975	0.881892
0.9408776	0.059122395
0.70781857	0.2921814
0.683729	0.31627098
0.008921674	0.9910783
0.002784225	0.99721575
0.09200741	0.90799266
0.009072019	0.990928
0.9984237	0.0015762947
0.013656585	0.9863434
0.99847144	0.0015285735
0.038712952	0.961287
0.99842334	0.0015766647
0.09049623	0.90950376
0.0048228926	0.99517715
0.9513643	0.04863574
0.009502592	0.9904974
0.995174	0.0048260265
0.9969505	0.0030494174
0.984194	0.015806075
0.7857543	0.21424566
0.9923579	0.007642094
0.97441643	0.025583498
0.010670396	0.98932964
0.9902642	0.009735772
0.0669743	0.93302566
0.9897719	0.01022807
0.9971131	0.0028868977
0.9983259	0.0016741331
0.037769888	0.96223015
0.0032905687	0.99670947
0.8996303	0.10036967
0.0023220177	0.997678
0.99666315	0.0033368117
0.9944406	0.0055593783
0.9973847	0.0026152867
0.0032570567	0.996743
0.002893788	0.99710625
0.0019008114	0.99809915
0.0058003156	0.99419975
0.99537474	0.0046252394
0.008104609	0.9918954
0.99729687	0.0027031808
0.2784958	0.72150415
0.0031033459	0.9968966
0.006651779	0.9933482
0.15684041	0.84315956
0.002333841	0.99766624
0.010127084	0.98987293
0.020795826	0.9792042
0.044190027	0.95581
0.99845445	0.0015455378
0.0037221895	0.99627775
0.995659	0.0043410254
0.7617264	0.23827355
0.99699914	0.0030009171
0.008571737	0.9914282
0.0040127165	0.99598724
0.9939498	0.0060502603
0.016732562	0.98326737
0.995342	0.0046579693
0.99522984	0.004770135
0.9688109	0.031189067
0.0020101597	0.9979899
0.99726844	0.0027315589
0.015967235	0.9840328
0.012847482	0.9871525
0.99634355	0.0036563945
0.0020195271	0.99798054
0.9951593	0.004840639
0.9565962	0.043403856
0.23983192	0.7601681
0.91953206	0.0804679
0.014869661	0.9851303
0.04928995	0.95071006
0.004670894	0.99532914
0.9909065	0.009093562
0.9965669	0.0034331032
0.06999729	0.93000275
0.9905716	0.00942836
0.9972818	0.0027182407
0.9969759	0.0030241408
0.00707615	0.99292386
0.0032928304	0.99670714
0.0035372386	0.99646276
0.99636143	0.0036385597
0.9841129	0.015887115
0.04163298	0.95836705
0.0053174607	0.9946825
0.9861226	0.013877324
0.0035571472	0.99644285
0.99634093	0.0036590607
0.027987173	0.9720129
0.0049395384	0.9950604
0.13334787	0.8666522
0.0057681305	0.9942319
0.00644029	0.9935597
0.99779797	0.0022020661
0.9978739	0.0021260402
0.045731388	0.95426863
0.9804882	0.019511836
0.009578113	0.9904219
0.02249243	0.97750753
0.9871976	0.0128023485
0.002123045	0.997877
0.04342409	0.9565759
0.009029171	0.99097085
0.99634725	0.0036527677
0.6140439	0.38595614
0.0021137877	0.99788624
0.9855333	0.01446674
0.0031662183	0.99683374
0.4367804	0.56321967
0.020346206	0.9796538
0.0027474652	0.9972525
0.006505524	0.99349445
0.0018449156	0.99815506
0.087456055	0.91254395
0.08769033	0.91230965
0.9964779	0.0035220843
0.0018251141	0.9981749
0.10283548	0.8971646
0.99754876	0.0024511802
0.0026720448	0.9973279
0.98658586	0.013414091
0.9977822	0.0022178297
0.99796426	0.0020357857
0.016149381	0.98385066
0.9967264	0.003273575
0.9891221	0.0108778635
0.0037296289	0.9962703
0.9930212	0.0069788643
0.114041895	0.8859581
0.99657214	0.00342788
0.9812182	0.018781839
0.017980693	0.98201925
0.05004038	0.94995964
0.99680114	0.0031989038
0.001807912	0.99819213
0.00215207	0.9978479
0.9970427	0.0029572698
0.99517703	0.004822993
0.10955467	0.89044535
0.9984732	0.0015267141
0.9868798	0.013120141
0.8740356	0.12596442
0.9902586	0.009741457
0.00421727	0.99578273
0.9976809	0.0023190682
0.8500911	0.14990889
0.9975501	0.0024499227
0.001854538	0.99814546
0.0023076488	0.99769235
0.030577568	0.9694224
0.004811273	0.9951887
0.99717075	0.0028292937
0.0038425366	0.99615747
0.99743205	0.0025679057
0.0022234812	0.99777657
0.998178	0.0018219901
0.0019878016	0.9980122
0.9618561	0.038143914
0.0049262894	0.99507374
0.99111617	0.008883884
0.0032049029	0.9967951
0.99812895	0.0018710821
0.17426631	0.8257337
0.0042123664	0.9957877
0.0036061325	0.99639386
0.9979876	0.0020123406
0.0018989615	0.99810106
0.017286286	0.9827137
0.0536608	0.9463392
0.99832624	0.0016737411
0.0033627062	0.9966372
0.99641377	0.0035862166
0.87905085	0.120949134
0.9913421	0.008657918
0.0032720696	0.99672794
0.9975012	0.0024988332
0.9981476	0.0018523679
0.98138416	0.018615842
0.0019452651	0.99805474
0.049182627	0.95081735
0.99717027	0.0028297077
0.89053047	0.10946959
0.020698147	0.97930187
0.044100735	0.9558993
0.0043397336	0.99566025
0.9944965	0.005503456
0.013338821	0.98666114
0.036273576	0.9637264
0.0023603837	0.99763966
0.029430961	0.9705691
0.9712596	0.028740402
0.0019192063	0.99808085
0.9965491	0.0034508232
0.996669	0.0033310507
0.002511824	0.99748814
0.0731011	0.92689884
0.9980714	0.0019287053
0.007791462	0.9922085
0.99369615	0.006303818
0.9113554	0.088644646
0.00480957	0.9951904
0.81790787	0.1820921
0.9950806	0.0049194167
0.06521758	0.9347825
0.99771	0.0022899515
0.0021219845	0.9978781
0.9913374	0.008662527
0.98966354	0.010336442
0.0023722483	0.9976278
0.99681324	0.0031867782
0.012850317	0.98714966
0.99702567	0.002974385
0.9384082	0.0615918
0.93908405	0.060915936
0.99832314	0.0016768753
0.0022798055	0.9977202
0.99573576	0.004264177
0.99727124	0.002728791
0.037577182	0.9624228
0.9969662	0.0030338578
0.0025098897	0.99749017
0.008022999	0.99197704
0.9983839	0.0016161036
0.063422136	0.9365779
0.99355906	0.0064409273
0.007203084	0.99279696
0.0021356854	0.9978643
0.0025153393	0.9974847
0.009067193	0.9909328
0.005126277	0.9948737
0.069538444	0.9304616
0.0020497618	0.99795026
0.0022936282	0.9977063
0.99451077	0.005489246
0.0023194577	0.99768054
0.006902118	0.99309784
0.87251943	0.1274805
0.016592626	0.9834073
0.99072427	0.009275784
0.0021544637	0.99784553
0.0022957548	0.9977042
0.9980684	0.0019316375
0.99509215	0.0049078595
0.99271727	0.0072827563
0.9561522	0.043847766
0.0084712375	0.99152875
0.51379114	0.48620886
0.0049518	0.9950482
0.016939607	0.9830604
0.002189073	0.9978109
0.9966543	0.0033456704
0.0019219193	0.9980781
0.005464375	0.9945357
0.94962347	0.05037658
0.99850816	0.001491795
0.9908793	0.009120646
0.9970131	0.002986863
0.99700004	0.0029998927
0.03642574	0.9635743
0.9974789	0.0025211195
0.91493946	0.08506056
0.0018129806	0.998187
0.0023037964	0.9976962
0.006130867	0.9938691
0.9947061	0.0052939444
0.9760869	0.023913106
0.9959794	0.0040205587
0.99691355	0.0030864358
0.9876131	0.012386876
0.08633521	0.9136648
0.5460179	0.45398208
0.99382293	0.0061770156
0.99686086	0.003139102
0.8557667	0.14423326
0.99677855	0.0032215167
0.98938274	0.01061728
0.96439546	0.03560451
0.0019928413	0.9980071
0.98768765	0.012312408
0.32665896	0.67334104
0.88932776	0.11067223
0.06077802	0.9392219
0.9976204	0.002379638
0.048777804	0.95122224
0.9969921	0.0030078527
0.9847552	0.015244727
0.003709217	0.9962908
0.0031838678	0.9968161
0.011357489	0.9886425
0.029934175	0.9700658
0.0042355675	0.9957644
0.0030706106	0.99692947
0.0024665336	0.99753344
0.004524809	0.99547523
0.997867	0.0021329925
0.009218146	0.99078184
0.9984693	0.0015306677
0.8807138	0.11928616
0.12059354	0.87940645
0.0020644472	0.99793553
0.0057742186	0.9942258
0.99619836	0.0038016327
0.96372586	0.036274195
0.0021524797	0.99784756
0.8921878	0.107812226
0.9977204	0.0022795692
0.0027809383	0.9972191
0.04598863	0.9540114
0.042670824	0.95732915
0.023040978	0.97695905
0.27362698	0.726373
0.99841595	0.0015840122
0.15028667	0.8497133
0.05212643	0.94787353
0.0049546454	0.9950453
0.994234	0.005765962
0.9983987	0.0016012844
0.99355936	0.0064405915
0.91591656	0.0840834
0.9760429	0.023957016
0.0020790773	0.99792093
0.98914427	0.010855783
0.9950364	0.0049635596
0.9981502	0.001849836
0.9966588	0.003341147
0.9753248	0.024675203
0.027875755	0.9721243
0.0017729602	0.99822706
0.007077504	0.9929224
0.0179916	0.98200834
0.0049105147	0.9950895
0.9916813	0.00831874
0.004075248	0.9959247
0.0031137457	0.9968862
0.017535621	0.9824644
0.98906773	0.01093228
0.012315956	0.9876841
0.98131174	0.018688286
0.98956877	0.010431265
0.9870833	0.012916703
0.7115047	0.2884953
0.9972408	0.00275927
0.9979759	0.002024099
0.0033184353	0.9966815
0.99260837	0.0073915506
0.0022755263	0.9977245
0.99704605	0.002953965
0.0045637065	0.99543625
0.9949851	0.0050148694
0.9982426	0.0017574464
0.99355936	0.006440641
0.99371886	0.0062810797
0.0048890375	0.9951109
0.21850732	0.78149265
0.9960731	0.0039269384
0.99211204	0.007887938
0.99436295	0.0056370446
0.02859983	0.9714002
0.85488963	0.14511035
0.0020344958	0.9979656
0.9982753	0.0017246796
0.9948184	0.0051816097
0.98936707	0.01063297
0.99411184	0.005888162
0.19562186	0.80437815
0.91939837	0.080601655
0.0336204	0.96637964
0.024214994	0.975785
0.004670127	0.99532986
0.99785054	0.0021494443
0.043734375	0.9562656
0.0020031824	0.99799675
0.99653023	0.0034697754
0.1696763	0.83032364
0.98996836	0.010031559
0.002164535	0.99783546
0.0024126836	0.9975873
0.9963096	0.003690357
0.0053518927	0.99464816
0.9982278	0.0017722921
0.996002	0.0039980006
0.0018076806	0.99819237
0.99773055	0.0022694794
0.046571042	0.9534289
0.99502194	0.004978057
0.99776995	0.0022300356
0.995786	0.0042139348
0.0021087946	0.99789125
0.008216277	0.99178374
0.81401455	0.18598546
0.960062	0.039938048
0.010692264	0.9893077
0.001758586	0.9982414
0.42261404	0.57738596
0.9961779	0.0038221062
0.9856602	0.0143397795
0.006305843	0.9936941
0.017407754	0.9825922
0.99354506	0.0064549367
0.51426536	0.48573464
0.049943276	0.9500568
0.003522496	0.99647754
0.0025609732	0.997439
0.0025612216	0.9974388
0.99838567	0.0016143789
0.005649275	0.9943507
0.9973219	0.002678066
0.12167775	0.87832224
0.9975924	0.002407529
0.9967534	0.0032466336
0.9983615	0.0016385004
0.98785686	0.012143062
0.9960576	0.0039423946
0.9979569	0.0020431555
0.0026423414	0.99735767
0.0031349196	0.9968651
0.97889555	0.021104496
0.05424891	0.94575113
0.99739206	0.0026078618
0.9967643	0.003235674
0.0026631774	0.9973368
0.004054413	0.99594563
0.0021055178	0.99789447
0.99778444	0.002215543
0.99722016	0.0027798354
0.26155767	0.7384423
0.0052041984	0.99479586
0.9288378	0.071162246
0.99800414	0.0019959093
0.006728035	0.993272
0.0020609794	0.99793905
0.0026212493	0.9973788
0.13362557	0.86637443
0.0040836493	0.9959163
0.9953566	0.0046434104
0.9780593	0.021940777
0.0020852755	0.99791473
0.0019334566	0.9980666
0.023058824	0.97694117
0.9981067	0.0018932212
0.99503076	0.0049692285
0.013850446	0.98614955
0.68060434	0.31939563
0.021798154	0.97820187
0.976147	0.023852972
0.09654137	0.90345865
0.0052522826	0.9947477
0.0044055427	0.99559444
0.99803203	0.00196793
0.8934074	0.10659255
0.99829656	0.0017034449
0.9560929	0.04390714
0.005412914	0.99458706
0.9979482	0.0020518117
0.9984232	0.0015767922
0.0023573134	0.9976427
0.99766797	0.002331981
0.010086058	0.98991394
0.07227463	0.9277254
0.009058285	0.9909417
0.005630113	0.9943699
0.9975413	0.0024587684
0.99850756	0.0014924065
0.99673355	0.0032664554
0.059554856	0.9404451
0.08745294	0.91254705
0.00518472	0.9948153
0.08804937	0.91195065
0.24809101	0.751909
0.9978034	0.0021966333
0.0063189976	0.99368095
0.0023231138	0.9976769
0.0054344945	0.9945655
0.07028849	0.92971146
0.06374441	0.93625563
0.9915394	0.008460542
0.0075844633	0.99241555
0.0024377448	0.9975623
0.019971203	0.98002875
0.0029382468	0.9970618
0.94451535	0.055484693
0.9567029	0.043297086
0.020492641	0.9795074
0.9973392	0.0026608228
0.008408214	0.9915918
0.002016857	0.9979831
0.00329315	0.9967069
0.99804986	0.0019501947
0.9921096	0.007890401
0.004720143	0.9952799
0.0022686159	0.9977314
0.99535036	0.0046496536
0.08334695	0.91665304
0.07804457	0.92195547
0.00450102	0.99549896
0.027352354	0.9726476
0.019260356	0.9807396
0.07752516	0.92247486
0.0069798487	0.9930201
0.9964406	0.0035594008
0.99746144	0.0025385162
0.002030414	0.99796957
0.0031459702	0.996854
0.9953804	0.0046196566
0.9983735	0.0016264352
0.0027335915	0.9972664
0.9961914	0.0038086297
0.99297005	0.007029946
0.043211795	0.9567882
0.0037396622	0.9962604
0.9947889	0.00521111
0.042874094	0.95712584
0.0022461645	0.9977538
0.9421568	0.057843175
0.9967429	0.003257168
0.009771882	0.9902282
0.9619363	0.03806368
0.97187245	0.028127532
0.9951899	0.0048101204
0.002465859	0.99753416
0.003345119	0.99665487
0.049896523	0.95010346
0.9623839	0.037616074
0.99467987	0.0053200745
0.0018606791	0.99813926
0.0211854	0.97881466
0.9984627	0.0015373139
0.99767107	0.0023289185
0.9231937	0.07680624
0.9928387	0.007161317
0.99754107	0.002458999
0.0022453023	0.99775475
0.002366752	0.9976332
0.99722844	0.0027715783
0.004199744	0.9958002
0.99242216	0.0075778035
0.0034251641	0.9965749
0.0042883386	0.9957117
0.015630487	0.9843695
0.0068446198	0.9931553
0.9875608	0.012439199
0.008885883	0.9911142
0.013548429	0.9864516
0.0110310735	0.98896897
0.98195136	0.018048614
0.9802855	0.019714512
0.0021602726	0.9978397
0.9473969	0.052603163
0.028416067	0.9715839
0.99765635	0.002343625
0.091311745	0.90868825
0.99794227	0.0020577093
0.98913246	0.010867515
0.99502844	0.0049716155
0.04804461	0.9519554
0.001922964	0.99807703
0.99439335	0.0056066806
0.99822265	0.0017773319
0.0025733444	0.9974267
0.59370506	0.40629497
0.9978808	0.0021192217
0.9983954	0.0016046048
0.11385934	0.88614064
0.9976178	0.0023822454
0.046168968	0.953831
0.9984382	0.0015618319
0.98858464	0.011415449
0.0025706138	0.99742943
0.9943364	0.0056636157
0.99503326	0.0049666874
0.0031642702	0.99683577
0.9907267	0.009273335
0.998495	0.0015049938
0.0041316543	0.9958683
0.010928155	0.98907185
0.011122417	0.9888776
0.99526983	0.0047302144
0.0055824793	0.99441755
0.011252834	0.9887472
0.7915898	0.20841017
0.6239095	0.37609047
0.9977323	0.0022677006
0.9977481	0.0022518816
0.0042712083	0.9957288
0.9968977	0.003102352
0.9970456	0.0029544088
0.0021863698	0.9978136
0.05890436	0.9410956
0.4812865	0.51871353
0.013903144	0.9860969
0.054269195	0.94573087
0.0022644806	0.9977355
0.008853265	0.99114674
0.99771833	0.0022816826
0.9633129	0.036687084
0.023336036	0.976664
0.99772674	0.0022732108
0.9968606	0.0031394302
0.0067094667	0.99329054
0.083227284	0.9167727
0.9981592	0.0018407501
0.09148301	0.908517
0.9961422	0.003857778
0.02629092	0.9737091
0.03808096	0.961919
0.00761879	0.99238116
0.008242636	0.99175733
0.9953961	0.004603935
0.9953181	0.004681829
0.0057592746	0.99424076
0.1812857	0.81871426
0.0045509995	0.995449
0.033889797	0.96611017
0.017409809	0.98259014
0.08938075	0.91061926
0.36285818	0.6371418
0.002297173	0.9977029
0.02006061	0.97993934
0.9974694	0.0025305792
0.047843236	0.9521568
0.9970488	0.0029512162
0.0022568905	0.9977431
0.015230789	0.9847692
0.014799118	0.9852009
0.99644923	0.003550788
0.003615503	0.9963845
0.99665844	0.0033415535
0.9945462	0.0054538455
0.994722	0.005278013
0.0054142387	0.99458575
0.11034247	0.8896575
0.0031196394	0.9968804
0.99374074	0.0062592337
0.11576275	0.8842373
0.9941195	0.0058805337
0.99827397	0.0017260719
0.0022310526	0.997769
0.00986101	0.990139
0.0018988892	0.9981012
0.0017506635	0.9982494
0.010582972	0.989417
0.051539302	0.94846064
0.040531088	0.9594689
0.9778536	0.022146381
0.89135	0.10865
0.034990516	0.96500945
0.008078643	0.9919214
0.9973085	0.0026915348
0.9970824	0.0029175358
0.015805354	0.98419464
0.99539584	0.0046041887
0.83092684	0.16907315
0.9965663	0.0034336282
0.9957628	0.0042371913
0.020608036	0.979392
0.0023543749	0.99764556
0.998106	0.0018939467
0.016931636	0.9830684
0.9037485	0.09625147
0.99542516	0.0045748763
0.0029358238	0.9970642
0.002696139	0.99730384
0.030636916	0.96936303
0.99716896	0.0028310514
0.94045347	0.059546534
0.98684245	0.013157565
0.34879586	0.6512041
0.32889995	0.6711001
0.030345002	0.96965504
0.8957328	0.1042672
0.0068028006	0.9931972
0.99188787	0.008112134
0.9871727	0.0128272325
0.013975212	0.9860248
0.9918562	0.008143802
0.99740726	0.0025927864
0.049276836	0.9507232
0.9968996	0.003100422
0.9942504	0.0057496387
0.0018491676	0.99815077
0.9984174	0.0015826405
0.009565551	0.9904344
0.99243355	0.007566484
0.0074095973	0.9925904
0.022627277	0.9773727
0.9930729	0.006927102
0.004383048	0.9956169
0.9910324	0.008967588
0.99741876	0.002581232
0.0024479108	0.9975521
0.084313415	0.9156866
0.9947284	0.0052715978
0.046303608	0.9536964
0.018635208	0.9813648
0.004828567	0.9951715
0.014313854	0.9856861
0.980202	0.019797932
0.011353892	0.98864615
0.002004514	0.9979955
0.029243333	0.97075665
0.004162811	0.9958372
0.99569476	0.0043052505
0.0972678	0.9027322
0.99739516	0.0026048522
0.996036	0.003963994
0.06712766	0.9328723
0.94243425	0.0575658
0.862645	0.13735504
0.9865783	0.013421673
0.95857173	0.04142823
0.99842	0.0015800341
0.005865928	0.9941341
0.98015493	0.01984509
0.98525214	0.014747864
0.11116823	0.8888318
0.9969709	0.0030290529
0.9799524	0.020047557
0.03547974	0.9645202
0.9975332	0.0024667378
0.9067589	0.09324115
0.99520314	0.004796922
0.9970516	0.0029483708
0.9973677	0.00263232
0.9689399	0.031060085
0.10077621	0.8992238
0.0026648764	0.99733514
0.0020397573	0.9979602
0.99655837	0.00344161
0.035576466	0.96442354
0.13306288	0.8669371
0.99617827	0.0038216885
0.31803465	0.68196535
0.9962171	0.003782939
0.7412334	0.25876662
0.002376667	0.9976234
0.9858256	0.0141743915
0.0020953126	0.99790466
0.9120951	0.087904915
0.99838877	0.0016113068
0.9885073	0.01149271
0.002088775	0.99791116
0.017401978	0.982598
0.8819098	0.1180902
0.044974145	0.95502585
0.085695356	0.9143047
0.99806577	0.0019342168
0.008222283	0.9917778
0.99739695	0.0026031123
0.022553664	0.9774464
0.12138509	0.87861496
0.9501546	0.04984538
0.99760675	0.0023932082
0.9809474	0.01905254
0.98650867	0.013491306
0.04118999	0.95881003
0.0028593456	0.99714065
0.99639136	0.003608573
0.85197186	0.14802809
0.99730337	0.0026966624
0.036492724	0.96350724
0.9981864	0.0018135614
0.019472992	0.98052704
0.9971282	0.0028718053
0.0026932477	0.9973067
0.06288241	0.9371176
0.26978174	0.7302183
0.01588793	0.9841121
0.99661285	0.0033871003
0.0021116182	0.9978884
0.9718094	0.028190572
0.48412645	0.51587355
0.9824253	0.017574742
0.20691931	0.7930807
0.0018463763	0.9981536
0.0029685574	0.99703145
0.98129374	0.0187063
0.9980282	0.0019718178
0.9984207	0.0015792382
0.99841785	0.0015821425
0.996846	0.0031539598
0.99737763	0.0026223299
0.99805236	0.0019476579
0.008175729	0.9918243
0.9768066	0.023193419
0.98564494	0.014355032
0.9966486	0.0033513978
0.98621386	0.013786176
0.003434665	0.9965654
0.9953275	0.0046724705
0.9980862	0.0019138303
0.94796747	0.05203246
0.013483813	0.98651624
0.9984471	0.0015529476
0.002066761	0.99793327
0.99676764	0.0032323168
0.03347458	0.9665255
0.9901924	0.009807613
0.007275158	0.9927248
0.30570573	0.6942943
0.97702414	0.022975871
0.8690279	0.13097213
0.054855734	0.94514424
0.0022958913	0.9977041
0.99482274	0.0051772706
0.99698466	0.0030153836
0.99596465	0.0040353634
0.99341655	0.0065834536
0.6845703	0.31542972
0.0017307781	0.9982692
0.0018711765	0.99812883
0.0119321905	0.98806787
0.0025235836	0.9974764
0.0019445941	0.99805546
0.9980089	0.0019910785
0.062132847	0.9378671
0.99831957	0.0016804553
0.98813546	0.011864514
0.99530387	0.0046961005
0.99586946	0.004130463
0.03974327	0.96025676
0.0020142943	0.9979857
0.9951763	0.004823624
0.002828083	0.99717194
0.014572968	0.985427
0.013259218	0.98674077
0.97638845	0.023611547
0.059652694	0.9403473
0.0025086196	0.99749136
0.95960534	0.04039467
0.99577373	0.004226244
0.0065119253	0.9934881
0.88592803	0.114072025
0.99839145	0.001608497
0.9965996	0.0034003477
0.98264325	0.017356802
0.9971392	0.0028607694
0.0061137085	0.9938863
0.9835857	0.016414315
0.99636024	0.0036397146
0.002907899	0.9970921
0.0022183151	0.9977817
0.9977239	0.0022761107
0.17464916	0.8253508
0.9979075	0.0020925258
0.98935205	0.010647927
0.0029225224	0.99707747
0.04204854	0.9579515
0.99565554	0.004344469
0.0029033632	0.99709666
0.0054269633	0.99457306
0.99768734	0.0023127
0.9932661	0.0067339004
0.9972965	0.0027035188
0.0030723012	0.9969277
0.989218	0.010782075
0.031632934	0.9683671
0.9870336	0.012966436
0.9791631	0.0208369
0.0038486847	0.99615127
0.9968984	0.00310165
0.00288265	0.9971174
0.979779	0.020221047
0.07799085	0.92200917
0.0038177855	0.99618214
0.0018505404	0.9981495
0.9982151	0.0017850064
0.07074366	0.9292563
0.029445838	0.9705541
0.9881275	0.011872511
0.99572843	0.004271539
0.0040854206	0.9959145
0.9983708	0.0016291955
0.9980939	0.0019060511
0.0018686854	0.99813133
0.99531907	0.004680918
0.005608733	0.99439126
0.0029766834	0.9970233
0.06379415	0.9362059
0.00285612	0.9971439
0.00276808	0.9972319
0.96184325	0.038156815
0.98059225	0.01940774
0.9936791	0.0063208654
0.0048870165	0.99511296
0.9862564	0.013743626
0.44003326	0.55996674
0.9948389	0.005161151
0.017690022	0.98231
0.25582987	0.7441701
0.9983931	0.0016068544
0.38576385	0.6142361
0.19358389	0.8064161
0.9979867	0.0020133744
0.9958682	0.0041318606
0.9813213	0.018678773
0.97790647	0.022093562
0.8865289	0.1134711
0.9971494	0.002850666
0.9984505	0.0015495046
0.01717745	0.9828226
0.003332232	0.9966678
0.99376833	0.0062317257
0.06219819	0.9378018
0.99185574	0.008144237
0.15247014	0.8475298
0.008333216	0.99166673
0.99685526	0.0031447024
0.99829596	0.0017040841
0.023659207	0.97634083
0.0028744724	0.99712557
0.020296814	0.97970325
0.9938275	0.006172428
0.9867387	0.01326134
0.051081523	0.94891846
0.9858606	0.0141394
0.94864404	0.051355924
0.011718638	0.9882813
0.9846213	0.015378721
0.0117450645	0.9882549
0.98143494	0.01856502
0.9950029	0.0049970327
0.004938606	0.99506134
0.9921017	0.007898326
0.99816954	0.0018304783
0.991514	0.00848605
0.007745753	0.99225426
0.9964539	0.0035461816
0.011284929	0.9887151
0.99595886	0.0040411046
0.009543305	0.99045676
0.002076548	0.9979234
0.001853631	0.9981464
0.0023438302	0.9976561
0.0033194083	0.99668056
0.81425697	0.18574306
0.99624205	0.0037579334
0.99382126	0.0061786612
0.0035154365	0.9964845
0.04578045	0.9542196
0.99703217	0.0029678533
0.006319225	0.9936807
0.9984315	0.001568477
0.1337104	0.8662896
0.0025458133	0.9974542
0.0028691252	0.99713093
0.043306805	0.9566932
0.025571093	0.9744289
0.99606955	0.0039304816
0.0021508296	0.9978492
0.00582956	0.9941704
0.9982999	0.0017001185
0.0129585	0.9870415
0.0063850223	0.9936149
0.0217478	0.9782522
0.9980823	0.0019177072
0.89376926	0.10623077
0.99108106	0.008918993
0.0021473856	0.9978527
0.002493022	0.99750704
0.99768114	0.002318781
0.0023341419	0.9976659
0.98949593	0.0105040325
0.020192152	0.9798078
0.120593324	0.87940675
0.99715924	0.0028407113
0.0020096833	0.99799037
0.9971214	0.002878626
0.99512285	0.004877123
0.024560688	0.97543925
0.99416935	0.005830608
0.0030957228	0.9969043
0.0023143957	0.99768555
0.9902132	0.009786825
0.98942417	0.010575876
0.0061661424	0.9938339
0.04380592	0.95619404
0.9978231	0.002176956
0.14232266	0.8576774
0.95483494	0.045164995
0.9979381	0.002061873
0.0026389104	0.9973611
0.003729018	0.996271
0.0042816414	0.9957184
0.996581	0.0034190104
0.0019405364	0.99805945
0.9927591	0.007240869
0.0321883	0.96781176
0.0028193037	0.9971807
0.9971186	0.0028814399
0.98653793	0.01346201
0.9984694	0.0015305555
0.97607523	0.023924848
0.0037750388	0.996225
0.002179103	0.99782085
0.9975587	0.0024412281
0.08929419	0.91070586
0.9959265	0.004073506
0.99697626	0.0030238032
0.062360667	0.9376393
0.99720556	0.0027944297
0.019362623	0.9806373
0.003143818	0.9968562
0.005389925	0.9946101
0.9966248	0.0033752408
0.016246991	0.98375297
0.009131892	0.9908681
0.9979278	0.0020721494
0.02413291	0.9758671
0.001738789	0.9982613
0.021028658	0.97897136
0.9963942	0.0036057404
0.89071566	0.109284274
0.0019444154	0.9980556
0.9974093	0.002590728
0.99604756	0.0039524585
0.06513844	0.93486154
0.053942084	0.94605786
0.99527377	0.0047262353
0.99829906	0.001700928
0.9949851	0.005014922
0.9857209	0.014279075
0.001953046	0.998047
0.99832374	0.0016762542
0.103185706	0.8968143
0.9968426	0.0031574205
0.983023	0.016976984
0.01581799	0.98418194
0.0028052747	0.99719465
0.95569533	0.044304654
0.0020304797	0.99796945
0.9981723	0.0018277064
0.48142567	0.5185743
0.015784962	0.98421496
0.039829984	0.96017003
0.07188953	0.9281105
0.0026440711	0.99735594
0.02644416	0.97355586
0.99827063	0.0017293937
0.17497486	0.82502514
0.9927797	0.007220366
0.9971077	0.0028923822
0.0021346563	0.9978654
0.0026416562	0.99735826
0.002453021	0.997547
0.99575955	0.0042404975
0.9964579	0.0035421264
0.04509998	0.9549001
0.05357901	0.94642097
0.99659926	0.0034008068
0.02441565	0.9755844
0.012759151	0.98724085
0.0021734268	0.9978265
0.05194966	0.9480503
0.101029396	0.89897054
0.002141498	0.99785846
0.0048173345	0.9951827
0.9957931	0.0042068292
0.003026603	0.9969734
0.009238114	0.99076194
0.994879	0.005121003
0.99370253	0.006297549
0.9966248	0.0033752231
0.99773055	0.0022695162
0.0125116855	0.9874884
0.99780613	0.002193813
0.99832004	0.0016799897
0.9871848	0.0128151495
0.6725582	0.32744178
0.0022729111	0.9977271
0.0037986052	0.99620134
0.011171581	0.9888284
0.0058644824	0.9941355
0.0021697113	0.99783033
0.9958587	0.00414123
0.014376416	0.9856236
0.99813324	0.0018667644
0.11116466	0.8888353
0.98456407	0.015435867
0.003357593	0.9966425
0.018856637	0.98114336
0.010172029	0.989828
0.019827215	0.9801728
0.001749932	0.99825007
0.016251307	0.9837487
0.102237634	0.89776236
0.033639535	0.96636045
0.0017676472	0.9982324
0.9917713	0.008228748
0.9962745	0.003725533
0.06660395	0.9333961
0.9973869	0.0026130911
0.032769136	0.9672309
0.045216188	0.9547838
0.9790151	0.02098488
0.012332278	0.98766774
0.98344225	0.016557796
0.0019410776	0.99805886
0.058103357	0.9418967
0.83874327	0.1612567
0.06037389	0.9396261
0.97488683	0.025113186
0.0018910752	0.99810886
0.0025480604	0.99745196
0.013450838	0.9865492
0.0027023207	0.9972977
0.9969351	0.0030648122
0.9939639	0.006036059
0.08563515	0.9143648
0.99774843	0.0022515152
0.99747187	0.0025281538
0.8625639	0.13743614
0.0036345825	0.9963654
0.8873319	0.11266808
0.9874873	0.012512699
0.05772098	0.94227904
0.097683825	0.9023162
0.0021238674	0.99787617
0.72651166	0.27348837
0.0032345809	0.9967654
0.0034370273	0.996563
0.0018752294	0.9981248
0.9733984	0.026601639
0.005920412	0.9940796
0.0032105164	0.9967894
0.99293077	0.0070692324
0.98562884	0.014371166
0.99778384	0.002216165
0.011630894	0.9883691
0.012481422	0.9875186
0.99397117	0.006028809
0.99671125	0.0032887862
0.0039585796	0.9960414
0.011905988	0.98809403
0.98853695	0.011463074
0.002607351	0.99739265
0.92273927	0.07726078
0.001780292	0.99821967
0.9983022	0.001697694
0.9896207	0.010379278
0.9962758	0.0037242998
0.07017091	0.92982906
0.9946827	0.005317315
0.3032687	0.6967313
0.23533128	0.76466876
0.002051987	0.997948
0.013742708	0.98625726
0.98156	0.018439984
0.9978194	0.0021805884
0.9953316	0.0046683834
0.9964218	0.0035782158
0.9983047	0.0016952374
0.9854294	0.01457053
0.04480558	0.9551944
0.03189525	0.9681047
0.9984086	0.0015914205
0.011873787	0.9881263
0.9984276	0.0015723422
0.99599886	0.0040011695
0.004779232	0.9952207
0.9966312	0.00336877
0.9972976	0.0027024492
0.99770576	0.002294279
0.9969041	0.0030959023
0.9982856	0.0017143713
0.9440148	0.055985242
0.005051898	0.994948
0.011828465	0.9881715
0.001893642	0.99810636
0.016034992	0.98396504
0.0021825917	0.9978174
0.0024644681	0.99753547
0.9980427	0.0019572983
0.0148727065	0.9851273
0.99759465	0.0024052944
0.020630632	0.97936934
0.990721	0.009278988
0.965538	0.034461938
0.99705315	0.00294687
0.00843057	0.99156946
0.96769464	0.032305345
0.025165368	0.9748346
0.99149686	0.008503121
0.003564761	0.9964353
0.04657539	0.9534246
0.004178119	0.99582183
0.07358954	0.9264105
0.0040256255	0.99597436
0.08737928	0.9126207
0.00881095	0.991189
0.8783319	0.12166812
0.87528455	0.12471545
0.99812204	0.0018779795
0.9979032	0.0020967678
0.006390918	0.9936091
0.99241227	0.0075877258
0.0065134494	0.9934865
0.005308473	0.99469155
0.9823277	0.01767233
0.006370479	0.9936295
0.9889809	0.011019104
0.04837809	0.9516219
0.0018640938	0.9981359
0.8581762	0.14182383
0.042359438	0.9576406
0.0019182063	0.9980818
0.0042735473	0.99572647
0.91869944	0.08130051
0.007401928	0.99259806
0.0017635033	0.99823654
0.041211125	0.9587889
0.9911432	0.008856785
0.0033973467	0.99660265
0.0033158401	0.99668413
0.018582474	0.9814175
0.9932122	0.0067877714
0.9950783	0.0049216608
0.026460696	0.97353935
0.06408689	0.93591315
0.0023177864	0.9976822
0.9930199	0.006980097
0.9943295	0.0056704916
0.99830014	0.0016998369
0.0019750106	0.99802506
0.046390228	0.9536098
0.009209536	0.9907905
0.99759394	0.0024060637
0.0021940041	0.997806
0.9758875	0.024112439
0.9877412	0.012258885
0.019391056	0.9806089
0.9890455	0.010954512
0.081147775	0.9188522
0.9966002	0.0033998082
0.99513125	0.004868813
0.9560071	0.043992855
0.0021751793	0.9978248
0.99740183	0.002598213
0.010457484	0.9895425
0.0019570393	0.99804294
0.0021740037	0.9978259
0.95923096	0.040769026
0.13814455	0.86185545
0.011585037	0.988415
0.997393	0.0026069826
0.9231229	0.07687711
0.022599353	0.9774007
0.97206974	0.02793031
0.65843177	0.34156817
0.99516654	0.0048334817
0.9982439	0.0017560448
0.034459196	0.9655408
0.9982917	0.0017083171
0.0021715723	0.9978284
0.0021700708	0.99783
0.0073355306	0.9926644
0.9976756	0.0023244417
0.0019706618	0.9980293
0.9982639	0.0017360944
0.0068222424	0.9931778
0.0016843749	0.9983157
0.99384826	0.0061517535
0.07504366	0.9249564
0.9829948	0.0170052
0.9984571	0.0015428689
0.99599826	0.004001737
0.9847335	0.015266453
0.18757482	0.8124252
0.016226117	0.9837738
0.0041354094	0.9958646
0.0020679296	0.9979321
0.9964729	0.00352708
0.010941186	0.9890588
0.0038406772	0.9961593
0.0030251488	0.9969748
0.8067498	0.19325018
0.010492581	0.9895075
0.9956252	0.004374795
0.011113725	0.98888636
0.071641095	0.92835885
0.0021708163	0.99782914
0.001955252	0.9980447
0.06254166	0.93745834
0.11485067	0.88514936
0.021760678	0.97823936
0.012693058	0.98730695
0.9803468	0.019653184
0.030787256	0.9692128
0.4092594	0.5907406
0.017241549	0.98275846
0.06664395	0.933356
0.0056866724	0.99431336
0.070573814	0.92942625
0.49855295	0.501447
0.99780303	0.0021969613
0.83897775	0.16102225
0.8783526	0.12164747
0.0027209825	0.997279
0.060311206	0.93968874
0.0023030776	0.99769694
0.0036134834	0.9963865
0.9937915	0.006208452
0.15680605	0.84319395
0.008200576	0.9917995
0.8091758	0.19082423
0.018549621	0.98145044
0.9953316	0.0046684383
0.09447741	0.9055226
0.9937874	0.0062125837
0.011915403	0.9880846
0.9974402	0.0025598067
0.9953548	0.004645196
0.0019153246	0.99808466
0.0020564212	0.9979436
0.97664887	0.023351105
0.0028418729	0.99715817
0.0072050346	0.99279493
0.99684036	0.0031596287
0.15576838	0.8442316
0.0026265075	0.99737346
0.9972699	0.0027301048
0.99349546	0.006504532
0.04111217	0.9588879
0.9965366	0.003463397
0.7596875	0.24031256
0.027324924	0.97267514
0.10320318	0.8967968
0.0018291997	0.99817073
0.99622285	0.0037771445
0.9968202	0.0031797662
0.9984725	0.0015275229
0.9936885	0.006311445
0.9914602	0.0085398285
0.99823713	0.0017627999
0.994968	0.005032056
0.0024957363	0.9975043
0.73048866	0.26951134
0.49238145	0.5076185
0.99758124	0.0024186887
0.7859855	0.21401453
0.71164525	0.28835478
0.9977164	0.0022835787
0.9563399	0.043660108
0.004052034	0.995948
0.9966587	0.0033413633
0.9951443	0.004855675
0.939919	0.060080938
0.008014177	0.9919858
0.0018353331	0.9981647
0.9956365	0.00436354
0.073545575	0.9264545
0.0019748076	0.9980252
0.9897362	0.010263825
0.006292412	0.99370754
0.0058762785	0.99412376
0.9981968	0.0018031887
0.0018570945	0.99814296
0.07282244	0.9271775
0.0021137856	0.99788624
0.03275127	0.96724874
0.9984498	0.0015501325
0.017302178	0.9826978
0.012811332	0.98718864
0.0042084046	0.99579155
0.00397528	0.9960247
0.5938831	0.40611687
0.99613	0.0038700125
0.0031577097	0.99684227
0.90212995	0.09787001
0.015696239	0.9843038
0.99788386	0.0021161789
0.0023496668	0.9976503
0.9921611	0.00783893
0.0018647522	0.9981352
0.98944163	0.010558342
0.99806625	0.001933775
0.22716093	0.772839
0.99821883	0.0017811396
0.98595226	0.014047795
0.99608433	0.0039156866
0.0067482227	0.99325174
0.98702174	0.012978227
0.31027743	0.6897226
0.026919248	0.97308075
0.9510653	0.048934724
0.038286097	0.9617139
0.0024753225	0.9975247
0.0663091	0.9336909
0.9955059	0.0044940067
0.0033977597	0.9966022
0.9967565	0.0032435006
0.0044260304	0.995574
0.79036456	0.20963539
0.99169946	0.008300531
0.0464027	0.95359737
0.2505787	0.74942124
0.09582763	0.90417236
0.9356488	0.06435122
0.99773216	0.0022678154
0.020695344	0.9793046
0.0019843793	0.99801564
0.97929686	0.02070319
0.7386959	0.2613041
0.5450765	0.45492357
0.99737656	0.0026234237
0.9943	0.0056999368
0.0061877863	0.9938122
0.0062704287	0.9937296
0.0021487754	0.99785125
0.9973801	0.0026198893
0.9982565	0.0017434865
0.0020353345	0.99796474
0.09258971	0.9074103
0.03291909	0.96708095
0.07168878	0.92831117
0.9850264	0.014973548
0.002675888	0.9973241
0.99666816	0.0033318219
0.004399898	0.9956001
0.0019246092	0.99807537
0.013406377	0.9865936
0.0018976387	0.99810237
0.97951585	0.020484123
0.9059651	0.09403496
0.9494364	0.05056354
0.011345299	0.98865473
0.997917	0.0020830382
0.07628248	0.92371756
0.99538004	0.0046200207
0.9074893	0.092510685
0.9976363	0.002363678
0.9937484	0.0062516015
0.89662546	0.10337456
0.0032887985	0.99671125
0.9610278	0.03897221
0.9915964	0.008403587
0.007708533	0.9922915
0.0042654043	0.99573463
0.9907811	0.009218851
0.98672986	0.013270115
0.06685679	0.93314314
0.0025732412	0.9974267
0.835985	0.16401501
0.9984464	0.0015536316
0.9939055	0.0060945144
0.9984389	0.0015610779
0.053772945	0.946227
0.9972479	0.0027520808
0.036985192	0.9630148
0.10351282	0.8964872
0.99650156	0.0034984697
0.99821645	0.0017834709
0.99710006	0.0028998672
0.0019515974	0.9980484
0.8335608	0.16643912
0.00917305	0.9908269
0.99832195	0.0016779868
0.9918075	0.008192489
0.99725	0.0027499564
0.20586659	0.7941335
0.9949661	0.0050339475
0.9984547	0.0015453434
0.9956279	0.004372058
0.23034146	0.7696585
0.99651647	0.0034835036
0.009959947	0.99004
0.004470712	0.99552935
0.01879218	0.98120785
0.0028527798	0.99714726
0.008686771	0.9913133
0.9871788	0.012821195
0.9950654	0.0049346527
0.05337654	0.94662344
0.11073881	0.8892612
0.99789834	0.0021016842
0.9963109	0.0036891568
0.00986034	0.99013966
0.001967635	0.9980324
0.99398416	0.006015867
0.9972783	0.0027217667
0.9982383	0.0017617231
0.001986522	0.9980135
0.9971226	0.0028774175
0.7940817	0.20591831
0.0017727595	0.9982273
0.9623474	0.03765259
0.7847344	0.21526553
0.0028166308	0.9971834
0.07955607	0.920444
0.9766566	0.023343427
0.9920912	0.007908844
0.89434457	0.10565537
0.99667263	0.0033273832
0.9822918	0.017708184
0.9952964	0.0047036223
0.034609407	0.96539056
0.006297984	0.99370205
0.059081025	0.940919
0.002703686	0.9972963
0.9980009	0.001999021
0.0030554323	0.9969446
0.11346925	0.8865308
0.99215573	0.0078442935
0.008371368	0.99162865
0.03884514	0.9611549
0.0021276127	0.99787235
0.9887987	0.011201325
0.0018322688	0.99816775
0.8939951	0.10600497
0.0032381152	0.9967618
0.013212435	0.98678756
0.0022457296	0.9977543
0.0019974113	0.9980026
0.9836242	0.016375821
0.9968766	0.0031234259
0.9955438	0.0044563017
0.99111134	0.0088886935
0.03118199	0.96881807
0.009876646	0.99012333
0.0020636262	0.99793637
0.9980799	0.001920152
0.0066653336	0.99333465
0.99701226	0.0029877354
0.009679454	0.9903205
0.9480549	0.051945083
0.029895792	0.9701043
0.9978502	0.0021497835
0.021205368	0.9787947
0.0029778003	0.9970222
0.010296694	0.98970324
0.9971277	0.002872311
0.0029462366	0.99705374
0.0017615972	0.99823844
0.033018947	0.96698105
0.9984132	0.0015868308
0.94522464	0.054775283
0.994865	0.005135068
0.79394346	0.20605652
0.033882894	0.9661171
0.9945768	0.005423146
0.12430098	0.875699
0.9953505	0.0046494487
0.040118326	0.9598817
0.0041624177	0.99583757
0.99545276	0.004547156
0.041807566	0.95819247
0.039290138	0.9607098
0.9958461	0.004153941
0.9981535	0.0018464527
0.98973817	0.0102618635
0.04208202	0.9579179
0.99515057	0.004849412
0.9762289	0.023771126
0.04147652	0.95852345
0.9961649	0.0038351442
0.9979138	0.0020861665
0.037182387	0.9628176
0.5058053	0.4941947
0.9916323	0.0083677955
0.0017777297	0.9982223
0.0750526	0.92494744
0.35176957	0.6482305
0.9912636	0.008736406
0.07283781	0.9271622
0.9978077	0.0021923857
0.1085596	0.89144045
0.1071841	0.8928159
0.9978757	0.0021242937
0.0018859162	0.9981141
0.067303695	0.9326963
0.0020650213	0.99793506
0.89277315	0.10722686
0.0041090064	0.995891
0.9918767	0.008123326
0.0025932745	0.99740666
0.9975793	0.0024207663
0.0021204443	0.9978796
0.13437696	0.8656231
0.36581758	0.63418245
0.9952878	0.004712258
0.12176696	0.878233
0.0031583495	0.99684167
0.002305521	0.99769443
0.997999	0.002000936
0.9966799	0.0033200693
0.9984061	0.0015939069
0.9932636	0.0067364047
0.0019103222	0.9980896
0.997886	0.0021140259
0.0031130738	0.9968869
0.007266113	0.99273384
0.060973704	0.93902624
0.026151199	0.9738488
0.028031377	0.9719686
0.9962993	0.0037007353
0.028538056	0.97146195
0.99818015	0.0018199163
0.95154744	0.048452586
0.025454748	0.9745453
0.6860084	0.31399158
0.028022697	0.9719773
0.057043917	0.9429561
0.9905179	0.009482112
0.0523222	0.9476778
0.9984101	0.00158985
0.99494743	0.00505248
0.997914	0.0020859581
0.027419971	0.9725801
0.9979964	0.0020036118
0.0059215683	0.9940784
0.019680846	0.9803192
0.9925216	0.0074784257
0.0037265278	0.9962735
0.98785466	0.012145304
0.9792005	0.020799447
0.0025889468	0.9974111
0.9970938	0.0029062307
0.88800985	0.111990154
0.0019859099	0.9980141
0.9947233	0.005276681
0.99194556	0.0080544455
0.9984162	0.0015838237
0.9531919	0.04680814
0.0061942996	0.99380577
0.9913032	0.008696837
0.9976221	0.0023778973
0.9395796	0.060420353
0.16293965	0.8370604
0.99809414	0.0019058418
0.9979284	0.002071625
0.027640207	0.9723598
0.0033616198	0.9966384
0.9213503	0.07864973
0.011092741	0.98890734
0.04339443	0.95660555
0.9951061	0.004893937
0.022693207	0.9773068
0.9979511	0.0020489488
0.99700433	0.002995683
0.0034835236	0.99651647
0.9947188	0.0052811885
0.0042212787	0.9957787
0.001842646	0.9981573
0.001879547	0.9981205
0.01196456	0.9880355
0.9745452	0.02545489
0.99645007	0.0035499695
0.9702286	0.029771397
0.03707111	0.9629289
0.0021730806	0.9978269
0.0118033	0.9881967
0.00403667	0.99596334
0.0017552174	0.99824476
0.9415087	0.058491305
0.9482006	0.051799428
0.033988524	0.96601146
0.5130008	0.4869992
0.009879408	0.99012065
0.0026052166	0.9973948
0.0028408759	0.9971591
0.0030212784	0.99697876
0.9838965	0.016103562
0.021204703	0.97879535
0.9818045	0.018195545
0.022787265	0.9772127
0.0018214275	0.9981786
0.99760604	0.0023939381
0.0020420747	0.99795794
0.94250137	0.057498638
0.3373261	0.66267383
0.41640946	0.58359057
0.9980161	0.0019838747
0.0417827	0.9582173
0.9316509	0.068349116
0.9874198	0.012580209
0.001946355	0.99805367
0.04767182	0.9523282
0.1005482	0.89945185
0.017091502	0.9829085
0.002980266	0.9970197
0.9982205	0.0017794329
0.005125723	0.9948743
0.0030584056	0.9969416
0.99655545	0.0034445878
0.9775353	0.022464642
0.83161294	0.16838701
0.9975836	0.0024163797
0.0415677	0.9584323
0.9976895	0.0023104763
0.0027032103	0.99729675
0.9561364	0.04386366
0.9959829	0.0040171137
0.029589579	0.9704104
0.0017670399	0.99823296
0.010638749	0.9893612
0.007256757	0.99274325
0.0023377258	0.9976623
0.01224549	0.9877545
0.99700063	0.0029993567
0.99596053	0.0040395027
0.00589887	0.9941011
0.002526363	0.99747366
0.002633399	0.9973666
0.99750584	0.0024941235
0.0043437467	0.99565625
0.9871137	0.0128863035
0.019480942	0.98051906
0.9974107	0.0025893557
0.8527836	0.14721641
0.029370524	0.97062945
0.0029414068	0.99705863
0.99507856	0.0049214107
0.9606808	0.03931919
0.9961784	0.0038216508
0.9668678	0.03313219
0.98025584	0.019744104
0.008315948	0.9916841
0.99764025	0.0023597933
0.018962966	0.981037
0.9974523	0.0025476518
0.23634183	0.76365817
0.98216474	0.017835235
0.101984285	0.8980157
0.9699612	0.030038757
0.9940215	0.0059784823
0.0071148165	0.9928852
0.99453884	0.0054611154
0.016232809	0.98376715
0.99837816	0.0016218069
0.9966846	0.0033153913
0.020100286	0.9798997
0.0044178036	0.99558216
0.9983955	0.0016045101
0.004660292	0.99533975
0.010695411	0.98930454
0.0053486163	0.9946514
0.031637244	0.96836275
0.019901745	0.98009825
0.9736005	0.026399473
0.007947432	0.99205256
0.002137914	0.99786204
0.024501653	0.9754984
0.94401234	0.05598769
0.036617402	0.9633826
0.97177166	0.028228391
0.9976412	0.0023588685
0.8663048	0.13369523
0.99840194	0.0015980677
0.0055363383	0.9944636
0.99813604	0.0018638762
0.0037135633	0.9962864
0.99698275	0.0030171948
0.013145256	0.9868548
0.99754435	0.0024556702
0.9802285	0.019771505
0.9700285	0.029971473
0.97077966	0.029220378
0.005058143	0.9949419
0.9966445	0.0033555639
0.99604625	0.0039537507
0.005233792	0.99476624
0.347672	0.652328
0.05241012	0.94758993
0.8298835	0.17011645
0.9981159	0.0018841164
0.98431313	0.015686885
0.0033649441	0.996635
0.109266676	0.8907333
0.0017801276	0.9982199
0.9943414	0.0056586605
0.99793196	0.0020679918
0.080876686	0.91912335
0.074961625	0.9250384
0.99489415	0.0051059187
0.0023795448	0.9976204
0.997124	0.0028760058
0.9977361	0.0022638547
0.9982956	0.0017044279
0.08961958	0.9103805
0.4677495	0.5322505
0.0024814857	0.99751854
0.0050237617	0.9949763
0.0018563104	0.9981437
0.99812645	0.0018736111
0.0019147359	0.99808526
0.99063486	0.009365073
0.011146663	0.98885334
0.9887123	0.011287637
0.98971575	0.010284292
0.01977791	0.98022205
0.08985796	0.910142
0.9920974	0.007902602
0.0020445932	0.99795544
0.0039595235	0.99604046
0.0022757535	0.99772424
0.9983606	0.001639457
0.9958947	0.00410532
0.044657934	0.955342
0.005377692	0.99462235
0.0026379668	0.9973621
0.9969649	0.0030351474
0.0018825576	0.99811745
0.039809052	0.9601909
0.48449266	0.51550734
0.86389065	0.1361094
0.9855721	0.014427904
0.9980945	0.0019054435
0.9851495	0.014850549
0.0050583496	0.99494165
0.060493473	0.9395066
0.021332005	0.97866803
0.99793315	0.002066825
0.99821246	0.0017875468
0.99197584	0.00802421
0.99827564	0.0017243522
0.998173	0.0018269425
0.004781209	0.9952188
0.9921336	0.007866355
0.96089023	0.039109763
0.9933274	0.0066725863
0.9874548	0.012545263
0.01481161	0.98518836
0.9856491	0.014350959
0.9896936	0.010306487
0.04641736	0.9535826
0.99812275	0.0018771957
0.004437259	0.9955628
0.0055607622	0.99443924
0.996931	0.0030689877
0.9983565	0.0016434281
0.03433277	0.9656672
0.10103495	0.89896506
0.9972187	0.0027812887
0.9563145	0.043685522
0.027424967	0.972575
0.18386044	0.8161396
0.019556822	0.9804432
0.9527935	0.047206543
0.0355042	0.96449584
0.0036966726	0.9963033
0.98024774	0.019752258
0.049887776	0.95011216
0.99672025	0.0032797016
0.99773264	0.0022672974
0.057680354	0.9423197
0.995752	0.004247974
0.99462306	0.0053769043
0.007475541	0.99252445
0.98811406	0.011885944
0.002101984	0.997898
0.005985956	0.9940141
0.0095492555	0.9904508
0.0059690587	0.9940309
0.0032230266	0.996777
0.07909371	0.92090625
0.99841404	0.0015859131
0.99835914	0.0016408734
0.11464516	0.8853549
0.9982318	0.0017681816
0.00936166	0.9906384
0.99717134	0.0028287086
0.004510105	0.9954899
0.99426913	0.0057308604
0.16089863	0.8391014
0.0030885965	0.99691147
0.99539375	0.0046062935
0.0019822405	0.9980178
0.874817	0.12518302
0.99598336	0.004016621
0.0024089608	0.997591
0.9961808	0.003819237
0.0022152744	0.9977848
0.99607843	0.0039215344
0.0019341599	0.9980659
0.9968736	0.0031263432
0.06760293	0.9323971
0.99732935	0.002670687
0.002150332	0.9978497
0.990591	0.009409042
0.0074620736	0.9925379
0.8522754	0.14772463
0.01058853	0.9894114
0.059553027	0.9404469
0.0031581155	0.9968419
0.9313532	0.068646796
0.9206585	0.07934147
0.0055787195	0.9944213
0.99658453	0.003415487
0.9976693	0.0023307034
0.0044738967	0.99552613
0.99446195	0.005538011
0.99755883	0.0024411352
0.9961528	0.0038471862
0.053742487	0.94625753
0.9973028	0.0026972548
0.08460485	0.91539514
0.9964057	0.0035943182
0.0020127208	0.9979873
0.99526864	0.0047313794
0.009157287	0.9908427
0.0021421318	0.99785787
0.9742332	0.025766771
0.99260384	0.0073962267
0.9957527	0.0042472887
0.00205576	0.9979443
0.0037845906	0.9962154
0.988696	0.011304013
0.0069879577	0.993012
0.9956923	0.0043077306
0.9958183	0.004181716
0.011707223	0.98829275
0.0019857527	0.9980142
0.9825351	0.017464882
0.99830437	0.0016956733
0.0038706374	0.9961294
0.2410255	0.7589745
0.8951995	0.10480049
0.9973175	0.002682562
0.86870104	0.13129896
0.01327425	0.9867258
0.1903893	0.8096107
0.012097615	0.98790234
0.0029763326	0.99702364
0.9702086	0.029791363
0.0017573042	0.99824274
0.9969252	0.0030748113
0.00485025	0.9951498
0.99550855	0.0044913986
0.0040511275	0.9959488
0.017102912	0.9828971
0.99402	0.005980007
0.0023515208	0.99764854
0.023796804	0.9762032
0.40345347	0.5965466
0.025181465	0.9748185
0.05922154	0.94077843
0.9984413	0.0015586866
0.0024232515	0.9975768
0.99809855	0.0019014775
0.06468541	0.93531454
0.0020922667	0.99790776
0.63396394	0.36603612
0.9950948	0.0049052075
0.016839309	0.9831607
0.0021934176	0.9978066
0.0056426623	0.9943573
0.97390556	0.026094412
0.99711156	0.0028883913
0.12477478	0.8752252
0.9966537	0.0033463305
0.92594796	0.074052066
0.998216	0.0017840475
0.997917	0.0020829828
0.99585646	0.0041434704
0.99064153	0.009358418
0.7990713	0.20092869
0.9984547	0.0015453001
0.042042747	0.9579573
0.0021871347	0.99781287
0.0039347494	0.9960653
0.9646578	0.03534223
0.049758967	0.950241
0.96179104	0.038208883
0.9970982	0.0029017832
0.006894125	0.9931058
0.02312014	0.97687984
0.017934058	0.982066
0.002032369	0.99796766
0.0018133121	0.99818665
0.052426483	0.94757354
0.99835265	0.0016473657
0.09989507	0.90010494
0.9934614	0.0065386794
0.91452444	0.0854756
0.003639597	0.99636036
0.0017867559	0.9982133
0.9941941	0.0058059776
0.009269774	0.9907302
0.011402772	0.9885972
0.13474606	0.865254
0.91284823	0.0871517
0.022892902	0.9771071
0.94022083	0.059779204
0.9763281	0.023671882
0.0030168374	0.9969831
0.05112577	0.94887424
0.99782723	0.0021727756
0.4239958	0.5760042
0.9967861	0.0032138955
0.9963934	0.0036066053
0.9903886	0.009611463
0.99232227	0.0076778037
0.9391885	0.06081146
0.97922426	0.020775756
0.9983381	0.0016618985
0.027927306	0.97207266
0.0053788167	0.99462116
0.015753219	0.98424673
0.99716115	0.002838929
0.9527975	0.047202576
0.010870765	0.9891292
0.001819613	0.9981804
0.24998745	0.7500125
0.9459752	0.054024834
0.049304698	0.9506953
0.024535352	0.9754647
0.0028628972	0.99713707
0.043212414	0.9567875
0.0023054148	0.99769455
0.9951153	0.004884652
0.27202624	0.7279738
0.08568467	0.9143153
0.031283986	0.968716
0.99641454	0.0035854606
0.97918165	0.020818325
0.9969547	0.0030453308
0.99741757	0.0025823894
0.99839395	0.0016059927
0.9924654	0.007534604
0.997322	0.0026779755
0.06021497	0.93978506
0.07821671	0.9217833
0.003139564	0.9968604
0.0059929146	0.9940071
0.02423746	0.97576255
0.09963418	0.90036577
0.048600156	0.9513998
0.9982027	0.0017973123
0.027961949	0.9720381
0.02399606	0.9760039
0.00206816	0.99793184
0.002624562	0.9973755
0.05240846	0.94759154
0.010635603	0.9893644
0.18296671	0.8170333
0.9982943	0.001705746
0.0022245634	0.9977754
0.9935796	0.006420369
0.0029836954	0.9970163
0.028256645	0.9717434
0.0037676827	0.99623233
0.0023687717	0.9976312
0.981975	0.018025007
0.99097437	0.00902566
0.9942866	0.005713395
0.8723177	0.12768236
0.98000175	0.01999823
0.9610118	0.038988147
0.9954787	0.004521292
0.15366293	0.8463371
0.002399223	0.99760073
0.99785006	0.0021499207
0.9979989	0.0020010618
0.9967334	0.0032666062
0.99493295	0.0050669983
0.9932162	0.006783802
0.14926097	0.850739
0.08419284	0.9158072
0.009420271	0.9905798
0.0029229342	0.9970771
0.06481469	0.93518525
0.0035069778	0.99649304
0.996391	0.0036089984
0.013720616	0.98627937
0.9931605	0.00683951
0.9983334	0.0016665774
0.96090823	0.039091703
0.9984162	0.0015838237
0.99567395	0.00432599
0.010369546	0.9896304
0.04775716	0.95224285
0.0031361224	0.99686396
0.0448026	0.95519745
0.111896865	0.88810307
0.99843496	0.001565072
0.9828014	0.017198592
0.008337364	0.9916626
0.034483653	0.9655164
0.99686265	0.0031373312
0.0018615226	0.9981384
0.00193138	0.99806863
0.997283	0.002717008
0.011373991	0.98862594
0.0018937051	0.99810624
0.02070122	0.97929883
0.99192613	0.008073875
0.9961514	0.0038485918
0.03665338	0.96334654
0.9920105	0.007989529
0.98603237	0.013967624
0.99831885	0.0016810704
0.040777173	0.95922285
0.018720658	0.9812794
0.002087235	0.9979127
0.86012655	0.13987346
0.0020672076	0.9979328
0.98776823	0.01223173
0.0023444234	0.9976555
0.0027186219	0.9972813
0.0031691592	0.9968309
0.99747914	0.002520851
0.00589518	0.9941048
0.9933702	0.0066298037
0.98957145	0.010428504
0.9976247	0.0023753468
0.99627256	0.0037274556
0.99470574	0.00529422
0.085507914	0.914492
0.007345938	0.9926541
0.0050519747	0.994948
0.9976514	0.0023486633
0.99813026	0.0018697485
0.011175102	0.9888249
0.013083314	0.98691666
0.030115543	0.96988446
0.17626396	0.823736
0.87915593	0.120844014
0.99718946	0.002810511
0.99758506	0.0024149837
0.16511025	0.8348897
0.9983683	0.0016316638
0.95347464	0.046525363
0.06641474	0.9335852
0.99563	0.004369992
0.9983975	0.0016024483
0.93828094	0.061719093
0.9952501	0.0047498774
0.9881605	0.011839551
0.99512106	0.0048789144
0.01717016	0.98282987
0.0032390992	0.9967609
0.0021079278	0.9978921
0.0021874844	0.9978125
0.0031618013	0.9968382
0.075161345	0.9248386
0.04346813	0.95653194
0.023742309	0.9762576
0.9846252	0.015374795
0.045441765	0.9545582
0.996874	0.0031259432
0.9948088	0.0051911552
0.002045574	0.99795437
0.99736696	0.002633031
0.036831632	0.9631684
0.0028601652	0.9971398
0.9983016	0.0016983917
0.9970572	0.0029428054
0.05384328	0.9461567
0.053590626	0.94640934
0.01726566	0.9827344
0.99648005	0.003519976
0.9936572	0.0063428334
0.99834085	0.0016591175
0.98345447	0.01654551
0.9979091	0.0020908357
0.988352	0.011647976
0.98771477	0.012285218
0.9764572	0.023542853
0.00327657	0.9967235
0.013746717	0.9862533
0.9975121	0.002487903
0.055853058	0.944147
0.9956566	0.004343338
0.0042983796	0.9957016
0.001975759	0.9980242
0.5659419	0.43405816
0.99760133	0.002398706
0.0026442523	0.9973558
0.9937458	0.0062542176
0.9809614	0.019038606
0.03058122	0.9694188
0.023212995	0.97678703
0.0019994732	0.99800056
0.008015489	0.99198455
0.9878594	0.012140564
0.9982375	0.0017624602
0.013245369	0.9867546
0.9980386	0.001961388
0.10868371	0.8913163
0.0023905083	0.9976095
0.99772686	0.0022731968
0.00789024	0.9921097
0.14900786	0.85099214
0.0059657497	0.99403423
0.0025207	0.99747926
0.9977773	0.002222659
0.98409027	0.015909705
0.0024379673	0.99756205
0.9938599	0.006140143
0.995811	0.0041889814
0.0033794828	0.99662054
0.002924591	0.99707544
0.9981669	0.0018330093
0.14793366	0.8520663
0.023580974	0.97641903
0.9973985	0.002601529
0.9935545	0.0064455983
0.99843425	0.0015656911
0.0059182467	0.9940818
0.012112533	0.9878875
0.005095765	0.9949043
0.9939254	0.0060746307
0.99833125	0.0016688211
0.0024523707	0.99754757
0.054266036	0.94573396
0.055408474	0.94459146
0.020647045	0.979353
0.9782195	0.02178047
0.997689	0.0023110074
0.995795	0.0042050164
0.0053348895	0.99466515
0.9980596	0.0019404368
0.004268808	0.9957312
0.99764097	0.0023590175
0.06010235	0.93989766
0.011983028	0.98801696
0.9984187	0.0015813028
0.11338365	0.88661635
0.997849	0.002150985
0.004074206	0.9959258
0.93544734	0.06455266
0.9979569	0.002043066
0.002033367	0.99796665
0.013483971	0.986516
0.9976172	0.0023828254
0.99719846	0.0028015585
0.9849097	0.0150902495
0.0019293609	0.99807066
0.9824985	0.017501488
0.0060518747	0.9939481
0.0030494332	0.9969505
0.97926223	0.02073781
0.0033751589	0.9966248
0.019602524	0.98039746
0.9950269	0.0049730944
0.022486418	0.97751355
0.0024639445	0.99753606
0.9965193	0.0034806642
0.027372802	0.97262716
0.0032265796	0.9967734
0.0020811479	0.9979189
0.99677163	0.0032282975
0.0030941837	0.99690586
0.00804906	0.991951
0.015612092	0.9843879
0.9947069	0.0052930554
0.002222602	0.9977774
0.030375976	0.969624
0.0028897761	0.9971103
0.2792042	0.7207958
0.99234056	0.007659501
0.08428275	0.91571724
0.10287904	0.897121
0.0021440897	0.99785584
0.9895927	0.010407273
0.009756556	0.9902435
0.002414107	0.9975859
0.9945045	0.005495408
0.013404902	0.98659515
0.0018234954	0.99817646
0.003518197	0.9964818
0.0049174773	0.9950825
0.0023607565	0.9976393
0.0027409666	0.997259
0.0031787357	0.9968213
0.9984295	0.0015705551
0.98619276	0.013807189
0.9441413	0.05585866
0.997246	0.0027540252
0.034926202	0.9650738
0.996949	0.003050947
0.99594206	0.0040578744
0.9984382	0.0015618259
0.9957384	0.0042616148
0.99713254	0.0028674915
0.8071893	0.19281076
0.002054821	0.99794513
0.0369944	0.9630056
0.06904137	0.9309587
0.01333108	0.98666894
0.9952022	0.004797773
0.01583815	0.98416185
0.99034286	0.009657165
0.013714758	0.9862852
0.0028441546	0.9971558
0.0051945746	0.9948054
0.0021135963	0.99788636
0.9977337	0.002266275
0.012857222	0.9871428
0.007913596	0.99208635
0.98197526	0.018024724
0.9632068	0.036793105
0.0018069106	0.9981931
0.032117825	0.9678822
0.11362569	0.8863743
0.0032552364	0.99674475
0.0020501874	0.9979498
0.014855971	0.9851441
0.0018702676	0.9981298
0.99788886	0.0021111984
0.0021151234	0.9978848
0.0021957504	0.9978042
0.8916186	0.10838141
0.9984289	0.0015710576
0.03649447	0.96350557
0.9938566	0.0061434237
0.046826158	0.9531738
0.13576944	0.8642306
0.99764794	0.0023519984
0.9970079	0.002992139
0.99148715	0.008512889
0.9981616	0.00183838
0.9960247	0.00397525
0.114984386	0.8850156
0.99833137	0.0016686487
0.0023570487	0.99764293
0.9933124	0.0066875075
0.058311842	0.9416882
0.996673	0.0033269941
0.993694	0.006305981
0.99536175	0.004638243
0.9213994	0.078600615
0.0040730927	0.9959269
0.6908514	0.30914858
0.9971219	0.0028781113
0.32380846	0.67619157
0.006365998	0.993634
0.9912102	0.008789788
0.09490486	0.9050951
0.070853546	0.9291464
0.0019859457	0.9980141
0.00742328	0.99257666
0.0039052593	0.99609476
0.96451926	0.035480734
0.7751325	0.22486748
0.0018976821	0.99810237
0.9965174	0.0034825138
0.017102733	0.9828972
0.5438822	0.45611787
0.03812805	0.9618719
0.9916682	0.008331739
0.9957534	0.0042465664
0.0019395761	0.9980604
0.031397942	0.96860206
0.28031555	0.7196845
0.9884063	0.011593734
0.9984137	0.001586336
0.0029108298	0.9970892
0.8184286	0.18157144
0.9840274	0.015972674
0.004537277	0.9954627
0.8204705	0.1795295
0.006693279	0.9933067
0.08035965	0.91964036
0.9841098	0.015890194
0.0033492036	0.99665076
0.9960699	0.0039300877
0.7763723	0.22362767
0.03873328	0.9612667
0.86216617	0.13783386
0.019313885	0.9806862
0.04142486	0.9585751
0.002473324	0.9975267
0.0071530156	0.992847
0.43978947	0.5602105
0.0151307415	0.98486924
0.9969759	0.0030241555
0.0046234205	0.9953766
0.006109184	0.99389076
0.0021061068	0.99789387
0.98455805	0.015441912
0.0020493923	0.9979506
0.9743916	0.025608415
0.9949774	0.0050226226
0.004752502	0.99524754
0.8337086	0.16629142
0.08639999	0.9136
0.9959462	0.0040537408
0.97402	0.02597997
0.9984138	0.001586175
0.9972602	0.0027397783
0.59185266	0.4081473
0.019476721	0.9805233
0.9984452	0.0015548237
0.00175638	0.9982436
0.07015112	0.9298489
0.12165842	0.87834156
0.9882316	0.011768446
0.002029626	0.9979704
0.9907504	0.009249598
0.98991287	0.010087148
0.0024449225	0.9975551
0.005486128	0.99451387
0.02878808	0.9712119
0.99365497	0.006345076
0.00219764	0.9978023
0.011972035	0.98802793
0.0017499918	0.99824995
0.0019532114	0.99804676
0.0037946575	0.9962054
0.9978188	0.002181184
0.0077872025	0.99221283
0.99402606	0.00597395
0.006751599	0.99324834
0.98194504	0.01805495
0.98111683	0.01888315
0.9829297	0.017070327
0.9876222	0.012377873
0.32816046	0.6718395
0.008116009	0.991884
0.9938724	0.006127579
0.9953928	0.004607168
0.9973349	0.002665106
0.009558714	0.9904413
0.98271435	0.01728568
0.024780845	0.9752192
0.94262844	0.057371598
0.9929516	0.0070484234
0.0020523397	0.99794763
0.9846347	0.015365299
0.005715405	0.9942846
0.12642458	0.87357545
0.0019842489	0.99801576
0.0039812964	0.9960187
0.9983748	0.0016251659
0.0851817	0.9148182
0.01374042	0.9862596
0.12188726	0.8781128
0.99846196	0.0015380658
0.016209554	0.98379046
0.96958387	0.030416084
0.0018607432	0.99813926
0.002290321	0.99770963
0.0022269418	0.997773
0.09556892	0.90443105
0.9933007	0.0066992827
0.0019155983	0.9980844
0.8983151	0.10168492
0.0028570879	0.99714285
0.019731676	0.98026836
0.983013	0.016987046
0.98734224	0.012657767
0.002027398	0.99797255
0.08758102	0.912419
0.99092543	0.009074547
0.998398	0.0016019891
0.98079544	0.01920456
0.25273356	0.7472664
0.07288877	0.9271112
0.06278716	0.9372128
0.044107188	0.95589286
0.93568784	0.064312145
0.0022898188	0.9977102
0.0043483917	0.99565166
0.1888749	0.8111251
0.9978816	0.0021183407
0.016333668	0.9836663
0.11079768	0.8892023
0.0030432336	0.9969568
0.99462706	0.0053729042
0.99595046	0.0040495354
0.9955102	0.004489769
0.801291	0.19870903
0.99571204	0.004287984
0.025146779	0.9748532
0.40743774	0.59256226
0.024394555	0.9756055
0.90897	0.091030024
0.0017711348	0.99822885
0.0036469465	0.99635303
0.008780876	0.9912191
0.0029761372	0.9970239
0.9949575	0.005042473
0.01793221	0.98206776
0.87126327	0.12873678
0.99697053	0.0030294678
0.1235702	0.87642986
0.9974414	0.0025586074
0.0075342194	0.99246585
0.0023765394	0.9976235
0.0064702206	0.99352974
0.99782133	0.0021786417
0.0024754058	0.99752456
0.012534453	0.98746556
0.02200012	0.97799987
0.014027969	0.98597205
0.001953152	0.9980469
0.0023598312	0.99764013
0.997969	0.0020310278
0.9889837	0.011016276
0.18457401	0.81542605
0.1595155	0.84048456
0.97923636	0.020763634
0.033566464	0.9664335
0.008437788	0.9915622
0.61553377	0.38446623
0.021579824	0.9784202
0.0035630232	0.99643695
0.996356	0.0036440683
0.067854464	0.93214554
0.9687345	0.031265493
0.003550342	0.9964496
0.9846273	0.015372753
0.019364616	0.9806354
0.16582787	0.83417207
0.0028744326	0.99712557
0.022571374	0.9774286
0.0018081659	0.9981919
0.9676397	0.032360274
0.9926116	0.0073883994
0.002096612	0.99790335
0.99679524	0.0032048025
0.014727646	0.98527235
0.45921436	0.5407857
0.051460996	0.948539
0.0024936185	0.99750644
0.99646276	0.0035373112
0.99838066	0.0016193127
0.6810587	0.31894135
0.9062908	0.09370921
0.9971071	0.0028929047
0.9970976	0.0029023474
0.99535286	0.004647108
0.005367286	0.9946327
0.0019238483	0.9980761
0.9962568	0.003743208
0.019688101	0.9803119
0.99840516	0.0015948632
0.15281728	0.8471827
0.99410605	0.005893878
0.9980526	0.001947376
0.001872544	0.9981274
0.0070515946	0.9929484
0.9967835	0.0032165195
0.99785596	0.0021440438
0.0076885573	0.9923114
0.57705414	0.42294586
0.9949457	0.005054266
0.0037388166	0.9962612
0.015287385	0.9847126
0.008094469	0.99190557
0.92251927	0.07748067
0.04388851	0.95611155
0.04223025	0.95776975
0.9966433	0.0033566933
0.01502389	0.9849761
0.8173873	0.18261272
0.01225609	0.9877439
0.99545187	0.004548134
0.9983046	0.0016953787
0.99028486	0.009715164
0.9981774	0.0018226278
0.9983656	0.0016343824
0.0021603352	0.9978397
0.9960043	0.0039957725
0.04510982	0.9548902
0.008961902	0.9910381
0.99668914	0.0033109148
0.016029596	0.98397034
0.0020171239	0.99798286
0.95153683	0.048463184
0.9833491	0.01665087
0.0018382908	0.99816173
0.99471825	0.005281772
0.9957235	0.004276564
0.99704605	0.0029539312
0.062118344	0.9378817
0.0837972	0.9162028
0.05413863	0.94586134
0.011261596	0.9887384
0.9966227	0.00337737
0.6167304	0.3832696
0.0030883441	0.9969117
0.0024227903	0.99757725
0.9685808	0.031419218
0.0018894029	0.99811065
0.0060923626	0.99390763
0.018796863	0.98120314
0.013339253	0.9866607
0.9949031	0.0050969496
0.97191745	0.028082555
0.08196622	0.9180338
0.0039298316	0.99607015
0.003726064	0.996274
0.01473026	0.9852697
0.99526113	0.00473893
0.996781	0.0032189356
0.1013524	0.89864767
0.010139363	0.98986065
0.0020043442	0.99799573
0.9911322	0.00886783
0.0040914607	0.9959085
0.9894063	0.010593754
0.9984127	0.0015872023
0.99614644	0.0038535546
0.0038843364	0.9961157
0.9968777	0.0031223765
0.02487633	0.9751237
0.31049472	0.6895053
0.003906766	0.9960932
0.14092837	0.8590717
0.0037460595	0.99625397
0.9968786	0.0031214196
0.023836477	0.97616357
0.021254096	0.9787459
0.008352058	0.99164796
0.02990943	0.97009057
0.0025827792	0.9974172
0.0418371	0.9581629
0.9866006	0.013399442
0.002077558	0.9979225
0.0112650115	0.988735
0.011289063	0.98871094
0.99061817	0.009381837
0.99719965	0.0028003596
0.11096221	0.8890377
0.0032331743	0.9967668
0.007737116	0.99226284
0.080000415	0.9199996
0.010405849	0.9895942
0.002790953	0.997209
0.98518836	0.014811588
0.9895225	0.0104774665
0.97943854	0.020561472
0.07430087	0.9256992
0.9977316	0.002268384
0.008946881	0.99105316
0.99088424	0.009115717
0.02939489	0.97060513
0.99338853	0.0066114706
0.9978276	0.0021723765
0.99212193	0.007878093
0.99156743	0.008432555
0.029450534	0.9705495
0.14814492	0.8518551
0.95300376	0.046996225
0.075425655	0.9245744
0.006810698	0.99318933
0.16310255	0.83689743
0.9970584	0.0029416878
0.98169947	0.018300528
0.99784064	0.0021592982
0.00177956	0.9982204
0.039989088	0.9600109
0.07658855	0.9234115
0.015668692	0.9843313
0.9895419	0.010458096
0.99806124	0.0019387531
0.90725124	0.09274874
0.9959214	0.004078653
0.012683083	0.9873169
0.0022508467	0.99774915
0.58962184	0.4103782
0.9938212	0.006178796
0.9977055	0.002294486
0.984959	0.015041032
0.0039587375	0.9960413
0.009520701	0.9904793
0.9956488	0.0043511568
0.0034071235	0.9965928
0.0018631747	0.99813676
0.99789435	0.0021056482
0.07883842	0.9211616
0.9984353	0.0015646226
0.005775773	0.99422425
0.03141111	0.9685888
0.98959315	0.01040687
0.0046519823	0.99534804
0.99426585	0.005734105
0.0020315372	0.9979685
0.06834428	0.93165576
0.050673213	0.94932675
0.01868986	0.9813101
0.01936171	0.98063827
0.9924212	0.007578848
0.84597343	0.15402661
0.0058897613	0.99411017
0.99829847	0.001701507
0.002147641	0.99785244
0.047266867	0.95273316
0.011231076	0.98876894
0.9982646	0.0017353641
0.99410087	0.005899088
0.9256002	0.074399814
0.95068985	0.04931011
0.0019615206	0.9980385
0.08967701	0.91032296
0.0025392189	0.9974607
0.9973833	0.00261672
0.26819438	0.7318057
0.0021457411	0.9978543
0.12311856	0.8768814
0.024052473	0.97594756
0.5100513	0.48994866
0.01340721	0.9865928
0.9975031	0.0024969012
0.98456717	0.015432855
0.0022703512	0.9977297
0.99782866	0.0021713534
0.017227488	0.9827725
0.99628675	0.0037132704
0.99684626	0.0031537681
0.99765426	0.0023457666
0.002693412	0.9973066
0.04899499	0.95100504
0.9619767	0.038023327
0.968458	0.031542033
0.9930623	0.0069376556
0.008923327	0.9910767
0.9971234	0.0028765558
0.9929496	0.007050366
0.2955754	0.7044246
0.99827373	0.0017262092
0.03165248	0.96834755
0.9911699	0.0088300435
0.9976888	0.0023112593
0.99445385	0.0055461233
0.99703634	0.002963708
0.0027248242	0.9972752
0.99003744	0.009962601
0.9984016	0.0015983658
0.9955662	0.0044338135
0.046637002	0.95336306
0.040813513	0.95918655
0.0205444	0.9794556
0.98796856	0.012031461
0.9766789	0.023321133
0.9974094	0.002590554
0.0075120954	0.9924879
0.0041796356	0.9958204
0.014042827	0.98595715
0.0018194261	0.9981806
0.0022446313	0.99775535
0.054198995	0.945801
0.98433083	0.015669134
0.9935222	0.0064778514
0.9928284	0.0071715903
0.10019606	0.8998039
0.0040754895	0.9959245
0.0020988656	0.9979011
0.015140935	0.98485905
0.2236991	0.7763009
0.99220604	0.00779391
0.0045572687	0.99544275
0.04916776	0.95083225
0.99819285	0.0018071256
0.005345537	0.9946544
0.99574655	0.004253505
0.9898207	0.010179237
0.0032899303	0.99671006
0.0033893886	0.9966106
0.9889389	0.011061055
0.0021807523	0.9978193
0.010722312	0.9892777
0.99057347	0.009426578
0.99616563	0.0038343314
0.0050112163	0.99498874
0.9982948	0.0017052761
0.0447915	0.95520854
0.9982938	0.0017061536
0.960422	0.039578058
0.99312085	0.00687916
0.9960253	0.0039746556
0.024446493	0.9755535
0.94213825	0.05786173
0.0026296622	0.99737036
0.0020798391	0.9979202
0.99719703	0.0028030055
0.996093	0.003907009
0.99529994	0.004700072
0.20814179	0.79185814
0.029053308	0.9709467
0.9984201	0.0015798497
0.212829	0.78717107
0.0023758914	0.9976241
0.9980354	0.001964611
0.0029254586	0.9970745
0.0062611564	0.9937389
0.99243814	0.007561881
0.06338908	0.93661094
0.004153943	0.9958461
0.0029334812	0.99706656
0.06576093	0.93423903
0.062168602	0.93783134
0.025962463	0.9740375
0.9959341	0.004065826
0.03280947	0.96719056
0.99406296	0.005937075
0.0035097934	0.9964902
0.005032044	0.994968
0.025387056	0.974613
0.006115783	0.99388415
0.9947733	0.0052266866
0.95124173	0.048758294
0.97517174	0.024828216
0.006375821	0.9936242
0.9946629	0.005337078
0.78671646	0.21328358
0.9979134	0.002086568
0.07141347	0.9285865
0.0018338653	0.99816614
0.007530797	0.99246925
0.0038548748	0.9961451
0.00772798	0.992272
0.9920725	0.007927524
0.99166685	0.00833321
0.0057416055	0.9942584
0.0027402681	0.99725974
0.0024942872	0.9975057
0.9886354	0.011364633
0.99762446	0.0023755932
0.9696298	0.030370213
0.28941372	0.7105863
0.0065559708	0.9934441
0.0115847755	0.98841524
0.9934604	0.0065395623
0.0127874	0.9872126
0.03890173	0.96109825
0.082041875	0.91795814
0.0020340504	0.99796593
0.95946026	0.040539697
0.15054543	0.8494546
0.9975339	0.0024661208
0.99719113	0.002808884
0.856228	0.143772
0.03129362	0.9687064
0.99323386	0.0067660674
0.9978561	0.0021438797
0.993254	0.0067460053
0.010372819	0.9896271
0.99279493	0.007205031
0.9965855	0.0034145
0.9950027	0.0049973456
0.0069188406	0.99308115
0.9969765	0.0030234593
0.99750865	0.0024913729
0.034333814	0.9656662
0.99513286	0.004867173
0.13567619	0.8643238
0.0024007815	0.9975992
0.9903284	0.009671604
0.042159587	0.9578404
0.003084635	0.99691534
0.24295323	0.75704676
0.9944622	0.0055377875
0.0025783007	0.99742174
0.02372786	0.97627217
0.99786097	0.002139067
0.984	0.015999991
0.003911608	0.9960884
0.9874144	0.012585614
0.002557622	0.99744236
0.0020193195	0.99798065
0.008595627	0.9914044
0.0063251564	0.9936748
0.0023127166	0.99768734
0.98180157	0.018198416
0.98623616	0.01376391
0.9798608	0.020139173
0.024682714	0.97531724
0.0053963554	0.9946036
0.9087948	0.09120521
0.9938158	0.0061841914
0.9974049	0.0025951182
0.07572097	0.9242791
0.005199722	0.9948003
0.997168	0.0028319964
0.0026574072	0.99734265
0.0202526	0.9797474
0.9975055	0.0024944912
0.9968437	0.0031562783
0.023598058	0.9764019
0.0020194482	0.99798054
0.027846044	0.972154
0.73268867	0.2673114
0.014366182	0.9856338
0.05363753	0.9463625
0.0039635724	0.99603647
0.047877897	0.9521221
0.9945358	0.0054641645
0.013941779	0.9860582
0.997505	0.00249498
0.9971902	0.002809827
0.05104057	0.94895947
0.9983956	0.001604407
0.049600415	0.9503996
0.9930878	0.0069121667
0.026662108	0.9733378
0.03926103	0.960739
0.010435894	0.98956406
0.9934041	0.0065959487
0.0057959342	0.9942041
0.99756014	0.002439891
0.0020128703	0.99798715
0.997928	0.0020720076
0.9970757	0.0029242712
0.08703171	0.9129683
0.09495395	0.9050461
0.9897559	0.01024412
0.169025	0.830975
0.018707879	0.9812921
0.0019512548	0.9980488
0.0024526638	0.9975473
0.17859468	0.8214053
0.0019887926	0.99801123
0.0116536915	0.9883463
0.005597835	0.9944022
0.022878742	0.9771213
0.0031920625	0.9968079
0.5594744	0.44052556
0.98968667	0.010313341
0.00320825	0.9967918
0.9828384	0.017161638
0.993053	0.0069469884
0.039937988	0.960062
0.9983209	0.0016791263
0.9971693	0.002830639
0.9931195	0.0068805865
0.9954341	0.004565886
0.026154311	0.97384566
0.91798705	0.0820129
0.00397045	0.9960296
0.01329557	0.98670447
0.012030985	0.98796904
0.00522128	0.99477875
0.9960983	0.00390164
0.0024871589	0.9975128
0.027691979	0.97230804
0.014952338	0.9850477
0.00500512	0.9949949
0.9962838	0.0037161894
0.9947752	0.0052248575
0.9971034	0.0028966335
0.014836618	0.9851634
0.003723166	0.9962768
0.9983725	0.0016274807
0.008284183	0.99171585
0.52580535	0.47419465
0.0022650182	0.997735
0.049736757	0.9502632
0.038802158	0.96119785
0.0044565974	0.9955434
0.008747124	0.99125284
0.0034948506	0.99650514
0.003684107	0.9963159
0.97383684	0.026163137
0.99837697	0.0016230637
0.9935267	0.006473324
0.99782	0.0021800261
0.99828774	0.0017122917
0.0020990118	0.99790096
0.9977512	0.002248779
0.9757784	0.024221558
0.9943222	0.0056778304
0.99641114	0.003588914
0.022296173	0.9777038
0.0058469665	0.9941531
0.08667173	0.9133283
0.6948398	0.30516022
0.99764425	0.002355733
0.009716567	0.9902834
0.002398971	0.9976011
0.001730975	0.99826896
0.9970657	0.0029342931
0.002307868	0.9976921
0.99563146	0.004368602
0.007846632	0.99215335
0.9980725	0.0019274205
0.9019032	0.09809678
0.070394784	0.92960525
0.1450056	0.85499436
0.98433685	0.015663208
0.10704121	0.89295876
0.00439892	0.99560106
0.009807308	0.9901928
0.86602026	0.13397972
0.99279237	0.0072076004
0.0019167709	0.99808323
0.925274	0.07472601
0.9877735	0.012226506
0.9976859	0.0023141254
0.0019588154	0.99804115
0.96673954	0.033260476
0.99744403	0.0025559328
0.0022523466	0.9977476
0.997897	0.0021029557
0.0024025205	0.9975975
0.0024878772	0.9975121
0.0017608829	0.99823916
0.052411776	0.9475882
0.1358271	0.86417294
0.9767578	0.02324219
0.1045677	0.89543235
0.0020445813	0.99795544
0.0023555916	0.99764436
0.00498796	0.99501204
0.9951351	0.0048649027
0.01784317	0.9821568
0.18462378	0.8153762
0.37511387	0.62488616
0.96996677	0.030033283
0.99455863	0.0054413807
0.09035317	0.90964687
0.9954514	0.004548639
0.0042265914	0.9957734
0.9982395	0.0017604403
0.005466189	0.9945338
0.976853	0.023147006
0.90192384	0.09807616
0.0018929176	0.9981071
0.9982969	0.001703045
0.99785244	0.0021475696
0.027706355	0.9722936
0.99476683	0.0052332166
0.0029848164	0.99701524
0.9647503	0.03524969
0.982736	0.017263943
0.99813074	0.0018693358
0.0024200983	0.9975799
0.15347941	0.8465206
0.9982455	0.0017545543
0.011910947	0.988089
0.0020428442	0.9979571
0.014009117	0.9859908
0.0018254694	0.99817455
0.0059398864	0.9940601
0.998131	0.0018690304
0.0064659854	0.99353397
0.9845861	0.015413859
0.0025525896	0.9974475
0.0020778526	0.9979221
0.0096988	0.99030125
0.9971111	0.0028888388
0.9909575	0.009042484
0.01451082	0.9854892
0.80514467	0.19485536
0.007896264	0.9921037
0.99810106	0.0018989795
0.9971354	0.002864597
0.0073472243	0.9926528
0.9868433	0.0131567735
0.99192375	0.008076243
0.0020558755	0.9979442
0.9514147	0.048585348
0.9938095	0.006190511
0.018518738	0.9814812
0.0028291645	0.99717087
0.0028254893	0.9971745
0.003504011	0.996496
0.073537156	0.9264629
0.012866036	0.9871339
0.9879067	0.012093308
0.04095544	0.9590445
0.033603936	0.9663961
0.86975735	0.13024263
0.07249113	0.92750883
0.99749243	0.0025075544
0.0024507476	0.99754924
0.003532739	0.99646723
0.0037434336	0.9962566
0.99785584	0.0021441223
0.99798006	0.0020199355
0.99840575	0.0015942301
0.9982126	0.001787438
0.02187351	0.97812647
0.10302462	0.8969754
0.007211149	0.99278885
0.0021331424	0.9978669
0.3522896	0.64771044
0.9948101	0.005189875
0.99741024	0.002589725
0.9952572	0.0047427593
0.0020341142	0.99796593
0.9940692	0.0059307623
0.0037225536	0.9962774
0.9970095	0.0029904067
0.008657546	0.9913424
0.982444	0.017555956
0.9178847	0.082115255
0.13146879	0.8685312
0.0020602744	0.99793965
0.07395661	0.92604333
0.13150178	0.8684982
0.05173733	0.94826275
0.99769515	0.0023048162
0.52302504	0.476975
0.99620086	0.0037991502
0.9966329	0.0033671695
0.0019384576	0.9980615
0.97489774	0.025102293
0.17245428	0.8275457
0.9972633	0.0027366476
0.99825233	0.0017476609
0.0029164928	0.9970835
0.9963775	0.0036224648
0.04328768	0.95671237
0.15989569	0.84010434
0.99201727	0.007982775
0.996932	0.0030679463
0.7979088	0.20209128
0.98069876	0.019301271
0.99378973	0.0062102554
0.97495914	0.025040861
0.0074087055	0.99259126
0.9631279	0.036872096
0.9696154	0.030384585
0.01685139	0.9831486
0.0025199642	0.9974801
0.039583694	0.96041626
0.826149	0.17385095
0.97613007	0.02386999
0.03503648	0.9649635
0.004639339	0.9953607
0.006870363	0.9931297
0.014670939	0.9853291
0.99831843	0.0016816348
0.12943655	0.8705634
0.9948643	0.005135709
0.9851083	0.014891659
0.99775094	0.002249072
0.0019284694	0.9980716
0.0051589133	0.99484104
0.9985582	0.0014417705
0.0020670847	0.9979329
0.99575716	0.0042428505
0.009111584	0.9908885
0.99760497	0.0023949961
0.02484038	0.97515965
0.9964818	0.0035182072
0.002206788	0.9977932
0.0020088484	0.9979912
0.0040590675	0.9959409
0.9984097	0.0015903002
0.092257135	0.90774286
0.026846698	0.97315335
0.99683064	0.0031694076
0.9970638	0.0029362135
0.77475315	0.22524685
0.0024191076	0.9975809
0.06700522	0.9329947
0.012683369	0.9873166
0.08169108	0.9183089
0.008562091	0.991438
0.0022543236	0.9977457
0.99812835	0.0018716984
0.0074011777	0.9925988
0.9958683	0.004131672
0.0040715025	0.99592847
0.9984541	0.0015458586
0.92678756	0.0732125
0.9102396	0.089760385
0.0021173612	0.99788266
0.9400575	0.05994253
0.9756983	0.024301657
0.99810165	0.0018983596
0.9983669	0.0016331528
0.051041804	0.94895816
0.0023131445	0.99768686
0.9933867	0.006613299
0.07959013	0.92040986
0.117607646	0.8823924
0.9963212	0.003678841
0.0071850745	0.9928149
0.8699355	0.13006449
0.7556607	0.24433921
0.99561536	0.004384592
0.64542013	0.35457987
0.9978225	0.0021775041
0.9904912	0.009508764
0.9971264	0.0028735646
0.001888119	0.99811184
0.028374247	0.9716258
0.010998021	0.989002
0.018655242	0.9813448
0.01104118	0.98895884
0.0023603116	0.99763966
0.0020845414	0.99791545
0.99823123	0.0017687591
0.99303037	0.006969611
0.044922948	0.95507705
0.010942709	0.98905724
0.0077164886	0.9922835
0.9978842	0.002115776
0.0039802394	0.9960198
0.0019705812	0.9980294
0.0075322306	0.9924678
0.9879992	0.012000779
0.082099766	0.91790026
0.026172638	0.9738273
0.0090091275	0.9909909
0.99798167	0.0020183069
0.1178605	0.88213944
0.99745363	0.0025464068
0.904144	0.09585597
0.0030152202	0.9969848
0.06631212	0.9336879
0.9973502	0.0026497303
0.9967163	0.00328366
0.0043629375	0.9956371
0.9973339	0.0026661886
0.012470183	0.9875299
0.9747096	0.025290396
0.9974178	0.0025822253
0.058307886	0.94169205
0.98848313	0.011516864
0.034330968	0.9656691
0.005787101	0.9942129
0.0640952	0.93590474
0.9898246	0.0101754675
0.9981981	0.001801948
0.7838671	0.21613288
0.05163692	0.94836307
0.010963454	0.9890365
0.0126528805	0.9873471
0.030374093	0.9696259
0.06770636	0.9322937
0.061662864	0.9383371
0.023005368	0.97699463
0.0019049755	0.998095
0.008096637	0.99190336
0.9948515	0.0051484695
0.0019854994	0.99801445
0.0074563087	0.9925437
0.11860086	0.88139915
0.015047589	0.9849524
0.98718727	0.012812712
0.013350989	0.986649
0.026640343	0.97335964
0.0017852323	0.99821484
0.0033798588	0.9966202
0.9974477	0.0025522872
0.9972383	0.002761714
0.0021767984	0.99782324
0.055615034	0.94438493
0.9984824	0.0015175937
0.98594296	0.01405707
0.9764847	0.023515254
0.08165028	0.91834974
0.9971174	0.002882621
0.0038722702	0.9961278
0.024097532	0.9759025
0.9869415	0.01305845
0.9967301	0.0032698712
0.9975127	0.0024872655
0.014417208	0.9855828
0.99438936	0.005610653
0.99715865	0.002841308
0.9955349	0.0044651576
0.996148	0.0038519567
0.0027611572	0.9972389
0.9969886	0.003011441
0.03254419	0.9674558
0.9978452	0.0021548697
0.99597305	0.0040269606
0.015598057	0.984402
0.99704593	0.0029540632
0.003570925	0.99642915
0.0040233526	0.9959766
0.0110095665	0.9889904
0.0067789527	0.99322104
0.002940371	0.99705964
0.99677116	0.0032288132
0.0021439346	0.9978561
0.99670535	0.0032947154
0.04886613	0.9511339
0.045028895	0.9549711
0.9964349	0.003565018
0.002355074	0.99764496
0.0058461567	0.9941538
0.9946467	0.005353235
0.9415651	0.058434833
0.9973091	0.0026909516
0.9833394	0.016660571
0.029671138	0.9703288
0.99588335	0.0041167215
0.001990029	0.99801
0.9966229	0.003377113
0.0018767633	0.9981232
0.11057537	0.88942456
0.99696666	0.003033369
0.99690574	0.003094204
0.0068977536	0.9931023
0.9973845	0.0026155182
0.99728346	0.002716483
0.110775694	0.88922435
0.033487573	0.96651244
0.011262404	0.9887376
0.9973093	0.0026907146
0.9926757	0.0073242974
0.9962049	0.003795097
0.9762458	0.023754163
0.0036441477	0.9963559
0.08745098	0.912549
0.98344964	0.016550366
0.0036883925	0.9963116
0.9983852	0.0016148285
0.0059634317	0.99403656
0.022848107	0.97715193
0.008151784	0.99184823
0.0044431165	0.9955569
0.011620401	0.9883796
0.018973324	0.98102665
0.99847764	0.0015224245
0.0032157612	0.9967842
0.00939138	0.9906087
0.997563	0.0024370295
0.0038619288	0.99613804
0.9973315	0.0026685582
0.002533713	0.9974663
0.027108224	0.9728918
0.96897584	0.031024165
0.94274384	0.05725615
0.9852653	0.014734733
0.99441046	0.0055895275
0.99167633	0.008323698
0.86232024	0.13767976
0.015253362	0.9847467
0.99248224	0.007517718
0.418709	0.581291
0.025024729	0.9749752
0.7345209	0.26547903
0.99776316	0.002236808
0.99262977	0.0073702615
0.005792896	0.99420714
0.0018791677	0.99812084
0.44276673	0.5572332
0.99730897	0.0026910717
0.9944095	0.0055904817
0.027698576	0.97230136
0.9956994	0.004300631
0.004084645	0.99591535
0.04228188	0.95771813
0.9964904	0.0035096118
0.037730657	0.96226937
0.0021779567	0.99782205
0.98547214	0.014527849
0.99297017	0.007029796
0.99664575	0.0033541925
0.013775896	0.98622406
0.009383216	0.99061674
0.93042207	0.06957798
0.04366634	0.9563337
0.0023319034	0.9976681
0.018460589	0.9815394
0.99785066	0.002149346
0.042462595	0.9575374
0.998384	0.0016159775
0.24164587	0.75835407
0.0020442465	0.9979557
0.9963779	0.0036221086
0.9978029	0.0021970407
0.99787986	0.0021202182
0.95369536	0.04630466
0.9940942	0.005905854
0.006555325	0.9934447
0.992926	0.0070740534
0.9747984	0.02520164
0.99614525	0.003854704
0.010024534	0.9899755
0.9983039	0.00169611
0.9347895	0.0652106
0.9729677	0.027032305
0.020360908	0.97963905
0.9896355	0.0103644775
0.9221053	0.07789466
0.0080329245	0.991967
0.99726427	0.002735763
0.0031559214	0.99684405
0.015284722	0.9847152
0.0018972362	0.99810284
0.0017593622	0.9982406
0.002365435	0.99763453
0.19897708	0.8010229
0.97120416	0.028795805
0.9965102	0.003489836
0.9943961	0.005603887
0.0061636707	0.99383634
0.05841987	0.9415801
0.0032306614	0.9967693
0.9983115	0.0016884602
0.0036032535	0.9963967
0.99819225	0.0018077408
0.9897043	0.010295669
0.014501535	0.9854984
0.0023116223	0.9976884
0.0020882864	0.99791175
0.89184326	0.1081568
0.9974778	0.0025221799
0.99680907	0.003190957
0.98117495	0.018825095
0.9975345	0.0024655298
0.9982673	0.0017326799
0.7440765	0.25592354
0.99602073	0.0039792564
0.9982901	0.0017098914
0.0021092605	0.9978908
0.9983026	0.0016973692
0.101657055	0.89834297
0.003488715	0.9965113
0.9983518	0.0016482035
0.99690944	0.0030905497
0.018767495	0.9812325
0.026667219	0.97333276
0.67822945	0.3217705
0.0024420808	0.9975579
0.9959014	0.004098651
0.99850744	0.0014925401
0.076618925	0.9233811
0.98821706	0.011782944
0.99252456	0.0074754595
0.002250816	0.99774915
0.85785246	0.14214756
0.006652428	0.9933476
0.9983474	0.0016526334
0.07154032	0.92845964
0.9978383	0.00216169
0.0043896222	0.9956104
0.99829644	0.0017035517
0.45454955	0.54545045
0.004668443	0.9953316
0.870849	0.12915097
0.9630893	0.036910668
0.0028513505	0.9971487
0.7843993	0.21560073
0.93245244	0.067547575
0.0226058	0.9773942
0.9966989	0.0033011076
0.003928352	0.9960717
0.99568486	0.004315159
0.9950186	0.0049814335
0.012977896	0.9870221
0.98865813	0.011341898
0.9966627	0.0033373402
0.016737914	0.98326206
0.0020423692	0.9979576
0.050162867	0.9498371
0.9613613	0.03863873
0.9976	0.0023999847
0.92155963	0.07844036
0.992034	0.007965954
0.01401539	0.98598456
0.9737733	0.026226653
0.870416	0.12958403
0.97191423	0.028085811
0.947904	0.052096073
0.0046542506	0.9953458
0.96706176	0.032938186
0.30571866	0.69428134
0.002268944	0.99773103
0.9923225	0.007677564
0.9954268	0.004573187
0.0047561117	0.99524385
0.012760708	0.9872393
0.0046647843	0.9953353
0.99808264	0.0019173502
0.05591187	0.9440881
0.99665314	0.0033468632
0.9890288	0.0109712025
0.025093626	0.9749063
0.0064760535	0.99352396
0.024403147	0.97559685
0.9632125	0.036787447
0.95667046	0.04332951
0.0028201833	0.99717987
0.00201414	0.99798584
0.98638713	0.013612926
0.69207126	0.3079287
0.9878692	0.012130811
0.99195004	0.008050019
0.9964988	0.0035012036
0.0021866832	0.99781334
0.9963748	0.0036252423
0.9948691	0.0051308656
0.99600166	0.0039982856
0.03093358	0.9690664
0.044046137	0.9559539
0.99815995	0.0018400678
0.9941783	0.0058217146
0.9112222	0.088777795
0.0053722956	0.99462765
0.1288297	0.8711702
0.0018273715	0.99817264
0.99833494	0.0016650899
0.30747458	0.6925254
0.9059161	0.0940839
0.0031153655	0.99688464
0.9967939	0.003206064
0.97688496	0.02311507
0.92250246	0.07749752
0.71196544	0.2880346
0.9869047	0.013095351
0.13759853	0.8624014
0.0023461685	0.9976539
0.997983	0.0020170033
0.0020253642	0.9979747
0.05402413	0.9459759
0.002166801	0.9978332
0.9871431	0.012856871
0.0032429658	0.9967571
0.98670536	0.013294639
0.0025099444	0.99749005
0.02553878	0.97446126
0.9976192	0.0023807178
0.0023055705	0.99769443
0.9948349	0.005165062
0.9966037	0.003396288
0.46209875	0.5379012
0.0018052618	0.99819475
0.0661924	0.93380755
0.0029166427	0.99708337
0.09109179	0.9089082
0.0022036384	0.9977964
0.9984463	0.0015537974
0.014163841	0.98583615
0.989233	0.010766928
0.0044850274	0.9955149
0.9983322	0.001667814
0.047301993	0.952698
0.91476476	0.085235246
0.049936503	0.95006347
0.0059130136	0.994087
0.0018816432	0.9981184
0.005870334	0.99412966
0.99777406	0.0022259548
0.08658955	0.9134104
0.0132191945	0.9867808
0.9982627	0.001737337
0.9978961	0.0021039355
0.997538	0.0024620278
0.99789727	0.0021026544
0.0019435199	0.9980565
0.98726815	0.012731839
0.022882361	0.97711766
0.9952884	0.0047115847
0.9984042	0.0015958081
0.98656267	0.013437329
0.8449428	0.15505725
0.99716055	0.0028394253
0.9977036	0.0022964212
0.99755967	0.0024402898
0.7841487	0.21585132
0.98205996	0.017940072
0.9981616	0.001838387
0.0046975985	0.99530244
0.9974733	0.0025266705
0.91441655	0.085583396
0.028363284	0.9716367
0.9959571	0.004042944
0.04695697	0.9530431
0.10143587	0.8985641
0.9861821	0.013817892
0.99765515	0.0023447836
0.8389954	0.16100465
0.0020821362	0.99791783
0.0483921	0.9516079
0.8696766	0.13032345
0.004086833	0.9959131
0.014814095	0.9851859
0.010893425	0.9891066
0.027661303	0.9723387
0.9921272	0.007872828
0.002280758	0.9977192
0.96029294	0.039707102
0.99475765	0.005242424
0.002364354	0.9976356
0.012111038	0.987889
0.0040537873	0.9959462
0.9775645	0.022435546
0.011128293	0.98887175
0.04744516	0.9525549
0.99791974	0.0020802608
0.97887254	0.02112749
0.92031556	0.079684466
0.032526474	0.96747357
0.9974396	0.002560369
0.99473745	0.00526258
0.0032391471	0.9967609
0.03697779	0.9630222
0.004517767	0.9954822
0.9930686	0.006931492
0.43911222	0.5608878
0.0037546647	0.9962453
0.9971034	0.0028966528
0.004583268	0.99541676
0.011737933	0.9882621
0.998123	0.0018770314
0.002473122	0.99752694
0.9958378	0.004162149
0.9949575	0.0050425255
0.77320576	0.22679424
0.0023654148	0.99763453
0.99696225	0.0030377917
0.9953941	0.004605887
0.9982023	0.0017976869
0.01184011	0.9881599
0.9848173	0.015182716
0.006592907	0.99340713
0.9980483	0.0019517433
0.7944758	0.2055242
0.89300513	0.106994875
0.9964143	0.0035856136
0.99546105	0.004538983
0.00412493	0.99587506
0.031590942	0.96840906
0.99654263	0.0034573425
0.99284244	0.0071575986
0.006099666	0.9939003
0.30739677	0.69260323
0.9982224	0.001777635
0.002807666	0.9971923
0.9496755	0.050324477
0.0019349386	0.99806505
0.9803427	0.019657366
0.99839526	0.0016047385
0.9951534	0.004846594
0.99720025	0.0027998032
0.99792105	0.0020789246
0.96143425	0.038565747
0.9294554	0.07054462
0.99371606	0.006283935
0.9885781	0.011421962
0.011347331	0.98865265
0.001958027	0.998042
0.95693815	0.043061886
0.9712786	0.028721385
0.99578226	0.0042177686
0.031731516	0.9682685
0.003432788	0.99656713
0.1078678	0.89213216
0.99839896	0.0016010001
0.98138636	0.01861363
0.9979468	0.0020532217
0.98094475	0.01905519
0.9975719	0.0024280883
0.0018227563	0.9981773
0.024799624	0.97520036
0.9976221	0.002377868
0.99718106	0.0028189726
0.98581254	0.014187484
0.0020763406	0.9979236
0.9963121	0.0036878632
0.06434241	0.93565756
0.98949814	0.010501828
0.9952342	0.004765823
0.98853195	0.011467996
0.1109428	0.88905716
0.05886201	0.941138
0.0018009964	0.99819905
0.003988797	0.99601126
0.0018124749	0.9981875
0.99061286	0.009387068
0.9957866	0.004213351
0.61987215	0.38012788
0.97632253	0.023677424
0.9853507	0.01464929
0.0021370305	0.997863
0.03628868	0.9637113
0.002913649	0.99708635
0.99655044	0.0034495706
0.025742996	0.974257
0.8473206	0.1526794
0.00862122	0.9913788
0.0025825938	0.99741745
0.9976579	0.0023420623
0.028320571	0.97167945
0.9964245	0.0035754608
0.003077587	0.99692243
0.92126703	0.07873298
0.0019797902	0.9980202
0.9982533	0.0017467329
0.004385271	0.99561477
0.0021180746	0.99788195
0.98898005	0.011019893
0.07074812	0.9292519
0.012213746	0.9877863
0.99849296	0.0015070761
0.99703467	0.002965357
0.9867692	0.013230763
0.006627894	0.9933721
0.641495	0.35850498
0.04847304	0.95152694
0.9760074	0.023992542
0.99803454	0.0019654622
0.0042088875	0.9957911
0.006195004	0.99380505
0.9979559	0.002044054
0.0056451946	0.99435484
0.009148024	0.99085194
0.9914689	0.0085311765
0.9938042	0.0061957967
0.998173	0.0018269636
0.99707115	0.0029288044
0.0021867664	0.9978132
0.99402976	0.0059702275
0.9955297	0.0044703386
0.9962902	0.0037098462
0.91044825	0.0895517
0.9955813	0.0044187186
0.843018	0.15698199
0.0028491493	0.99715084
0.9982498	0.0017501668
0.9548638	0.045136195
0.99794644	0.0020535933
0.017234279	0.98276573
0.0018665352	0.9981335
0.10652215	0.89347786
0.9663693	0.033630703
0.9979608	0.002039182
0.99469006	0.0053100134
0.96244556	0.03755448
0.04284501	0.957155
0.99405235	0.005947668
0.025249267	0.9747507
0.9982913	0.0017086586
0.9970462	0.0029538695
0.001925204	0.99807477
0.002063797	0.99793625
0.0058672405	0.9941328
0.9870499	0.012950152
0.060214102	0.9397859
0.038981814	0.9610182
0.003369838	0.99663013
0.0026779124	0.99732214
0.003205127	0.9967949
0.99812645	0.0018735236
0.01583378	0.98416626
0.982957	0.017042985
0.008024487	0.9919755
0.0026027295	0.9973973
0.99719954	0.002800509
0.0017295335	0.9982704
0.99593145	0.0040685683
0.002333468	0.9976666
0.97042525	0.029574754
0.997769	0.0022310067
0.0058308565	0.9941691
0.0044050347	0.9955949
0.0019099995	0.99808997
0.030781843	0.96921813
0.99817	0.0018299198
0.07600229	0.92399764
0.01134446	0.98865557
0.9774859	0.022514155
0.9973239	0.00267608
0.9978276	0.0021724054
0.03315252	0.9668474
0.0024997697	0.99750024
0.028968582	0.97103137
0.00907573	0.9909243
0.0019729112	0.998027
0.0018995526	0.99810046
0.99768853	0.00231153
0.0025992896	0.99740076
0.98083925	0.019160753
0.9567024	0.043297585
0.06193929	0.9380607
0.99731207	0.0026879662
0.013238198	0.9867618
0.0025390016	0.99746096
0.97935885	0.0206412
0.9968509	0.003149139
0.87208635	0.12791371
0.011570216	0.9884298
0.9951036	0.0048964107
0.14831795	0.851682
0.99515474	0.0048452346
0.0058476427	0.99415237
0.998461	0.0015389455
0.97489375	0.025106192
0.09632394	0.90367603
0.0023986604	0.99760133
0.0056073023	0.99439263
0.9971033	0.0028967562
0.9981797	0.0018203651
0.9926248	0.007375126
0.9980883	0.0019117167
0.025210518	0.97478944
0.6829806	0.31701943
0.0039191027	0.99608094
0.9838774	0.016122537
0.004196184	0.9958039
0.0094310045	0.990569
0.99784017	0.0021598232
0.9945386	0.005461333
0.108120486	0.89187944
0.99650407	0.0034959803
0.0032339306	0.9967661
0.9885642	0.011435786
0.93262535	0.06737466
0.0030618242	0.9969382
0.00186488	0.9981351
0.032442976	0.967557
0.007484544	0.9925155
0.001967287	0.99803275
0.99803907	0.0019609644
0.799969	0.20003097
0.84844595	0.15155408
0.6457386	0.3542614
0.9959799	0.0040201293
0.9966763	0.0033236311
0.02888572	0.9711142
0.019868081	0.9801319
0.9921232	0.007876796
0.0022491664	0.9977508
0.011637248	0.9883627
0.14621498	0.85378504
0.0026687519	0.99733126
0.0065502063	0.99344987
0.980638	0.019361986
0.9969627	0.0030372082
0.10496516	0.8950349
0.99779594	0.0022040536
0.007323444	0.9926765
0.053554937	0.9464451
0.9869658	0.013034261
0.09226225	0.9077378
0.007542624	0.9924574
0.0525336	0.94746643
0.00892563	0.9910744
0.002144149	0.99785584
0.9948325	0.005167476
0.9980373	0.0019627858
0.99511886	0.00488117
0.0043786927	0.99562126
0.9177147	0.082285285
0.98183984	0.018160144
0.002674524	0.9973254
0.94219524	0.0578048
0.0029077136	0.99709225
0.014326104	0.98567384
0.9929079	0.0070920954
0.0021299883	0.99786997
0.0110541	0.9889459
0.006679088	0.9933209
0.99516994	0.00483007
0.99360704	0.0063929777
0.03614415	0.96385586
0.9978522	0.00214787
0.12016605	0.87983394
0.003239199	0.9967608
0.038847893	0.96115214
0.018731875	0.9812681
0.0052064774	0.9947935
0.997769	0.002231046
0.9870777	0.012922236
0.9971559	0.002844098
0.0027010066	0.997299
0.0026202318	0.9973797
0.08975349	0.9102465
0.988499	0.011501066
0.62157273	0.3784272
0.08336105	0.9166389
0.0042168773	0.9957831
0.002060295	0.99793965
0.07554446	0.9244556
0.98861176	0.011388219
0.0029449738	0.99705505
0.36035493	0.6396451
0.0026879916	0.99731207
0.006503533	0.9934964
0.008733309	0.99126667
0.006827271	0.9931727
0.99710256	0.0028974116
0.0883294	0.9116706
0.0029330573	0.9970669
0.99737513	0.0026249315
0.0017992279	0.9982008
0.018339207	0.98166084
0.9854827	0.014517299
0.002818048	0.997182
0.0021620463	0.99783796
0.9949909	0.005009072
0.015048401	0.98495156
0.99499255	0.005007411
0.93000895	0.06999108
0.0029444837	0.99705553
0.9965616	0.0034383961
0.008465496	0.99153453
0.082189955	0.9178101
0.9916259	0.008374052
0.99700624	0.0029937238
0.0033821287	0.99661785
0.0027093298	0.9972907
0.99386793	0.0061320616
0.9887101	0.011289937
0.99794894	0.0020510226
0.9884419	0.011558083
0.0032456177	0.99675435
0.0031930874	0.996807
0.0074732495	0.99252677
0.017283356	0.9827167
0.0019491127	0.9980509
0.9918833	0.008116759
0.98199826	0.018001754
0.1921321	0.80786794
0.0023906515	0.9976094
0.0070644408	0.9929356
0.9803389	0.0196611
0.0036929862	0.996307
0.0028720924	0.99712795
0.0071662148	0.99283385
0.0045089	0.9954911
0.99699473	0.003005274
0.031966235	0.9680338
0.024892915	0.9751071
0.9855391	0.014460907
0.9969975	0.0030025437
0.98992234	0.010077596
0.0055100266	0.9944899
0.995118	0.004882032
0.1506466	0.8493534
0.04154528	0.95845467
0.0019185304	0.99808145
0.09196718	0.90803283
0.9979354	0.0020646045
0.9980009	0.0019990765
0.996894	0.0031060025
0.05192136	0.9480786
0.99650997	0.003490025
0.015789919	0.98421013
0.004940121	0.9950599
0.02824363	0.97175634
0.003944342	0.9960556
0.99071735	0.009282684
0.081831425	0.91816854
0.011280317	0.98871964
0.0020205257	0.99797946
0.0074392585	0.9925607
0.0019974788	0.99800247
0.003621644	0.99637836
0.0062897056	0.9937103
0.9932232	0.0067768143
0.027060438	0.97293955
0.32302144	0.6769786
0.0022126355	0.99778736
0.9884382	0.011561789
0.069417074	0.93058294
0.05756191	0.94243807
0.06399868	0.93600136
0.99471277	0.005287199
0.99266475	0.007335278
0.74528956	0.25471047
0.017693037	0.982307
0.020715019	0.979285
0.04327827	0.9567217
0.010078863	0.9899212
0.99558324	0.004416829
0.99706155	0.0029384536
0.9844766	0.015523421
0.0066208597	0.9933791
0.003767149	0.9962328
0.014870479	0.9851295
0.9889103	0.011089617
0.02848513	0.9715148
0.004704276	0.9952957
0.034347985	0.965652
0.019120302	0.9808797
0.9963043	0.0036957455
0.9984628	0.0015372349
0.9977075	0.0022924882
0.9876472	0.012352785
0.003316929	0.99668306
0.9975255	0.0024745457
0.9691143	0.030885732
0.9972084	0.002791633
0.9970156	0.0029843734
0.0128789665	0.98712105
0.99749196	0.0025080184
0.99625957	0.0037404206
0.9965264	0.003473581
0.04948258	0.9505174
0.9948348	0.005165189
0.04811569	0.9518843
0.016736196	0.9832638
0.99588686	0.004113153
0.003619456	0.9963806
0.005753762	0.9942463
0.16803959	0.8319604
0.0055800155	0.99442
0.0070446474	0.9929554
0.005361763	0.99463826
0.9873958	0.012604185
0.0021012542	0.9978987
0.112066545	0.88793343
0.0029580519	0.9970419
0.6681798	0.3318202
0.99381244	0.0061874925
0.012241564	0.98775846
0.03181916	0.96818084
0.9978515	0.0021485703
0.9970619	0.002938044
0.9874992	0.012500874
0.0043757632	0.99562424
0.018055463	0.98194456
0.94572335	0.05427666
0.9825247	0.017475318
0.9952181	0.0047818166
0.9955486	0.004451358
0.010516088	0.9894839
0.0018925753	0.99810743
0.9856054	0.014394609
0.0018752599	0.9981248
0.99762744	0.0023725936
0.0026206034	0.9973794
0.0045707393	0.9954293
0.99774975	0.0022502611
0.0021765914	0.9978235
0.9983011	0.0016988905
0.9977208	0.0022792146
0.9976388	0.0023611404
0.998329	0.0016710224
0.99315286	0.006847133
0.0018651888	0.99813473
0.997218	0.0027820067
0.0020042583	0.99799573
0.0028517167	0.99714833
0.9951067	0.0048932657
0.99398166	0.0060182624
0.055740837	0.9442592
0.31344303	0.686557
0.97543585	0.02456415
0.9881826	0.011817447
0.90050185	0.09949817
0.0024310504	0.9975689
0.004700823	0.9952991
0.0030605898	0.9969394
0.99712557	0.0028744088
0.98625386	0.013746088
0.0018932618	0.9981067
0.0020682306	0.9979317
0.0029057665	0.9970943
0.11702407	0.88297594
0.963541	0.036458973
0.96727353	0.032726426
0.015768213	0.9842318
0.76648605	0.23351394
0.0020674695	0.99793255
0.0058372174	0.99416274
0.997059	0.002941095
0.99704784	0.002952207
0.035977103	0.9640229
0.0022497291	0.9977502
0.006033502	0.99396646
0.9367012	0.06329883
0.9943347	0.00566534
0.99192786	0.008072156
0.9974228	0.0025772352
0.04913756	0.9508624
0.021117456	0.9788825
0.50643796	0.493562
0.99573743	0.0042625777
0.99442285	0.0055771265
0.0071219886	0.992878
0.06308936	0.9369106
0.004431539	0.99556845
0.014597522	0.98540246
0.99203193	0.007968047
0.9843695	0.015630495
0.012815518	0.98718446
0.99743134	0.002568706
0.0031901698	0.9968098
0.052029736	0.9479703
0.38019678	0.61980325
0.0022342943	0.99776566
0.9944201	0.0055799047
0.9830111	0.016988868
0.994724	0.005275985
0.0024515686	0.9975484
0.99530715	0.0046928413
0.0155513855	0.9844487
0.001843855	0.99815613
0.9972691	0.0027308865
0.029793885	0.97020614
0.041231148	0.95876884
0.9931589	0.006841091
0.0021798217	0.99782014
0.98974097	0.010259045
0.0061134477	0.99388653
0.9961223	0.0038777054
0.9131781	0.086821906
0.99636686	0.0036331462
0.06097591	0.93902403
0.0020065564	0.99799347
0.05334112	0.94665885
0.047080506	0.9529194
0.9919408	0.008059238
0.0026000696	0.9973999
0.005587821	0.99441224
0.99688476	0.0031152337
0.0058387015	0.9941613
0.0036880844	0.99631196
0.00857485	0.99142516
0.99803	0.0019700122
0.0042878008	0.99571216
0.0021168275	0.99788314
0.0818973	0.9181027
0.0028085755	0.9971915
0.06819336	0.9318066
0.9981402	0.0018598047
0.009354118	0.9906459
0.01876326	0.9812368
0.9967018	0.003298184
0.0019508516	0.99804914
0.9983297	0.0016702579
0.9976042	0.002395828
0.9954471	0.0045529185
0.01226577	0.98773426
0.99780303	0.002196932
0.0027651845	0.9972349
0.4116027	0.5883973
0.31020707	0.6897929
0.919419	0.08058094
0.01620535	0.9837946
0.001962632	0.9980374
0.99588335	0.0041166367
0.99009633	0.009903682
0.9950795	0.0049204747
0.0029902912	0.99700963
0.99760395	0.0023960352
0.9977133	0.0022866444
0.9971186	0.0028814797
0.9862775	0.01372252
0.9934615	0.006538509
0.982346	0.01765407
0.0039852764	0.9960147
0.9967007	0.0032993131
0.6795406	0.32045937
0.0052642995	0.99473566
0.005753827	0.9942462
0.997063	0.0029370317
0.002570759	0.9974292
0.9983651	0.0016349576
0.9953542	0.0046458263
0.9516842	0.048315782
0.007413589	0.99258643
0.9973277	0.002672271
0.996445	0.0035549605
0.010790205	0.98920983
0.98551846	0.014481528
0.0028583028	0.99714166
0.99554235	0.0044577103
0.0021359865	0.99786407
0.014190798	0.98580915
0.99702007	0.002979916
0.0022326303	0.9977673
0.0030102676	0.9969897
0.001807203	0.99819285
0.010127973	0.98987204
0.9975068	0.0024932316
0.99606544	0.003934607
0.99671626	0.0032837144
0.025284471	0.9747155
0.99507564	0.004924346
0.95957196	0.040427998
0.9165155	0.0834845
0.9943228	0.0056772055
0.9983163	0.0016837639
0.99664223	0.0033577266
0.034541693	0.9654583
0.99736696	0.0026330284
0.056690816	0.9433092
0.011006687	0.98899335
0.004607678	0.9953923
0.037668847	0.9623312
0.99787617	0.0021238695
0.0024870762	0.99751294
0.024584675	0.97541535
0.25189486	0.74810517
0.9890717	0.0109283
0.9406791	0.059320953
0.99600035	0.0039996556
0.011392613	0.98860747
0.9897592	0.010240857
0.99682605	0.0031739406
0.9983777	0.00162236
0.9958335	0.00416645
0.0018665289	0.9981335
0.9876473	0.012352728
0.9970208	0.0029791938
0.99094254	0.009057472
0.99734324	0.0026568095
0.7987246	0.20127548
0.9956358	0.0043642363
0.014947668	0.9850523
0.99685293	0.003147101
0.011120719	0.9888793
0.016894452	0.9831056
0.9950559	0.004944041
0.96158326	0.038416754
0.9964527	0.003547356
0.99497	0.0050300006
0.0046893256	0.9953107
0.9984043	0.0015956637
0.9865791	0.013420897
0.99544024	0.004559696
0.9974578	0.0025421833
0.99799854	0.0020014883
0.002087418	0.9979126
0.0020351084	0.99796486
0.9603258	0.039674234
0.99720746	0.0027924904
0.24521673	0.7547833
0.001865022	0.998135
0.009068773	0.99093115
0.9974657	0.0025342274
0.93255156	0.06744843
0.99562424	0.004375725
0.015480708	0.98451924
0.99672925	0.0032706962
0.9363018	0.06369822
0.9978132	0.0021867643
0.99843794	0.0015620035
0.0028672812	0.99713266
0.007828634	0.9921713
0.9826424	0.01735755
0.0023520263	0.99764794
0.9976574	0.002342564
0.037296228	0.96270376
0.006411092	0.9935889
0.9975635	0.0024365087
0.9787475	0.021252444
0.0024296828	0.99757034
0.018328538	0.9816714
0.015034592	0.98496544
0.9979705	0.0020295042
0.9978126	0.0021873575
0.96654487	0.03345517
0.9902148	0.009785188
0.6164597	0.38354027
0.996915	0.0030849501
0.003219156	0.9967809
0.99627066	0.003729333
0.9868858	0.013114246
0.9983369	0.0016630492
0.0022243422	0.9977756
0.9971781	0.0028218934
0.0035741162	0.9964259
0.9962685	0.0037314151
0.9962799	0.0037201142
0.9862883	0.013711643
0.0058870763	0.9941129
0.3451189	0.6548811
0.09983147	0.9001686
0.99051136	0.009488698
0.9945194	0.005480605
0.99684757	0.003152389
0.0035135662	0.9964864
0.0027956446	0.99720436
0.97922426	0.020775756
0.04964162	0.9503584
0.9978124	0.0021875384
0.30107957	0.6989204
0.9964535	0.0035465457
0.9982103	0.0017897198
0.93750507	0.06249493
0.075321965	0.924678
0.002015999	0.99798393
0.41145426	0.58854574
0.92050016	0.07949983
0.9971835	0.0028164738
0.99782336	0.0021767095
0.99442226	0.0055777724
0.9926184	0.007381671
0.0024246557	0.99757534
0.99790025	0.002099784
0.9967271	0.0032728985
0.9874466	0.012553329
0.99817085	0.0018291859
0.05698101	0.9430189
0.9952441	0.004755945
0.06207667	0.9379233
0.99496186	0.005038171
0.00361187	0.9963882
0.99018085	0.009819177
0.01890038	0.98109967
0.0020038185	0.9979962
0.06923045	0.93076956
0.9870688	0.012931192
0.006644844	0.99335515
0.099170126	0.90082985
0.99626607	0.003733919
0.0868718	0.91312814
0.5442161	0.45578393
0.015518743	0.9844812
0.99707043	0.0029295008
0.9976279	0.0023721377
0.008172304	0.9918277
0.008255603	0.99174434
0.9951603	0.0048397337
0.99722135	0.0027785983
0.0025257273	0.99747425
0.9916967	0.008303267
0.9926563	0.007343716
0.96853495	0.03146504
0.9627163	0.037283696
0.0058028563	0.99419713
0.002480812	0.99751925
0.0022553771	0.9977447
0.99461514	0.005384825
0.03976454	0.9602354
0.68225193	0.31774807
0.9983693	0.0016307568
0.0019611865	0.9980388
0.0065542813	0.9934457
0.005221265	0.99477875
0.996747	0.0032529319
0.02157318	0.9784268
0.9956312	0.004368834
0.9966265	0.0033735377
0.97329134	0.02670865
0.9873662	0.012633796
0.019651135	0.9803489
0.9838319	0.016168173
0.9960226	0.003977403
0.9757328	0.024267232
0.0028947787	0.9971052
0.011471835	0.98852813
0.011287345	0.98871267
0.032386016	0.96761394
0.027076475	0.9729235
0.0039507924	0.9960492
0.9928559	0.0071440293
0.9958346	0.0041653737
0.9978265	0.0021734466
0.9974016	0.0025984305
0.0053763664	0.99462366
0.9970726	0.002927457
0.012175331	0.9878247
0.0036040605	0.996396
0.9942286	0.0057713883
0.18928574	0.81071424
0.002494686	0.99750537
0.99652916	0.0034708802
0.0023486565	0.9976514
0.99781466	0.00218531
0.99742055	0.0025794497
0.9905635	0.009436459
0.9912464	0.00875356
0.99576473	0.00423528
0.9942781	0.0057219565
0.16127503	0.83872503
0.9976236	0.002376406
0.9984571	0.0015429145
0.98450446	0.01549552
0.026301764	0.97369826
0.0020479858	0.99795204
0.991764	0.008235918
0.998374	0.0016259933
0.9978168	0.0021831712
0.002569863	0.99743015
0.013779194	0.98622084
0.12023005	0.8797699
0.9932493	0.0067507164
0.9965486	0.003451443
0.9982886	0.0017113994
0.9965245	0.0034754649
0.0028635864	0.9971365
0.9921571	0.007842929
0.004852791	0.99514717
0.050657995	0.949342
0.0020781078	0.9979219
0.0068377745	0.9931623
0.0019661374	0.9980338
0.04192306	0.9580769
0.9928235	0.007176553
0.017857801	0.9821422
0.0049200216	0.99508
0.9978046	0.002195375
0.025929876	0.97407013
0.9985355	0.0014644844
0.0032575673	0.9967424
0.9981035	0.0018964867
0.054163743	0.9458363
0.0036752457	0.9963247
0.9937656	0.00623436
0.0055233217	0.99447674
0.05447221	0.9455278
0.02370054	0.97629946
0.004832464	0.9951676
0.996899	0.003101025
0.9909037	0.009096334
0.013642634	0.98635733
0.001920416	0.99807954
0.99714017	0.0028598227
0.9983918	0.0016081233
0.016219724	0.9837803
0.998264	0.0017360623
0.9980305	0.0019695426
0.0020939896	0.99790597
0.100700974	0.899299
0.99708205	0.0029179382
0.986323	0.013677038
0.10402773	0.8959722
0.028881874	0.97111815
0.99373204	0.0062679476
0.027119517	0.9728804
0.9984591	0.0015408832
0.04368269	0.9563173
0.99528694	0.0047130296
0.05044878	0.9495512
0.99751115	0.0024888215
0.014061235	0.9859388
0.9922916	0.007708373
0.99764436	0.002355639
0.9570779	0.042922113
0.9977531	0.0022468667
0.1000132	0.8999868
0.020065136	0.9799349
0.992694	0.007305917
0.9971826	0.0028174745
0.9911726	0.00882734
0.8885085	0.11149143
0.9882664	0.011733615
0.08912865	0.9108714
0.9979113	0.0020887277
0.004343256	0.9956567
0.13989826	0.8601017
0.9975599	0.0024401278
0.003729234	0.9962708
0.04685296	0.95314705
0.9830382	0.016961766
0.9951924	0.0048076515
0.028478656	0.9715214
0.9966145	0.0033854784
0.0041364348	0.99586356
0.99835145	0.0016485755
0.13166	0.86834
0.9751404	0.024859674
0.026011264	0.97398865
0.0030759284	0.9969241
0.3489587	0.65104127
0.5131755	0.48682448
0.027899547	0.9721005
0.06409515	0.93590486
0.9548465	0.045153547
0.9940111	0.0059888167
0.9579863	0.0420137
0.9981719	0.0018280891
0.44421422	0.5557858
0.0034504004	0.9965496
0.0069724466	0.9930275
0.99838233	0.0016176854
0.006369915	0.9936301
0.0023660236	0.99763393
0.14615546	0.8538446
0.052328143	0.94767183
0.010815377	0.9891846
0.0021151537	0.9978848
0.994955	0.005045034
0.82660496	0.17339504
0.99175125	0.008248771
0.9976368	0.0023632105
0.053024355	0.9469757
0.9963791	0.0036209559
0.074943505	0.92505646
0.99734193	0.0026580503
0.9952596	0.004740464
0.013560848	0.9864392
0.0019592843	0.99804074
0.99739045	0.002609519
0.0065143527	0.9934856
0.0023064942	0.9976935
0.77531904	0.22468099
0.068799414	0.9312006
0.99794656	0.0020534985
0.99744874	0.002551178
0.0020110128	0.99798894
0.023949757	0.9760502
0.0069873817	0.9930126
0.0019590503	0.998041
0.0019541448	0.9980458
0.83570385	0.16429621
0.0022758574	0.9977241
0.0019571998	0.9980428
0.9978855	0.002114407
0.017876502	0.98212343
0.99804413	0.0019557925
0.05091194	0.9490881
0.012074859	0.9879252
0.0051317126	0.9948683
0.013902908	0.98609716
0.99789655	0.002103369
0.0072511532	0.9927489
0.05327418	0.94672585
0.97880006	0.021199904
0.002063148	0.99793684
0.0816551	0.9183449
0.47253808	0.5274619
0.9975719	0.0024280557
0.022028258	0.9779717
0.0019337714	0.99806625
0.034932822	0.96506715
0.0075640567	0.9924359
0.99847	0.001529948
0.9981852	0.0018147539
0.9971527	0.0028473241
0.0064051533	0.9935948
0.001841559	0.9981584
0.995402	0.0045980085
0.05674239	0.94325763
0.49179894	0.50820106
0.0064015184	0.99359846
0.002079556	0.99792045
0.08093114	0.9190689
0.018696392	0.9813036
0.9955187	0.0044812826
0.016303908	0.9836961
0.99485815	0.005141845
0.99127126	0.008728825
0.99025506	0.0097448975
0.9821697	0.017830288
0.15082029	0.8491797
0.97655505	0.023444887
0.9982115	0.0017885411
0.04172045	0.9582796
0.043101184	0.95689887
0.01278172	0.98721826
0.035853185	0.96414685
0.9972389	0.0027611074
0.27035755	0.72964245
0.022949278	0.9770508
0.00343233	0.9965676
0.99711764	0.002882388
0.9820618	0.017938199
0.060087215	0.9399128
0.022358768	0.9776413
0.057939008	0.94206107
0.980821	0.01917902
0.0019918804	0.9980082
0.045645855	0.95435417
0.99696463	0.0030354103
0.010843215	0.9891567
0.99745876	0.0025412876
0.12224513	0.8777548
0.9954125	0.0045874906
0.0033088226	0.9966911
0.00384365	0.9961564
0.0035740903	0.9964259
0.0026015528	0.9973985
0.88675207	0.11324795
0.012341441	0.98765856
0.12982963	0.8701704
0.013711502	0.98628855
0.840995	0.15900505
0.03182027	0.9681797
0.007551156	0.9924488
0.029933318	0.97006667
0.073631644	0.92636836
0.9751854	0.024814567
0.9875223	0.01247769
0.99625164	0.0037483843
0.012733793	0.9872662
0.058041014	0.94195896
0.0021118652	0.99788815
0.0017758809	0.9982241
0.051396046	0.9486039
0.0034399782	0.99656004
0.9982096	0.0017903552
0.9895064	0.010493596
0.032116357	0.96788365
0.9971866	0.0028133537
0.94833124	0.051668815
0.98555607	0.0144438865
0.024113595	0.97588634
0.9942737	0.0057262303
0.0071765077	0.9928235
0.03918515	0.96081483
0.3017598	0.69824016
0.0029376948	0.99706227
0.9974126	0.0025873613
0.0029467328	0.99705327
0.9840698	0.015930168
0.006276171	0.9937238
0.9968118	0.0031882068
0.0022861983	0.9977138
0.99571204	0.0042879637
0.9961436	0.0038564405
0.016521985	0.983478
0.99460286	0.0053970926
0.9926319	0.007368148
0.018687667	0.98131233
0.02842534	0.9715747
0.98423684	0.015763182
0.9865867	0.0134133035
0.9984566	0.001543356
0.9525603	0.047439724
0.99791986	0.0020802051
0.003451371	0.9965487
0.0022209615	0.9977791
0.0020297763	0.99797016
0.0019084604	0.9980915
0.99815553	0.0018444906
0.0043473016	0.9956527
0.0035027808	0.9964972
0.0020066567	0.99799335
0.9981084	0.001891554
0.086273395	0.9137266
0.0022305239	0.9977695
0.98790413	0.012095866
0.13129303	0.86870694
0.97789955	0.02210052
0.002235263	0.9977647
0.99793315	0.0020668653
0.91532815	0.08467189
0.9981616	0.0018384536
0.3612452	0.6387548
0.005044004	0.99495596
0.99508154	0.0049184766
0.016704233	0.98329574
0.002277622	0.9977223
0.9977187	0.0022813699
0.9969133	0.0030866254
0.004184397	0.9958156
0.9984666	0.0015334776
0.002119238	0.9978808
0.0048283287	0.9951717
0.006451812	0.9935482
0.028020237	0.97197974
0.008354744	0.9916453
0.99541026	0.0045896787
0.994732	0.005267971
0.002467017	0.99753296
0.9947838	0.0052161803
0.9973838	0.002616271
0.004929553	0.99507046
0.9803052	0.019694827
0.0023169948	0.9976829
0.002026202	0.99797374
0.013377736	0.9866223
0.0022963872	0.9977036
0.006034051	0.9939659
0.99615604	0.003843986
0.03751056	0.9624895
0.9971	0.002900066
0.002341599	0.9976584
0.0363586	0.96364135
0.01104322	0.98895675
0.0051104454	0.9948895
0.995453	0.0045470307
0.9970995	0.002900513
0.07973112	0.9202689
0.99821824	0.0017817485
0.012258088	0.98774195
0.14670227	0.85329777
0.001961865	0.9980381
0.0020544366	0.9979456
0.9760301	0.023969883
0.9941649	0.005835132
0.9983846	0.0016153959
0.0021778385	0.99782217
0.997928	0.0020719445
0.048236303	0.9517637
0.0019245698	0.99807537
0.99756634	0.002433685
0.9905183	0.009481695
0.013023077	0.9869769
0.0026388753	0.9973611
0.9934175	0.006582471
0.0025056028	0.99749446
0.001823209	0.9981768
0.0021273408	0.9978727
0.9983342	0.0016657971
0.99845386	0.0015461936
0.9984175	0.0015825576
0.010608262	0.9893917
0.020238383	0.9797616
0.98461795	0.015382059
0.98212886	0.01787112
0.0026449335	0.9973551
0.039630778	0.9603692
0.24013585	0.7598641
0.0033020142	0.996698
0.005405659	0.9945944
0.12973677	0.8702632
0.99345195	0.006548062
0.99820256	0.001797384
0.97080874	0.029191276
0.99798536	0.002014628
0.9943064	0.005693623
0.996931	0.0030689586
0.006565543	0.9934344
0.046984907	0.953015
0.0031588299	0.9968412
0.7736631	0.22633682
0.99824995	0.0017500401
0.99836797	0.001632074
0.022896443	0.9771036
0.014024935	0.9859751
0.0057452945	0.99425465
0.04837963	0.9516204
0.99636203	0.003637993
0.9977277	0.002272377
0.022074357	0.97792566
0.021332014	0.97866803
0.002561714	0.9974383
0.99830604	0.0016939782
0.03400927	0.96599066
0.9951988	0.004801185
0.9637339	0.036266126
0.058174882	0.9418251
0.99292713	0.007072801
0.0071677817	0.9928322
0.0043663	0.99563366
0.9935156	0.006484385
0.99842024	0.0015797286
0.9984842	0.0015158708
0.3472601	0.6527399
0.0022524109	0.9977476
0.99770254	0.0022974177
0.9972799	0.002720121
0.008084299	0.99191564
0.8409998	0.15900023
0.9981342	0.0018658923
0.99524647	0.004753487
0.0051620225	0.99483794
0.99848026	0.0015197695
0.9130325	0.08696759
0.0031365603	0.9968635
0.0043752724	0.9956247
0.9963236	0.0036764964
0.050043143	0.94995683
0.005543034	0.9944569
0.031582244	0.96841776
0.7320867	0.2679133
0.99835867	0.0016413383
0.92682153	0.07317843
0.0021886858	0.9978114
0.0023614212	0.9976386
0.99700195	0.0029980165
0.5835863	0.41641375
0.008158949	0.9918411
0.98525214	0.014747891
0.044008028	0.955992
0.0021901985	0.9978098
0.83874017	0.16125982
0.960696	0.03930397
0.18578061	0.81421936
0.98026675	0.019733291
0.9123325	0.08766752
0.99473464	0.005265323
0.98102653	0.018973498
0.9983353	0.0016646856
0.9984333	0.0015666994
0.0021884951	0.9978115
0.994334	0.005666035
0.022675913	0.97732407
0.0110168485	0.9889831
0.99824834	0.0017517203
0.9969562	0.0030437678
0.9971782	0.0028218238
0.08331088	0.91668916
0.002019946	0.99798006
0.003769806	0.9962302
0.02895685	0.97104317
0.0022018421	0.9977982
0.9941934	0.0058066156
0.9980715	0.0019284775
0.018869825	0.9811302
0.9952696	0.004730448
0.070097044	0.929903
0.09047496	0.9095251
0.27295145	0.7270486
0.99354446	0.006455499
0.9308535	0.06914646
0.00721283	0.9927872
0.9963625	0.0036375003
0.83688736	0.16311264
0.011977791	0.9880222
0.9943591	0.0056409347
0.003072614	0.99692744
0.9857194	0.014280618
0.0020277037	0.9979723
0.025943771	0.9740562
0.9979753	0.0020247079
0.014191605	0.9858084
0.031712186	0.9682879
0.99466467	0.00533537
0.13114858	0.8688515
0.9984428	0.0015571289
0.6131014	0.38689855
0.998198	0.001802039
0.99762183	0.0023781385
0.0021780937	0.9978219
0.64470303	0.35529694
0.99528354	0.004716403
0.99777716	0.0022228453
0.9259122	0.074087806
0.053243566	0.94675636
0.2350956	0.76490444
0.0129611585	0.9870388
0.9969627	0.0030372154
0.99531746	0.0046826177
0.09139107	0.9086089
0.0018797724	0.99812025
0.052091412	0.9479086
0.9982957	0.0017042429
0.99845695	0.0015430276
0.0018983633	0.99810165
0.0111872265	0.98881274
0.006798317	0.9932017
0.3345771	0.66542286
0.9944484	0.0055516097
0.9975326	0.0024673503
0.16311933	0.8368807
0.9871546	0.012845328
0.017633723	0.98236626
0.052245263	0.9477547
0.9805854	0.019414572
0.011856718	0.98814327
0.10518706	0.89481294
0.0023746686	0.9976253
0.022291817	0.97770816
0.9859672	0.0140328035
0.9809554	0.019044574
0.0050449567	0.994955
0.98360485	0.016395126
0.9948355	0.005164515
0.002682881	0.99731714
0.0021250986	0.99787486
0.037252977	0.962747
0.013609455	0.9863905
0.9662814	0.033718526
0.08893289	0.9110671
0.9808636	0.01913641
0.99803954	0.0019605185
0.041348673	0.9586513
0.9978967	0.002103275
0.9956542	0.0043457146
0.0025538672	0.9974462
0.9902722	0.009727797
0.004220066	0.9957799
0.07025935	0.9297406
0.9972826	0.0027173748
0.008513244	0.9914868
0.038030136	0.96196985
0.0018602064	0.99813974
0.0019251187	0.9980749
0.0057167546	0.99428326
0.9932568	0.0067432397
0.003217963	0.99678206
0.995706	0.0042939675
0.0018930329	0.99810696
0.99021685	0.009783211
0.058360104	0.94163984
0.03203342	0.96796656
0.9954205	0.0045794956
0.9825247	0.017475285
0.10605336	0.8939466
0.99663997	0.003360019
0.0018603648	0.9981396
0.016431559	0.9835684
0.99631554	0.0036844413
0.00220953	0.99779046
0.0017729806	0.99822706
0.9977229	0.0022771163
0.0018028299	0.99819714
0.092614666	0.90738535
0.9978824	0.0021175607
0.18814076	0.81185925
0.99837434	0.001625672
0.0021289894	0.99787104
0.0726606	0.9273394
0.0043350896	0.9956649
0.7124432	0.2875568
0.9423385	0.05766143
0.9953107	0.004689312
0.9938605	0.0061394824
0.01822667	0.9817733
0.99839634	0.0016036112
0.0019568808	0.99804306
0.02004172	0.97995836
0.0021586202	0.99784136
0.034576125	0.96542394
0.99410605	0.0058939233
0.034431767	0.96556824
0.99528885	0.0047111553
0.99817574	0.0018243099
0.99804115	0.001958833
0.00290969	0.99709034
0.022743877	0.9772561
0.006400506	0.99359953
0.26621705	0.73378295
0.9922501	0.007749947
0.08357553	0.9164245
0.005927218	0.99407274
0.0021728047	0.99782723
0.010522342	0.9894777
0.001895994	0.998104
0.9581126	0.041887425
0.017854238	0.9821457
0.9980118	0.0019881318
0.0029577664	0.99704224
0.0034210226	0.996579
0.95494694	0.04505304
0.003907211	0.99609274
0.9309198	0.06908014
0.013871303	0.9861287
0.9978975	0.0021024423
0.99623674	0.0037633432
0.9638873	0.036112677
0.99768555	0.0023144612
0.0028871887	0.99711275
0.86373204	0.13626799
0.0022746173	0.9977254
0.99805355	0.0019464744
0.017551819	0.98244816
0.0021452182	0.99785477
0.97798175	0.022018215
0.99680185	0.0031981345
0.99848586	0.001514164
0.9072127	0.09278731
0.0026413812	0.9973586
0.22169133	0.7783087
0.84141886	0.15858112
0.0044286414	0.99557143
0.074558504	0.9254415
0.9787007	0.021299286
0.0060383715	0.99396163
0.99837565	0.0016243352
0.8856709	0.114329115
0.74340796	0.25659207
0.99811435	0.0018856414
0.67366225	0.32633772
0.024498034	0.975502
0.98799753	0.01200243
0.9984622	0.0015378045
0.0033444685	0.99665546
0.022902673	0.9770973
0.029075542	0.9709245
0.041792206	0.9582078
0.03599348	0.9640065
0.002303369	0.9976966
0.9972095	0.0027905633
0.0019561213	0.9980439
0.99575436	0.004245607
0.02895349	0.97104657
0.59284407	0.40715593
0.0024119697	0.99758804
0.81913435	0.18086565
0.9978871	0.0021129348
0.9818903	0.018109689
0.9980477	0.001952294
0.005516544	0.9944834
0.998362	0.0016380287
0.99538815	0.0046117776
0.06520831	0.93479174
0.0144065	0.9855935
0.92404175	0.07595829
0.0947652	0.9052348
0.9842089	0.015791172
0.98144996	0.018550001
0.0079847835	0.99201524
0.006178117	0.99382186
0.997577	0.0024229814
0.0021510995	0.99784887
0.009234828	0.9907652
0.97813845	0.021861548
0.0604637	0.93953633
0.99335736	0.006642572
0.0036338747	0.99636614
0.0026174318	0.9973826
0.99219877	0.0078012375
0.99666685	0.003333109
0.9979863	0.0020137078
0.0019562703	0.99804366
0.99571675	0.0042832796
0.0020645512	0.9979354
0.0024573687	0.9975426
0.99485284	0.0051471526
0.0019613584	0.9980387
0.9923184	0.0076815966
0.9971175	0.0028825332
0.9831335	0.016866567
0.96154475	0.038455244
0.10510262	0.8948974
0.998372	0.0016280574
0.0059941444	0.9940058
0.0050040605	0.99499595
0.99824834	0.0017516486
0.9969631	0.0030369486
0.09424042	0.9057596
0.0019599977	0.99804
0.0741415	0.92585856
0.0019116075	0.9980884
0.013604649	0.98639536
0.9964296	0.0035704328
0.008887318	0.99111265
0.9565234	0.043476533
0.9982187	0.0017812897
0.060011376	0.9399886
0.06726757	0.93273246
0.0026053824	0.99739456
0.998365	0.0016350026
0.9613792	0.038620863
0.0063863415	0.99361366
0.066008754	0.93399125
0.013281658	0.98671836
0.9947524	0.005247599
0.054012842	0.9459871
0.079838105	0.9201619
0.99736017	0.0026398306
0.9982779	0.0017221023
0.99729246	0.0027074865
0.9898527	0.0101472465
0.99713093	0.0028690991
0.9983095	0.0016905079
0.9736441	0.02635588
0.9978237	0.002176258
0.006795845	0.9932041
0.0025388303	0.9974612
0.9983273	0.0016726777
0.9969708	0.003029187
0.021981766	0.9780182
0.99624336	0.0037566556
0.043699887	0.9563001
0.01924125	0.9807587
0.0032271824	0.9967728
0.0049672085	0.9950328
0.049109697	0.9508903
0.02207592	0.97792405
0.80146843	0.19853151
0.014527932	0.985472
0.025278632	0.9747214
0.9580841	0.04191587
0.9973775	0.0026225334
0.9971769	0.0028230988
0.4845567	0.5154433
0.9967055	0.0032945431
0.99663985	0.003360096
0.05431196	0.945688
0.0044557685	0.99554425
0.002068424	0.9979316
0.005093087	0.99490684
0.0020058346	0.9979942
0.0036415623	0.99635845
0.61876434	0.38123566
0.70754224	0.2924578
0.9968485	0.003151451
0.0019837543	0.99801624
0.00367346	0.9963265
0.002694667	0.9973053
0.0019441581	0.9980558
0.082009636	0.9179904
0.99423885	0.0057611424
0.9949949	0.0050051147
0.9962012	0.0037987912
0.9958223	0.0041777384
0.98891443	0.011085566
0.0021445958	0.99785537
0.9983798	0.0016201864
0.9962948	0.003705136
0.01743483	0.98256516
0.99642015	0.0035798363
0.001871268	0.9981287
0.0277216	0.9722784
0.9983664	0.0016335462
0.89835787	0.10164217
0.8492327	0.1507674
0.99754804	0.0024519125
0.966287	0.033712946
0.0035614222	0.9964386
0.0021341983	0.99786586
0.99777275	0.0022272088
0.0020030902	0.99799687
0.9975975	0.0024025182
0.012658767	0.9873412
0.9967495	0.003250487
0.9664042	0.03359583
0.04412102	0.95587903
0.9974113	0.0025886612
0.1628945	0.83710545
0.9027078	0.09729223
0.99793303	0.002067011
0.48727262	0.5127274
0.06518882	0.93481123
0.9984066	0.0015934403
0.113261916	0.8867381
0.9870143	0.012985644
0.0029709195	0.9970291
0.0019966168	0.9980034
0.9696518	0.030348152
0.95575553	0.04424448
0.025763754	0.9742363
0.9924825	0.0075175227
0.0036068696	0.99639314
0.9957754	0.0042245933
0.0077750646	0.99222493
0.011567104	0.98843294
0.99713564	0.002864357
0.99745804	0.0025419814
0.9973194	0.0026806477
0.998398	0.0016019845
0.004694855	0.9953052
0.020641247	0.97935873
0.99806017	0.0019398088
0.8561519	0.14384812
0.055028148	0.94497186
0.01855204	0.98144794
0.9969674	0.0030326075
0.011916301	0.98808366
0.99771786	0.0022821862
0.7600345	0.23996551
0.9950735	0.0049264496
0.06981265	0.93018734
0.003539273	0.99646074
0.0027232028	0.99727684
0.99539644	0.0046035023
0.095298864	0.9047012
0.9502903	0.04970963
0.0071011535	0.9928988
0.5676287	0.43237132
0.9957867	0.0042133234
0.9856193	0.014380686
0.99012846	0.009871538
0.0034525224	0.9965475
0.99624205	0.0037579837
0.86466426	0.13533568
0.99648154	0.003518431
0.99351865	0.0064813267
0.73951405	0.26048595
0.0027044034	0.99729556
0.075263575	0.92473644
0.10843467	0.8915653
0.9982315	0.0017685975
0.038342405	0.9616575
0.9981616	0.0018383501
0.32133555	0.67866445
0.0058110273	0.994189
0.12940821	0.87059176
0.9927008	0.007299208
0.997544	0.0024559677
0.9961888	0.003811221
0.0276445	0.9723555
0.9234904	0.076509565
0.00264302	0.997357
0.008484777	0.99151516
0.008447816	0.99155223
0.99332035	0.006679683
0.99345183	0.0065481546
0.019300539	0.9806995
0.9925929	0.007407072
0.5401938	0.45980617
0.99790823	0.002091755
0.044139773	0.9558602
0.024880273	0.97511977
0.9968971	0.003102877
0.006809282	0.9931907
0.19626033	0.8037397
0.9898915	0.010108517
0.0077826055	0.9922174
0.03490075	0.9650993
0.010557161	0.9894428
0.99218607	0.007813937
0.6729667	0.32703325
0.96615136	0.03384871
0.013932776	0.98606724
0.99546486	0.0045351386
0.9938512	0.0061487914
0.20241782	0.79758215
0.0063869897	0.99361306
0.9973284	0.0026716182
0.99736506	0.002634989
0.029376624	0.97062343
0.0065890723	0.9934109
0.9972951	0.002704919
0.0021087213	0.99789125
0.27053738	0.72946256
0.99768484	0.002315166
0.0028746882	0.9971253
0.008415174	0.9915848
0.9983302	0.0016698198
0.2823922	0.71760774
0.98757035	0.012429618
0.9844409	0.015559035
0.015383749	0.9846163
0.004468289	0.9955317
0.9111495	0.08885047
0.022420216	0.9775798
0.9395186	0.060481463
0.9893981	0.010601844
0.9627881	0.037211858
0.9914454	0.008554597
0.98996687	0.0100331595
0.998116	0.0018840116
0.97996956	0.020030428
0.87620556	0.12379446
0.98439896	0.015601022
0.9971718	0.0028281934
0.03033947	0.9696605
0.986626	0.013374056
0.98958415	0.010415876
0.99734074	0.002659216
0.9809792	0.019020839
0.9928818	0.0071182367
0.04532968	0.9546703
0.9181015	0.081898466
0.99756	0.0024399117
0.9982809	0.0017190923
0.9551447	0.0448553
0.1805639	0.8194361
0.99592555	0.0040744655
0.2558778	0.7441222
0.989883	0.010116979
0.96813715	0.03186284
0.9885562	0.011443853
0.07072376	0.9292762
0.9971494	0.00285061
0.06408669	0.9359133
0.9971294	0.0028706782
0.9926965	0.007303476
0.0952367	0.9047633
0.99614906	0.0038509122
0.48545107	0.51454896
0.0035621398	0.9964379
0.9984084	0.0015916077
0.9976234	0.0023766377
0.006929884	0.99307007
0.1618562	0.8381438
0.011640046	0.9883599
0.0029694226	0.9970305
0.0815599	0.91844016
0.07463777	0.92536217
0.046579026	0.953421
0.030085014	0.96991503
0.017279224	0.9827208
0.98433924	0.01566076
0.9872329	0.012767118
0.0021590916	0.9978409
0.0023507704	0.99764925
0.95217043	0.047829572
0.0021551545	0.9978448
0.0024333028	0.9975667
0.017539144	0.9824608
0.0077592335	0.9922408
0.9968636	0.0031363962
0.112905204	0.8870948
0.0020971089	0.99790287
0.0020297957	0.99797016
0.032993756	0.96700627
0.0023919768	0.99760807
0.009457243	0.9905427
0.0026963775	0.9973036
0.9968636	0.003136384
0.002608085	0.99739194
0.99797255	0.0020274345
0.7010699	0.29893017
0.026635155	0.97336483
0.004124521	0.99587554
0.520319	0.47968096
0.9983975	0.0016024605
0.9807293	0.01927075
0.0029701174	0.9970299
0.18695281	0.81304723
0.02749852	0.97250146
0.99820113	0.0017987961
0.101651736	0.8983483
0.99078333	0.0092165945
0.83934385	0.16065612
0.9957995	0.004200522
0.024977608	0.9750224
0.99516886	0.004831069
0.99657744	0.0034225478
0.9981737	0.0018262384
0.99588203	0.004118035
0.0023350448	0.9976649
0.98011255	0.019887485
0.0018608813	0.99813914
0.99088776	0.00911229
0.99816704	0.0018329098
0.873767	0.12623301
0.002910996	0.9970891
0.005032187	0.99496776
0.99082446	0.009175563
0.045867182	0.95413285
0.0030925456	0.9969074
0.0070166704	0.99298334
0.003929388	0.9960706
0.9970099	0.0029900512
0.0037217366	0.9962782
0.4205695	0.5794305
0.9984902	0.0015098081
0.98986065	0.010139367
0.9974934	0.002506611
0.9980876	0.0019123479
0.9940989	0.005901085
0.075520486	0.92447954
0.7406142	0.25938585
0.1636382	0.83636177
0.41879222	0.5812078
0.34383932	0.65616065
0.022005897	0.97799414
0.9984194	0.0015806525
0.0122679295	0.98773205
0.009785405	0.9902146
0.9983559	0.0016440518
0.018466175	0.9815338
0.11345386	0.8865462
0.016172238	0.9838277
0.004805584	0.9951944
0.99233127	0.0076687373
0.99803287	0.0019671612
0.96798307	0.032016955
0.00218515	0.9978148
0.0028432044	0.99715674
0.0016818912	0.9983182
0.009118888	0.9908811
0.9918057	0.008194387
0.04752759	0.9524724
0.049457002	0.95054305
0.9970969	0.002903068
0.8088521	0.19114795
0.05680769	0.9431923
0.994626	0.005373975
0.017800787	0.98219925
0.9966042	0.0033957632
0.021712547	0.9782875
0.96159065	0.038409352
0.0028464682	0.9971535
0.08383178	0.9161683
0.0077450895	0.99225485
0.028248651	0.9717514
0.0020886897	0.9979113
0.98400754	0.015992502
0.74322814	0.25677183
0.9070696	0.09293041
0.9965553	0.0034447352
0.99659616	0.003403814
0.0043803044	0.9956197
0.0018614144	0.99813855
0.9690007	0.030999314
0.9957728	0.004227214
0.00953084	0.99046916
0.0021172485	0.9978828
0.0019281199	0.9980719
0.63725424	0.36274573
0.9594032	0.040596817
0.03001973	0.9699803
0.997898	0.00210197
0.92864704	0.07135297
0.95679593	0.043204084
0.99579465	0.00420538
0.99595094	0.004049093
0.9978542	0.0021457532
0.00604478	0.9939552
0.0035112214	0.9964888
0.0026058387	0.9973942
0.002371973	0.99762803
0.9739968	0.02600316
0.99787843	0.0021215796
0.9887571	0.011242917
0.98496664	0.015033427
0.002495301	0.9975048
0.003343975	0.99665606
0.029979361	0.9700206
0.0352155	0.96478444
0.021264374	0.9787356
0.013795684	0.9862044
0.0025612435	0.9974388
0.99429035	0.005709609
0.97835416	0.021645818
0.28611544	0.71388453
0.009255054	0.99074495
0.0019781874	0.99802184
0.002782343	0.99721766
0.0027712185	0.9972288
0.052317858	0.9476821
0.0021531454	0.99784684
0.0017828327	0.99821717
0.023890374	0.9761096
0.99771166	0.0022883026
0.009342839	0.9906571
0.9981325	0.0018674672
0.99743456	0.0025654887
0.9959033	0.004096743
0.998108	0.0018919664
0.34594214	0.65405786
0.018963829	0.9810362
0.039580293	0.96041965
0.0031006415	0.99689937
0.028295202	0.9717048
0.002674117	0.9973259
0.009822841	0.9901772
0.99744344	0.00255662
0.02387691	0.97612315
0.00464949	0.9953505
0.007439015	0.9925609
0.037588634	0.96241134
0.05242675	0.94757324
0.029139822	0.97086024
0.7263474	0.27365258
0.9929229	0.0070770346
0.9962607	0.0037392639
0.99081343	0.009186538
0.118859634	0.8811404
0.9953656	0.004634348
0.9983783	0.0016217545
0.059347864	0.94065213
0.004204677	0.99579537
0.9978288	0.0021712603
0.998175	0.0018250246
0.9983828	0.0016171787
0.014571304	0.98542875
0.003178964	0.99682105
0.99662775	0.0033721959
0.2248977	0.77510226
0.98794985	0.012050122
0.002364247	0.9976357
0.011409563	0.9885904
0.93930215	0.060697835
0.9395006	0.060499407
0.011865063	0.988135
0.031919736	0.9680802
0.041472252	0.9585277
0.99842536	0.0015747052
0.0018446802	0.9981553
0.0020323019	0.99796766
0.0029046778	0.99709535
0.99593925	0.0040607974
0.00211026	0.9978897
0.9071058	0.09289414
0.99504364	0.0049563176
0.019183887	0.98081607
0.87124735	0.1287527
0.99779797	0.0022020484
0.003003072	0.996997
0.99683255	0.003167424
0.9970686	0.002931499
0.99137306	0.008627017
0.008604102	0.9913959
0.9970542	0.0029457717
0.943904	0.05609603
0.9980806	0.0019193853
0.7438943	0.25610572
0.34511444	0.65488553
0.9949927	0.0050073927
0.99844295	0.0015570282
0.0034701116	0.9965299
0.002611496	0.99738854
0.0019366845	0.99806327
0.9964688	0.0035311785
0.0020830936	0.9979169
0.9965037	0.003496329
0.3265231	0.67347693
0.081074774	0.91892517
0.062052507	0.93794745
0.0037119796	0.99628806
0.0020754556	0.99792457
0.0053772256	0.9946228
0.98511815	0.0148818055
0.007254799	0.9927452
0.9978897	0.0021102843
0.9964623	0.0035376807
0.06589443	0.9341056
0.12817484	0.8718252
0.9983911	0.0016088891
0.99315625	0.006843781
0.9881563	0.011843674
0.9984068	0.0015932317
0.9911664	0.00883355
0.0027150884	0.9972849
0.99513185	0.0048681283
0.0034009072	0.99659914
0.052553877	0.9474461
0.05098376	0.9490163
0.0018097621	0.9981902
0.9421782	0.057821844
0.010583294	0.98941666
0.9828881	0.017111843
0.07108969	0.9289103
0.0018841111	0.9981159
0.9856932	0.014306786
0.882644	0.11735597
0.005682368	0.9943176
0.9964127	0.0035872732
0.9883428	0.011657235
0.99819475	0.0018052154
0.99752754	0.0024724256
0.0229105	0.97708946
0.0024154396	0.9975846
0.9669823	0.03301772
0.029484726	0.97051525
0.99404013	0.005959865
0.024842525	0.9751575
0.99818254	0.0018175228
0.9984628	0.00153721
0.0020080819	0.9979919
0.9961146	0.003885429
0.089656346	0.91034365
0.060108636	0.9398914
0.0020194885	0.99798054
0.9869192	0.01308084
0.9980009	0.001999067
0.0020176987	0.99798226
0.019985013	0.980015
0.98870325	0.011296799
0.035630625	0.9643694
0.99632627	0.0036737411
0.0018892635	0.9981108
0.99364686	0.006353177
0.0063174977	0.9936825
0.004492409	0.9955076
0.99645174	0.0035482207
0.9948245	0.0051755346
0.05705092	0.94294906
0.15447895	0.84552103
0.9763288	0.023671182
0.9836393	0.016360696
0.9966629	0.0033370433
0.055442613	0.9445573
0.92978084	0.070219144
0.99776936	0.0022306405
0.008641134	0.9913589
0.9972572	0.0027428493
0.99733824	0.0026617975
0.012711238	0.98728883
0.18256924	0.8174308
0.007723853	0.99227613
0.99225825	0.007741778
0.32407928	0.6759207
0.14611429	0.8538857
0.9981792	0.0018208364
0.041581072	0.95841897
0.9788511	0.021148918
0.12249043	0.8775096
0.002243203	0.9977568
0.0026253061	0.99737465
0.98015594	0.019844033
0.9912929	0.008707153
0.023065325	0.9769347
0.074958555	0.92504144
0.10253989	0.8974601
0.994201	0.005798968
0.9954437	0.0045563104
0.9922625	0.007737504
0.002170269	0.99782974
0.0033721766	0.99662775
0.0047632856	0.99523664
0.005109195	0.9948908
0.03889066	0.9611093
0.0021427292	0.9978573
0.026344208	0.97365576
0.9970395	0.0029604153
0.056836005	0.943164
0.88364553	0.1163544
0.0026520954	0.99734783
0.0056660487	0.994334
0.99457175	0.005428219
0.008500092	0.99149996
0.007916577	0.99208343
0.99707687	0.0029231186
0.005630396	0.99436957
0.99550503	0.004495046
0.0035607556	0.99643916
0.0020770917	0.99792296
0.92062724	0.07937277
0.040075343	0.9599247
0.99451506	0.005484942
0.06579635	0.9342037
0.004462521	0.9955375
0.03946133	0.9605387
0.0021360493	0.99786395
0.99673444	0.003265524
0.058803096	0.94119686
0.0482047	0.95179534
0.0032030724	0.9967969
0.997769	0.0022309802
0.9148243	0.08517566
0.9847356	0.015264447
0.99725926	0.002740685
0.99677473	0.00322523
0.98225695	0.01774303
0.9792509	0.02074912
0.1514879	0.8485121
0.99827385	0.0017260973
0.0021071336	0.9978929
0.9978975	0.0021024782
0.9971903	0.0028096908
0.9951239	0.004876082
0.9984125	0.0015874449
0.006600362	0.9933996
0.0022088303	0.9977912
0.9976285	0.0023715352
0.99620014	0.0037998706
0.9675531	0.0324469
0.9963219	0.0036780895
0.9967649	0.0032351098
0.07498355	0.92501646
0.0036760978	0.99632394
0.0043350533	0.995665
0.0025820397	0.9974179
0.9739102	0.026089784
0.8483742	0.1516258
0.091997184	0.90800285
0.9676396	0.032360427
0.08887294	0.91112703
0.9857926	0.014207439
0.02876918	0.9712308
0.9978332	0.0021668496
0.95956826	0.040431745
0.0037979465	0.99620205
0.008987939	0.9910121
0.0033651618	0.9966349
0.014968105	0.98503184
0.0020057315	0.9979943
0.3902768	0.60972315
0.05758267	0.94241726
0.99552417	0.0044758613
0.031855837	0.9681442
0.9973224	0.0026776523
0.04042751	0.95957255
0.004882175	0.9951178
0.03391997	0.96608
0.98666745	0.013332624
0.9842174	0.015782582
0.0030191562	0.99698085
0.84734416	0.15265583
0.01180849	0.98819155
0.023657097	0.97634286
0.0056169173	0.9943831
0.9980148	0.0019851574
0.99674547	0.0032544567
0.9874072	0.012592749
0.0034969868	0.996503
0.0051443237	0.99485564
0.011603983	0.98839605
0.043658994	0.95634097
0.0018080437	0.998192
0.0017781868	0.9982218
0.9984586	0.0015414014
0.9957497	0.0042502745
0.04596556	0.9540344
0.9970567	0.0029432715
0.05601787	0.94398206
0.99573934	0.004260725
0.9980234	0.0019766071
0.9812651	0.018734882
0.9972516	0.0027484375
0.0020680449	0.99793196
0.99590623	0.0040937206
0.9615245	0.038475487
0.03636891	0.9636311
0.00789067	0.99210936
0.003999668	0.99600035
0.769286	0.23071408
0.022029424	0.97797054
0.023224311	0.97677565
0.06406592	0.9359341
0.06323727	0.9367627
0.99232155	0.00767849
0.99540824	0.0045916964
0.98356205	0.016437918
0.99347335	0.0065266252
0.9923652	0.0076347347
0.99541724	0.0045827436
0.99769515	0.0023047917
0.0022102683	0.99778974
0.9977494	0.0022506265
0.9939767	0.006023225
0.002401412	0.9975986
0.008381698	0.99161834
0.9982003	0.0017996698
0.9968733	0.0031266878
0.0019804148	0.9980196
0.9829633	0.017036643
0.0029603394	0.9970396
0.006733486	0.9932666
0.9832287	0.016771378
0.99169946	0.008300614
0.05371252	0.9462875
0.97990006	0.020099925
0.98780847	0.01219145
0.0022385272	0.9977615
0.996872	0.0031280215
0.997614	0.0023859434
0.9903695	0.009630551
0.0021918078	0.99780816
0.9049748	0.095025204
0.9864893	0.013510702
0.043003507	0.95699644
0.98548776	0.014512252
0.006301316	0.9936987
0.9974995	0.0025004726
0.9930321	0.0069679385
0.99619293	0.0038070793
0.0018504524	0.99814963
0.9977598	0.0022401207
0.0031682611	0.9968317
0.99609923	0.0039007284
0.9262214	0.07377869
0.03287905	0.96712095
0.9353265	0.06467349
0.99797493	0.002025125
0.062388208	0.93761176
0.01169706	0.988303
0.99836344	0.0016366148
0.04436155	0.95563847
0.0018777229	0.9981223
0.9906784	0.009321578
0.0019244729	0.9980755
0.017775327	0.98222464
0.00997492	0.99002504
0.99698406	0.0030159513
0.09005069	0.9099493
0.019571513	0.9804285
0.99751484	0.0024851758
0.0045190672	0.9954809
0.9638471	0.0361529
0.99774724	0.0022526914
0.9982999	0.0017001817
0.11543828	0.88456166
0.066046864	0.9339531
0.021948908	0.97805107
0.015515173	0.9844848
0.011017825	0.98898214
0.18722078	0.8127792
0.9237142	0.07628577
0.0067713894	0.9932286
0.9875509	0.012449097
0.96976465	0.030235287
0.003605985	0.996394
0.9980386	0.0019614461
0.99761957	0.0023803646
0.9835406	0.01645935
0.0021958663	0.9978041
0.011410548	0.9885895
0.9694549	0.030545093
0.008292477	0.9917075
0.9966343	0.0033657341
0.98880196	0.011198066
0.06741411	0.9325859
0.07292987	0.92707014
0.995288	0.004711956
0.9969502	0.0030498335
0.9977089	0.002291038
0.004980006	0.99502003
0.9403232	0.059676882
0.0063892384	0.9936108
0.9762773	0.023722678
0.9947806	0.0052194227
0.99624866	0.0037512823
0.0024357245	0.9975643
0.003946591	0.99605334
0.56641316	0.4335869
0.96820843	0.03179154
0.9983955	0.0016044558
0.09267735	0.90732265
0.9792671	0.020732904
0.122023225	0.8779768
0.002261029	0.99773896
0.9951656	0.004834464
0.014555188	0.98544484
0.19589923	0.8041008
0.99686664	0.0031333624
0.0021421013	0.99785787
0.0032790846	0.99672097
0.0019301911	0.9980698
0.0040744157	0.99592555
0.022435054	0.97756493
0.9921604	0.007839613
0.002214858	0.9977851
0.0022795538	0.9977204
0.99835217	0.0016478474
0.0021135882	0.99788636
0.9962878	0.0037121768
0.97850525	0.021494722
0.0065047257	0.9934953
0.03480397	0.96519595
0.9984578	0.0015422433
0.9960219	0.0039780983
0.9910617	0.008938275
0.5986544	0.4013456
0.99843055	0.0015693957
0.99156547	0.0084345415
0.04941163	0.9505884
0.0019458483	0.99805415
0.008257138	0.9917428
0.011123182	0.98887676
0.002263032	0.99773693
0.90180606	0.09819395
0.009980988	0.99001896
0.004583275	0.99541676
0.0038499648	0.99615
0.0044887955	0.9955112
0.9128552	0.08714478
0.9981741	0.0018259028
0.9845184	0.01548162
0.024109056	0.97589093
0.0066482755	0.99335176
0.13625741	0.86374253
0.020263365	0.9797366
0.9918047	0.0081952475
0.9917699	0.008230071
0.91138303	0.08861701
0.9870379	0.01296208
0.0035918513	0.99640816
0.03734864	0.96265143
0.9982206	0.0017793245
0.99523735	0.004762655
0.8550715	0.14492847
0.99731785	0.0026821536
0.110254265	0.8897457
0.009566874	0.9904331
0.020331778	0.9796682
0.0076817935	0.9923183
0.036211785	0.96378815
0.0419518	0.9580482
0.99557847	0.0044214646
0.003673057	0.996327
0.99336433	0.0066356855
0.10017251	0.8998274
0.95571864	0.044281393
0.9969902	0.003009827
0.02461123	0.9753888
0.19822763	0.8017724
0.008110484	0.99188954
0.005108666	0.9948913
0.99578625	0.0042137187
0.9974833	0.00251673
0.9954951	0.004504884
0.0035076912	0.9964923
0.0027528792	0.99724704
0.97265846	0.027341608
0.087981544	0.9120185
0.99849427	0.0015056761
0.9983558	0.0016441896
0.005569967	0.99443
0.19401626	0.8059838
0.04136414	0.9586358
0.005231151	0.99476886
0.07167028	0.9283297
0.9923866	0.0076134275
0.0021863335	0.9978137
0.0019619537	0.9980381
0.99801093	0.0019890384
0.0019604838	0.99803954
0.9984504	0.0015495296
0.99633116	0.0036688608
0.5651161	0.43488392
0.07039578	0.92960423
0.0057302467	0.9942697
0.25030953	0.74969053
0.06302261	0.93697745
0.006141022	0.993859
0.9984554	0.0015445378
0.014258243	0.98574173
0.002523531	0.9974765
0.9958419	0.0041580778
0.0056741596	0.9943258
0.89197564	0.1080244
0.02314114	0.9768588
0.13120466	0.86879534
0.0073408913	0.99265915
0.9957761	0.004223933
0.9744624	0.025537616
0.03027396	0.969726
0.9942198	0.0057801916
0.0030998955	0.9969001
0.007706568	0.9922935
0.9723474	0.027652688
0.9719429	0.028057072
0.99815685	0.0018431513
0.003091552	0.9969085
0.99694103	0.003058942
0.07473789	0.92526215
0.005043545	0.99495643
0.9980544	0.0019456003
0.93574077	0.064259276
0.041114032	0.958886
0.9982357	0.0017642268
0.8067427	0.19325723
0.7285226	0.27147734
0.014385872	0.9856141
0.93153554	0.068464406
0.0027308497	0.9972691
0.98468184	0.015318181
0.9946384	0.0053616203
0.6591423	0.34085765
0.044973735	0.95502627
0.9848605	0.015139549
0.98357695	0.016423116
0.040167984	0.95983195
0.99243295	0.00756705
0.9964528	0.003547196
0.9963475	0.0036525684
0.99781525	0.0021847645
0.9762833	0.023716625
0.01675333	0.9832466
0.9982646	0.0017354169
0.021765389	0.9782346
0.99837947	0.0016205343
0.014962032	0.985038
0.8219344	0.17806564
0.006345906	0.99365413
0.002163973	0.99783605
0.021870278	0.97812974
0.991746	0.008253992
0.014623693	0.9853763
0.0025871568	0.99741286
0.0020776314	0.99792236
0.017857414	0.9821425
0.002483773	0.9975163
0.99716645	0.0028335762
0.042815436	0.9571846
0.9969267	0.0030733063
0.7515923	0.2484077
0.0030526621	0.99694735
0.0017829787	0.99821705
0.9942849	0.00571502
0.007887661	0.9921123
0.030902233	0.96909773
0.9981517	0.00184825
0.9967573	0.0032426326
0.99488306	0.00511691
0.9641137	0.03588629
0.028990805	0.97100925
0.9959193	0.004080761
0.07042118	0.9295788
0.9957755	0.004224477
0.44565585	0.5543441
0.048532825	0.9514671
0.99783486	0.002165116
0.3101338	0.6898661
0.99045146	0.009548552
0.03281836	0.9671816
0.0023343118	0.99766576
0.99547935	0.0045206374
0.96761113	0.032388896
0.99193174	0.008068287
0.015133286	0.9848667
0.99383223	0.0061678053
0.5946953	0.40530473
0.9939017	0.0060982876
0.058582008	0.94141805
0.0030071835	0.9969928
0.9973054	0.0026945597
0.9287155	0.07128451
0.06451754	0.9354825
0.0023229085	0.99767715
0.9963082	0.0036917685
0.0025914402	0.99740857
0.9958476	0.00415233
0.014015258	0.9859847
0.0025919555	0.9974081
0.98230046	0.017699577
0.99786407	0.0021359934
0.9980562	0.001943838
0.006284248	0.9937158
0.17367606	0.826324
0.99356174	0.006438298
0.017701086	0.9822989
0.013020527	0.9869795
0.32620537	0.6737946
0.0032458184	0.9967541
0.9951756	0.004824399
0.98462844	0.015371539
0.17931707	0.82068294
0.9982685	0.0017315289
0.046084218	0.95391583
0.9981065	0.0018934752
0.99815375	0.0018462348
0.98372436	0.016275605
0.9977082	0.002291739
0.9982298	0.0017702415
0.059821825	0.94017816
0.96828216	0.031717803
0.9943013	0.005698656
0.996696	0.0033040391
0.9981054	0.0018946058
0.141937	0.85806304
0.99708986	0.0029100645
0.004095277	0.99590474
0.9944596	0.00554033
0.99724823	0.0027517763
0.9557409	0.044259027
0.0281515	0.9718484
0.9829518	0.017048227
0.003978907	0.9960211
0.97782564	0.022174321
0.916413	0.08358702
0.0021595974	0.9978404
0.9522814	0.04771859
0.6619981	0.33800188
0.019386247	0.9806137
0.0020455245	0.9979545
0.7891885	0.21081156
0.018986207	0.98101383
0.0019179536	0.99808204
0.99817574	0.0018242995
0.0018051451	0.9981949
0.99817824	0.0018217231
0.070254594	0.92974544
0.0019006722	0.9980994
0.00398528	0.9960147
0.9944132	0.005586785
0.9977871	0.002212825
0.015204705	0.9847953
0.99514824	0.004851762
0.042933382	0.95706654
0.016089952	0.98390996
0.0029322042	0.99706787
0.0020861402	0.9979139
0.008411179	0.9915888
0.9973508	0.0026492355
0.015082939	0.9849171
0.056029458	0.9439705
0.0019346423	0.9980654
0.99817884	0.0018211728
0.0042987657	0.99570125
0.9968292	0.003170759
0.9823728	0.017627165
0.99662554	0.0033745305
0.0021794806	0.9978205
0.987986	0.012014017
0.011227831	0.9887722
0.0035381198	0.9964619
0.008171816	0.9918282
0.99601364	0.003986401
0.018037861	0.98196214
0.041805364	0.9581947
0.0022335334	0.9977665
0.004642331	0.9953577
0.005773996	0.99422604
0.9951037	0.004896225
0.9982482	0.0017518054
0.02874156	0.97125846
0.99208647	0.007913582
0.9983138	0.0016862473
0.9639109	0.036089133
0.44040546	0.5595946
0.017243795	0.98275614
0.0032951257	0.9967049
0.009532826	0.99046713
0.0031716754	0.99682826
0.98566324	0.014336842
0.013880282	0.98611975
0.99793917	0.0020607684
0.017471816	0.98252827
0.84020513	0.15979482
0.005428869	0.99457115
0.0063701137	0.9936299
0.984777	0.015222995
0.9940024	0.005997575
0.9976459	0.002354095
0.92612463	0.07387534
0.9433161	0.05668396
0.044682153	0.95531785
0.0020998279	0.9979001
0.9981548	0.0018451508
0.023517543	0.97648245
0.9723642	0.027635818
0.99792117	0.0020788843
0.009902641	0.9900974
0.95104676	0.04895321
0.99806565	0.0019343633
0.99773777	0.0022622203
0.98942846	0.010571485
0.9970119	0.0029880332
0.0027364604	0.99726355
0.007045044	0.992955
0.99823654	0.0017634789
0.0824037	0.9175962
0.99595624	0.004043691
0.99492526	0.005074675
0.9889747	0.011025257
0.0032237405	0.9967763
0.993331	0.00666894
0.892658	0.10734202
0.002092002	0.997908
0.01595016	0.98404986
0.98964685	0.010353122
0.93035674	0.06964323
0.0030060387	0.9969939
0.084493674	0.91550636
0.008167223	0.99183273
0.06495956	0.9350405
0.9510253	0.048974708
0.049206425	0.95079356
0.0020576105	0.9979424
0.9978116	0.002188442
0.0032017634	0.9967982
0.016719043	0.98328096
0.0020593903	0.9979406
0.9931979	0.006802098
0.997865	0.0021350048
0.9939129	0.006087063
0.9858823	0.014117747
0.6792696	0.32073042
0.022614025	0.977386
0.0037346983	0.99626535
0.015889142	0.98411083
0.99397236	0.0060276575
0.0065495134	0.9934504
0.030084861	0.96991515
0.0023884894	0.9976115
0.002496545	0.99750346
0.99801683	0.001983186
0.9984328	0.0015671664
0.99776876	0.002231273
0.99836797	0.0016319931
0.07151371	0.9284863
0.0018783254	0.9981217
0.0025971022	0.99740285
0.99808645	0.0019135899
0.002632594	0.99736744
0.007799008	0.992201
0.09092111	0.9090789
0.0057697194	0.9942303
0.998467	0.0015329272
0.9940701	0.0059299055
0.7970987	0.2029013
0.99830985	0.0016901362
0.7634559	0.23654404
0.006536638	0.9934634
0.99156487	0.008435108
0.99374384	0.0062561263
0.28836817	0.71163183
0.111082055	0.8889179
0.9866919	0.013308131
0.063042365	0.93695766
0.0033072787	0.99669266
0.0022766255	0.9977234
0.002567918	0.99743205
0.9979327	0.0020672781
0.9866514	0.013348539
0.99659795	0.0034020287
0.002079191	0.9979208
0.99249953	0.0075005004
0.9984773	0.0015226678
0.017895022	0.98210496
0.27517635	0.7248237
0.0022620976	0.9977379
0.96056515	0.039434824
0.020037733	0.9799622
0.0020483288	0.9979517
0.99824667	0.001753337
0.9286631	0.071336895
0.06504897	0.93495107
0.06883382	0.9311662
0.010594924	0.9894051
0.82867455	0.17132549
0.0025019941	0.997498
0.0020395091	0.99796045
0.03979076	0.96020925
0.0022630545	0.99773693
0.9982273	0.001772658
0.99744403	0.0025559447
0.98639035	0.01360959
0.9977963	0.0022037453
0.9908608	0.009139147
0.9979274	0.0020725837
0.9722453	0.02775474
0.1696659	0.8303341
0.040903088	0.9590969
0.0019408725	0.9980591
0.090881445	0.9091186
0.010338003	0.98966205
0.9793219	0.020678116
0.0275126	0.9724874
0.9899372	0.010062775
0.99195886	0.008041221
0.9959229	0.0040771253
0.002046136	0.9979539
0.9122908	0.08770917
0.0018628264	0.9981371
0.0018028684	0.99819714
0.99315166	0.006848294
0.995394	0.00460602
0.020933168	0.9790668
0.011283912	0.98871607
0.9951998	0.0048001963
0.9952592	0.0047407565
0.012601267	0.98739874
0.99687755	0.0031224818
0.9849894	0.0150105655
0.9704527	0.02954721
0.049758833	0.95024115
0.9981248	0.0018752483
0.01402148	0.98597854
0.9355166	0.06448336
0.990754	0.009246033
0.9976774	0.0023226852
0.9755594	0.024440546
0.99832827	0.0016717073
0.8257212	0.17427881
0.003141801	0.99685824
0.9961384	0.0038616539
0.013202138	0.98679787
0.9529213	0.047078688
0.997614	0.0023860307
0.0025647164	0.9974353
0.0021264441	0.99787354
0.99649245	0.003507531
0.9855881	0.0144118965
0.9878747	0.012125362
0.99709594	0.0029040687
0.99842846	0.0015715355
0.9973368	0.0026631814
0.99101865	0.0089813955
0.9779533	0.0220466
0.078046896	0.92195314
0.055413164	0.9445868
0.98731226	0.012687718
0.9667699	0.033230167
0.0019068841	0.99809307
0.0026901069	0.9973099
0.0056882044	0.9943118
0.99616855	0.0038314278
0.98047996	0.019520065
0.99782157	0.00217839
0.99779034	0.00220969
0.82694614	0.17305385
0.0021339424	0.9978661
0.9792244	0.02077564
0.016770277	0.9832297
0.25134444	0.7486556
0.015078348	0.98492163
0.0031832673	0.9968168
0.99826944	0.0017305813
0.99753964	0.0024603922
0.013809838	0.9861901
0.1822609	0.81773907
0.020761397	0.97923857
0.5024727	0.4975273
0.028242137	0.9717578
0.9916318	0.008368257
0.9975177	0.0024823572
0.0065950486	0.9934049
0.01235367	0.98764634
0.0065671913	0.99343276
0.0046069603	0.99539304
0.91726214	0.08273791
0.013460395	0.98653954
0.9984425	0.0015575887
0.9903251	0.00967493
0.9966934	0.0033066121
0.95758116	0.04241892
0.004028045	0.995972
0.0118979225	0.9881021
0.9943323	0.005667647
0.9955778	0.0044221636
0.0019960627	0.9980039
0.03931804	0.960682
0.0025094193	0.99749064
0.003284815	0.9967152
0.004775684	0.99522424
0.9897287	0.010271291
0.99629647	0.0037034783
0.929714	0.070285946
0.012478712	0.9875213
0.93864	0.061359935
0.0046910704	0.99530894
0.0033200728	0.9966799
0.009323536	0.9906764
0.002353627	0.9976464
0.99815685	0.0018431777
0.63321143	0.3667885
0.9976398	0.0023602624
0.0022516523	0.9977483
0.99288684	0.0071131326
0.00207775	0.99792224
0.9953218	0.004678184
0.054578606	0.9454214
0.0034508822	0.9965491
0.9976816	0.0023183355
0.99434847	0.0056514987
0.0023467578	0.9976533
0.7739521	0.22604787
0.0055136387	0.9944864
0.8678198	0.13218017
0.99790156	0.0020984125
0.0069945385	0.99300545
0.9898928	0.010107199
0.9957551	0.00424497
0.046760675	0.9532393
0.01588994	0.98411
0.80419797	0.19580211
0.96357685	0.03642318
0.99482924	0.0051707323
0.0053348336	0.99466515
0.009473141	0.9905269
0.0114431735	0.98855686
0.0021023583	0.9978976
0.0029469568	0.997053
0.9984382	0.0015618252
0.92461354	0.07538643
0.9984074	0.0015926205
0.99761283	0.0023872324
0.007905108	0.99209493
0.08246127	0.91753876
0.014403136	0.98559684
0.99656665	0.0034333772
0.066740476	0.93325955
0.9951308	0.0048692334
0.9884505	0.011549491
0.9983551	0.0016448809
0.996988	0.003012024
0.98568195	0.014318034
0.99784946	0.0021506012
0.98357934	0.016420612
0.998417	0.0015830232
0.0046370327	0.995363
0.0022594002	0.9977406
0.010285816	0.9897142
0.97993124	0.020068826
0.98103094	0.01896904
0.0019464968	0.99805355
0.30637982	0.69362015
0.9965029	0.0034971314
0.993612	0.0063879844
0.048800565	0.9511995
0.0055413684	0.9944587
0.025658656	0.9743413
0.029582711	0.97041726
0.9957623	0.00423774
0.9484153	0.051584754
0.0037470916	0.9962529
0.0021195044	0.9978806
0.998336	0.0016640216
0.019319193	0.98068076
0.040859785	0.95914024
0.8115722	0.18842782
0.95797133	0.04202869
0.01821589	0.9817841
0.9922626	0.007737346
0.014498455	0.9855016
0.9956548	0.004345133
0.96467674	0.03532324
0.015648717	0.9843513
0.99840254	0.0015974789
0.99542904	0.0045709778
0.985705	0.014294996
0.98483384	0.015166169
0.060225815	0.9397742
0.99485993	0.005140136
0.019543443	0.9804566
0.99769944	0.0023005109
0.98481363	0.015186375
0.98219085	0.017809177
0.9858839	0.014116115
0.9957585	0.004241472
0.0019182093	0.9980818
0.7471318	0.2528682
0.996387	0.003613022
0.9959936	0.0040063225
0.0019251031	0.9980749
0.9877488	0.012251149
0.9970522	0.0029478031
0.99576366	0.004236336
0.12855124	0.8714487
0.94551605	0.054483924
0.022916378	0.9770836
0.0186303	0.98136973
0.07191311	0.9280869
0.99071926	0.009280816
0.07018404	0.92981595
0.004756694	0.99524325
0.020569474	0.97943056
0.1387836	0.8612164
0.8724326	0.12756737
0.8211735	0.17882657
0.9784736	0.021526398
0.99741995	0.0025800832
0.99727935	0.0027207108
0.9970847	0.0029153423
0.0023203539	0.99767965
0.97366357	0.02633643
0.99436826	0.005631768
0.0049110134	0.995089
0.0025186338	0.9974814
0.03002656	0.96997344
0.0020207807	0.9979792
0.99524045	0.004759571
0.9973036	0.0026964033
0.9975097	0.00249029
0.0024690714	0.997531
0.008686295	0.99131376
0.9532922	0.04670782
0.00848363	0.99151635
0.002062827	0.9979372
0.0020824126	0.9979176
0.9901834	0.009816544
0.9984127	0.0015872734
0.052821223	0.9471787
0.9962734	0.0037265809
0.008821843	0.9911781
0.99829453	0.0017055334
0.975205	0.024794975
0.9966273	0.0033727218
0.9982559	0.0017440326
0.10110461	0.89889544
0.0018596558	0.99814034
0.0042702835	0.99572974
0.0030810153	0.99691904
0.99395144	0.0060485797
0.9695114	0.030488655
0.091170855	0.9088291
0.04777204	0.9522279
0.0019735976	0.99802643
0.0040882034	0.99591184
0.002200602	0.99779934
0.0023592154	0.99764085
0.0025243761	0.99747556
0.99670404	0.003296025
0.9473078	0.052692156
0.11105818	0.8889418
0.0030125524	0.9969875
0.2688232	0.7311768
0.0035943147	0.9964057
0.0019261754	0.9980738
0.0026372306	0.9973628
0.01125553	0.9887445
0.99502003	0.00497993
0.002072775	0.9979272
0.9954762	0.0045238016
0.110915504	0.88908446
0.060518432	0.9394815
0.03560496	0.96439505
0.07226752	0.92773247
0.9859088	0.014091185
0.99794143	0.0020585577
0.9983816	0.0016183832
0.017885588	0.9821144
0.97396886	0.026031071
0.011087715	0.98891234
0.0023388602	0.9976611
0.99236506	0.007634901
0.0035107054	0.9964893
0.019074045	0.980926
0.9787259	0.021274071
0.013009133	0.98699087
0.9965192	0.0034807618
0.9982698	0.0017302223
0.8154645	0.18453555
0.0029007653	0.9970993
0.009465859	0.9905342
0.021274855	0.97872514
0.9856566	0.014343366
0.9803814	0.019618563
0.008781823	0.99121815
0.9981184	0.0018815767
0.9974504	0.0025495659
0.02074686	0.97925305
0.9916242	0.00837581
0.872381	0.127619
0.9981681	0.0018318859
0.9899366	0.010063402
0.0022522188	0.9977477
0.9217166	0.07828347
0.9944612	0.0055387905
0.9964444	0.0035556534
0.033755414	0.9662446
0.997959	0.0020409652
0.99796116	0.0020388414
0.98002094	0.019979076
0.0019635868	0.99803644
0.0022686375	0.9977314
0.9929878	0.00701217
0.0019105232	0.9980895
0.9945161	0.0054838806
0.04238993	0.95761013
0.99824893	0.0017510817
0.98364174	0.016358241
0.0049743946	0.9950256
0.0033928456	0.9966072
0.0019132367	0.9980868
0.9960722	0.003927788
0.98759115	0.012408834
0.9968508	0.003149169
0.9913908	0.008609131
0.99702924	0.0029707327
0.98414075	0.015859287
0.001966744	0.9980332
0.00415191	0.99584806
0.0066714236	0.9933286
0.9979249	0.0020750298
0.99796873	0.0020312956
0.9972806	0.0027194265
0.011531627	0.98846835
0.9905657	0.009434267
0.9983027	0.0016972398
0.001899341	0.9981007
0.963682	0.036317945
0.99785453	0.0021454305
0.0018559668	0.99814403
0.007974894	0.99202514
0.0028467472	0.9971533
0.015029862	0.9849702
0.9807066	0.019293465
0.9984315	0.0015684592
0.9810462	0.01895378
0.99696773	0.0030322731
0.9959449	0.0040550856
0.012301713	0.98769826
0.07050858	0.9294914
0.26644585	0.7335541
0.02008012	0.97991985
0.9980502	0.0019498364
0.07032358	0.9296764
0.9946802	0.0053197443
0.088976935	0.911023
0.11637365	0.8836264
0.002116505	0.9978835
0.99113876	0.00886119
0.00190772	0.99809223
0.9915644	0.008435601
0.017822219	0.98217785
0.0027704278	0.9972295
0.5750421	0.42495784
0.09565782	0.90434223
0.9947601	0.0052399333
0.015748201	0.9842518
0.95307666	0.046923306
0.00269972	0.9973003
0.99824995	0.0017500602
0.0081564495	0.9918435
0.99805605	0.0019439324
0.99601525	0.003984678
0.9977464	0.0022536223
0.0019678597	0.99803215
0.004200902	0.9957991
0.029154958	0.97084504
0.9200508	0.07994923
0.98393005	0.016069917
0.013641531	0.98635846
0.019323142	0.9806769
0.005724881	0.99427515
0.002844663	0.9971553
0.07849557	0.92150444
0.0973559	0.90264404
0.09070323	0.90929675
0.0051807445	0.9948192
0.99733907	0.0026609418
0.99842465	0.0015753801
0.99206054	0.00793944
0.9930607	0.0069393744
0.04416405	0.9558359
0.99754506	0.0024548816
0.0018457077	0.9981542
0.025521498	0.9744785
0.06681964	0.93318033
0.9952998	0.004700177
0.9942362	0.005763833
0.006342725	0.9936573
0.001987132	0.9980129
0.0055041714	0.9944958
0.20519626	0.79480374
0.9974963	0.0025036691
0.053452	0.94654804
0.99784195	0.002158038
0.9969932	0.0030067489
0.7589134	0.24108659
0.9750182	0.024981754
0.058674034	0.9413259
0.058604952	0.941395
0.0314365	0.96856344
0.99717796	0.0028220436
0.0052191005	0.99478084
0.99437994	0.005620117
0.9883216	0.011678405
0.011367067	0.988633
0.0024126237	0.9975873
0.9831723	0.01682774
0.0023062902	0.9976937
0.92946976	0.070530154
0.3365604	0.6634396
0.019890271	0.9801097
0.99827695	0.0017230042
0.99580586	0.0041941446
0.040845398	0.9591546
0.0028934306	0.9971066
0.9916998	0.008300245
0.9905128	0.009487264
0.97071224	0.029287737
0.003051597	0.9969484
0.0024428198	0.99755716
0.99601537	0.00398458
0.0018684657	0.9981316
0.0027777003	0.9972223
0.9976387	0.002361297
0.9862687	0.013731234
0.008789713	0.99121034
0.061250627	0.9387494
0.73993826	0.26006174
0.06116365	0.93883634
0.7589017	0.24109831
0.9858209	0.014179081
0.07504916	0.9249509
0.0041391775	0.9958609
0.9980982	0.0019018413
0.019815497	0.9801845
0.99802566	0.001974351
0.99336773	0.006632304
0.012837187	0.9871629
0.9873481	0.012651964
0.008007697	0.9919923
0.92185503	0.07814491
0.99761045	0.0023895805
0.003977947	0.99602205
0.99517447	0.004825566
0.76836467	0.23163535
0.99739766	0.0026023572
0.9733482	0.026651815
0.9955693	0.004430748
0.1872909	0.8127091
0.006865133	0.99313486
0.3360463	0.66395366
0.016257195	0.9837428
0.99368274	0.006317297
0.99763477	0.002365192
0.9902744	0.009725527
0.99412894	0.0058711194
0.0033358221	0.9966641
0.99220216	0.0077978093
0.04718028	0.95281976
0.99835724	0.0016426968
0.9894041	0.0105959335
0.24218178	0.7578182
0.037624396	0.96237564
0.11555405	0.88444597
0.98634523	0.013654768
0.0031154735	0.9968845
0.97718984	0.022810128
0.0037278843	0.9962721
0.08376014	0.9162398
0.99746203	0.0025379935
0.0018255465	0.9981744
0.99794656	0.0020535004
0.07252377	0.9274762
0.02778238	0.9722177
0.0021269624	0.99787307
0.9829625	0.017037455
0.9960621	0.0039379126
0.9984003	0.0015997124
0.009830571	0.99016935
0.52581173	0.4741883
0.0048848214	0.99511516
0.0021721283	0.9978278
0.0019920382	0.99800795
0.0018281456	0.9981718
0.0019257078	0.9980743
0.0064139115	0.9935861
0.9974025	0.0025975136
0.001869631	0.9981304
0.0052300454	0.99477
0.9943176	0.0056823757
0.09935607	0.9006439
0.83645505	0.16354492
0.9970968	0.0029031837
0.0077389656	0.9922611
0.0018667183	0.99813336
0.0028941995	0.9971058
0.098367415	0.90163255
0.0059404722	0.99405956
0.99535984	0.0046401788
0.0033342023	0.9966658
0.4687233	0.5312767
0.0032504299	0.99674964
0.95467925	0.045320798
0.99519026	0.004809771
0.021254037	0.978746
0.027749157	0.9722509
0.0053852648	0.9946148
0.0020218464	0.99797815
0.02100525	0.9789948
0.9970703	0.0029296065
0.9878215	0.012178445
0.04125105	0.9587489
0.0072672386	0.9927328
0.042760167	0.95723987
0.0046965685	0.9953034
0.08812078	0.91187924
0.98501426	0.01498572
0.0032647806	0.99673516
0.030962879	0.96903706
0.0020939042	0.9979061
0.9969934	0.0030065489
0.017618746	0.9823813
0.0021882756	0.99781173
0.008906037	0.99109393
0.9970197	0.0029802418
0.020446664	0.97955334
0.9967056	0.0032943974
0.002019598	0.9979804
0.44653824	0.5534618
0.0052974806	0.9947025
0.86376476	0.1362352
0.0032636295	0.99673635
0.001826887	0.9981731
0.99549156	0.0045084185
0.99737823	0.0026217876
0.0029604337	0.9970395
0.002113864	0.9978861
0.99747014	0.0025298402
0.01621278	0.98378724
0.017902786	0.9820972
0.98792505	0.012074956
0.0028851824	0.9971148
0.0024479423	0.9975521
0.0025959737	0.99740404
0.9770866	0.022913398
0.99539113	0.0046088193
0.020407619	0.9795924
0.023187878	0.9768122
0.88455355	0.115446396
0.0018277152	0.9981723
0.0019366007	0.9980634
0.16274378	0.8372562
0.99711585	0.002884118
0.98725325	0.012746711
0.03522034	0.9647797
0.012677161	0.98732287
0.002187784	0.99781215
0.0029746816	0.9970253
0.011978614	0.9880214
0.004122864	0.99587715
0.99636686	0.0036331601
0.0019650059	0.998035
0.05468614	0.9453138
0.9939458	0.0060542356
0.015656034	0.984344
0.98331535	0.016684681
0.026214145	0.9737858
0.9387922	0.06120775
0.9978629	0.0021370891
0.036044277	0.96395576
0.003372369	0.9966276
0.013526764	0.9864732
0.9925506	0.007449395
0.99645966	0.0035403192
0.017910456	0.9820895
0.99585885	0.0041411202
0.0017277201	0.9982723
0.015275997	0.98472404
0.060507376	0.9394927
0.0029314067	0.9970686
0.12389989	0.8761001
0.008957367	0.9910426
0.9479973	0.05200269
0.9977623	0.0022376603
0.9983182	0.0016818526
0.0028093394	0.99719065
0.99552625	0.004473684
0.0018597699	0.9981402
0.014173259	0.9858268
0.03517623	0.9648237
0.99442965	0.005570345
0.9962644	0.0037356173
0.0019431649	0.9980568
0.99650687	0.0034931276
0.9129196	0.08708045
0.095951445	0.90404856
0.9968545	0.0031455127
0.9457063	0.054293696
0.036766496	0.96323353
0.0201373	0.97986263
0.9608072	0.039192837
0.02939969	0.9706003
0.0024978134	0.99750215
0.00472913	0.9952709
0.003389564	0.99661046
0.014230349	0.9857696
0.023822451	0.9761776
0.04729303	0.952707
0.9981779	0.0018221821
0.09477874	0.9052213
0.99774593	0.002254079
0.9927048	0.007295118
0.9982021	0.0017978547
0.0021705888	0.9978294
0.9979213	0.0020787506
0.9950093	0.004990664
0.9967751	0.0032249528
0.060369737	0.9396302
0.83991176	0.16008824
0.019096477	0.98090345
0.06360315	0.93639684
0.0066052005	0.9933948
0.78884387	0.21115616
0.9417829	0.05821713
0.10865925	0.89134073
0.993848	0.006151951
0.01968437	0.9803156
0.002347219	0.9976528
0.0027045808	0.99729544
0.9961921	0.0038078316
0.99651957	0.0034804095
0.0108464835	0.98915344
0.96162456	0.038375467
0.0020239074	0.9979761
0.0020148184	0.9979851
0.013481644	0.9865183
0.0075166617	0.9924833
0.0018635101	0.9981365
0.99516714	0.0048328806
0.0045380224	0.995462
0.9940994	0.005900615
0.99759775	0.002402237
0.008796292	0.9912038
0.16127345	0.8387266
0.08100409	0.918996
0.014524047	0.98547596
0.4051133	0.5948867
0.0049597174	0.99504036
0.9916768	0.0083231665
0.02162448	0.9783755
0.003479054	0.996521
0.9959198	0.0040802015
0.99663347	0.0033665695
0.9943197	0.0056802533
0.9968923	0.0031077955
0.0022573906	0.99774265
0.0035254196	0.99647456
0.006758401	0.99324167
0.007482284	0.9925177
0.98087764	0.019122329
0.76772064	0.23227932
0.00575952	0.9942405
0.99826616	0.0017338423
0.0063142683	0.99368566
0.0033639143	0.99663603
0.017370513	0.98262954
0.07828057	0.92171943
0.99316263	0.006837408
0.022494532	0.9775055
0.0039933017	0.99600667
0.019057233	0.9809428
0.01045193	0.9895481
0.0033629253	0.9966371
0.057700895	0.9422991
0.99044645	0.009553559
0.9983669	0.0016331372
0.9965892	0.003410861
0.0024270373	0.99757296
0.005205309	0.99479467
0.06420689	0.93579316
0.0034340464	0.996566
0.0025842595	0.99741566
0.0023368672	0.99766314
0.07517971	0.92482024
0.0029058103	0.99709415
0.001816152	0.9981838
0.0017561502	0.9982438
0.018664854	0.98133516
0.0024687517	0.99753124
0.9971942	0.0028058472
0.99615484	0.003845195
0.05071427	0.9492857
0.07640947	0.92359054
0.005562289	0.9944377
0.0036576232	0.99634236
0.0033379663	0.996662
0.99672985	0.0032701963
0.9979898	0.0020101918
0.99416083	0.0058391383
0.0053896387	0.9946103
0.9982785	0.001721563
0.98089796	0.019102072
0.013312527	0.9866875
0.96816033	0.031839594
0.9966679	0.0033320354
0.97715765	0.022842376
0.67642796	0.32357198
0.0048427205	0.9951573
0.98133105	0.018668916
0.9672664	0.032733608
0.9915297	0.0084703285
0.0035593566	0.9964406
0.9966724	0.003327595
0.05620598	0.943794
0.99533564	0.004664332
0.028880835	0.97111917
0.99814796	0.0018520603
0.99230874	0.007691264
0.0020719394	0.997928
0.99777323	0.0022267248
0.9967746	0.0032253512
0.0053644436	0.9946355
0.0053029815	0.994697
0.0022426976	0.9977574
0.00231056	0.9976895
0.002198689	0.99780124
0.048802722	0.95119727
0.0062825326	0.99371743
0.9963677	0.0036322796
0.0027375226	0.9972625
0.8212471	0.17875285
0.9983895	0.001610523
0.0030652098	0.9969348
0.02174766	0.97825235
0.9977307	0.0022693218
0.0042729992	0.99572706
0.020862814	0.9791372
0.9924194	0.0075805914
0.00660715	0.9933929
0.9955623	0.0044376566
0.97422475	0.025775295
0.009647737	0.9903522
0.99834955	0.0016504908
0.99533135	0.004668631
0.9977647	0.0022353313
0.0031361608	0.99686384
0.9954527	0.004547285
0.99605954	0.0039404887
0.0034388765	0.9965611
0.7032568	0.29674318
0.0029556507	0.9970444
0.99666095	0.003339106
0.007597405	0.99240255
0.1287085	0.8712915
0.033218887	0.96678114
0.9971654	0.0028345706
0.9479149	0.05208507
0.37764463	0.6223554
0.02213711	0.97786295
0.99833053	0.0016694933
0.9949003	0.0050997357
0.0018008695	0.99819916
0.9969138	0.0030861779
0.0017640287	0.99823594
0.9974215	0.0025784674
0.004363569	0.9956364
0.9872362	0.012763849
0.99716824	0.0028317752
0.62144345	0.37855658
0.995227	0.0047730682
0.003151679	0.9968483
0.1181082	0.88189185
0.035356484	0.9646436
0.0019449024	0.9980551
0.9906833	0.009316656
0.004990122	0.9950099
0.0031507637	0.99684924
0.96860415	0.031395867
0.9981299	0.0018700599
0.9969733	0.0030267327
0.30498397	0.69501597
0.0034718418	0.9965282
0.05595362	0.9440464
0.99423826	0.0057617486
0.083813384	0.9161866
0.94611764	0.053882405
0.013731945	0.98626804
0.004023265	0.99597675
0.98328006	0.016719935
0.0025952945	0.99740463
0.9976659	0.0023340962
0.99819934	0.0018005694
0.0017901558	0.99820983
0.010311652	0.98968834
0.9835438	0.01645617
0.99464154	0.005358473
0.058041617	0.9419584
0.0020994754	0.9979005
0.036721803	0.9632782
0.9977464	0.0022535343
0.002185909	0.99781406
0.9950959	0.0049040653
0.9834051	0.016594905
0.026701113	0.97329885
0.01228583	0.9877142
0.011165736	0.9888342
0.0020653591	0.9979347
0.9972345	0.0027654564
0.53929573	0.4607043
0.9840275	0.015972456
0.9933555	0.006644492
0.98058164	0.01941835
0.0029714971	0.9970285
0.0028464373	0.9971535
0.002265376	0.99773467
0.0072770594	0.9927229
0.0031061133	0.9968939
0.9984237	0.0015763554
0.9944528	0.005547239
0.0019492944	0.9980507
0.0072811255	0.99271894
0.0017832706	0.9982167
0.037864935	0.962135
0.9974023	0.002597684
0.0027648031	0.99723524
0.9979888	0.0020111355
0.98482794	0.015172061
0.001987641	0.9980123
0.996689	0.003311017
0.99732745	0.0026725917
0.99817204	0.0018279762
0.9900956	0.009904351
0.14340296	0.856597
0.001870936	0.99812907
0.007046535	0.9929535
0.99693465	0.0030653863
0.0027634767	0.9972365
0.002243516	0.99775654
0.9899927	0.010007276
0.99818724	0.0018127096
0.0021828506	0.99781716
0.0031499863	0.99684995
0.0029518702	0.9970482
0.9972697	0.0027302837
0.0027705557	0.9972294
0.18373483	0.8162651
0.99795216	0.0020478687
0.9696782	0.030321803
0.005235257	0.9947647
0.01935553	0.9806444
0.0021518439	0.99784815
0.88781315	0.11218686
0.9936699	0.006330146
0.0042915074	0.99570847
0.9904266	0.009573478
0.0018244054	0.9981756
0.0101781385	0.9898219
0.07963566	0.9203643
0.014258953	0.985741
0.9549739	0.045026086
0.035550658	0.96444935
0.99636793	0.0036321038
0.14737594	0.852624
0.9944565	0.005543468
0.002129057	0.9978709
0.10768203	0.89231795
0.9978023	0.0021977164
0.009529765	0.9904702
0.9955498	0.004450264
0.9940221	0.0059779095
0.007671956	0.992328
0.0019016023	0.99809843
0.15081057	0.8491894
0.9724047	0.027595226
0.98644537	0.013554675
0.99723035	0.0027696164
0.1657731	0.8342269
0.026006516	0.9739934
0.0045787278	0.99542123
0.9984952	0.001504829
0.0058490457	0.99415094
0.029980196	0.9700198
0.99837166	0.001628341
0.99693066	0.003069411
0.58116287	0.4188372
0.049907286	0.95009273
0.020684928	0.97931504
0.9863804	0.013619625
0.29202086	0.70797914
0.012327806	0.9876722
0.005228837	0.9947712
0.99341995	0.0065799863
0.99849904	0.00150097
0.05048536	0.9495147
0.9699809	0.030019103
0.0020602234	0.99793977
0.004714564	0.99528545
0.99462754	0.0053724432
0.9976312	0.0023687885
0.0019806316	0.99801934
0.12483204	0.8751679
0.44553182	0.5544682
0.009305023	0.990695
0.79056174	0.20943825
0.99045956	0.009540511
0.07743651	0.9225635
0.11080188	0.8891981
0.9964191	0.0035809781
0.039433636	0.9605664
0.89198494	0.10801512
0.99520016	0.0047997953
0.030988628	0.9690113
0.22611614	0.7738839
0.99515766	0.0048423433
0.0017790656	0.998221
0.13888687	0.8611132
0.9975937	0.0024063212
0.9835338	0.01646619
0.9972031	0.0027969128
0.019748738	0.98025125
0.0036476918	0.9963523
0.0039911675	0.9960089
0.9943942	0.0056058136
0.07588426	0.9241157
0.0022827487	0.99771726
0.99822	0.0017799974
0.9946038	0.00539613
0.8511525	0.14884752
0.03132683	0.96867317
0.0022817303	0.99771833
0.99107134	0.008928641
0.081321575	0.9186784
0.0027621684	0.9972378
0.9968522	0.0031478342
0.995227	0.004773066
0.99650854	0.0034914378
0.99825805	0.0017419435
0.019627053	0.9803729
0.9951833	0.0048166756
0.0024435704	0.99755645
0.007746933	0.9922531
0.99396163	0.0060383747
0.027183386	0.9728166
0.9977829	0.0022171207
0.0018597487	0.9981402
0.18686678	0.81313324
0.012497636	0.98750234
0.007288995	0.99271107
0.6823879	0.31761208
0.029217003	0.97078305
0.030435747	0.96956426
0.97820127	0.021798776
0.022866676	0.9771333
0.0028775036	0.99712247
0.03208963	0.96791035
0.0022796276	0.9977203
0.0027945812	0.99720544
0.99612856	0.0038714204
0.96500635	0.034993667
0.0019092053	0.9980908
0.08387496	0.91612506
0.0030913518	0.9969086
0.99310666	0.006893309
0.275386	0.72461396
0.002381154	0.99761885
0.99416625	0.0058337324
0.031061465	0.9689386
0.119423404	0.8805766
0.048347272	0.95165277
0.13448367	0.86551636
0.0039650905	0.9960349
0.99803275	0.001967229
0.028892731	0.97110724
0.0017549125	0.9982451
0.020482115	0.9795179
0.0022094126	0.9977906
0.025230989	0.97476906
0.99441826	0.00558172
0.99470866	0.005291326
0.110351674	0.8896483
0.99644744	0.003552543
0.8589282	0.14107178
0.9961087	0.0038913204
0.0037657283	0.99623424
0.0018959146	0.9981041
0.9964025	0.003597477
0.0035576033	0.9964424
0.93794525	0.062054757
0.0024449842	0.9975551
0.0021817905	0.99781823
0.072329596	0.9276704
0.97702205	0.022977917
0.41530445	0.5846955
0.111650065	0.88834995
0.99813086	0.0018691791
0.2558599	0.7441401
0.7198129	0.2801871
0.017434398	0.98256564
0.040108483	0.9598915
0.0039670873	0.9960329
0.98606825	0.013931747
0.65761137	0.34238857
0.020925011	0.979075
0.0026917884	0.99730825
0.009290694	0.9907093
0.0052306945	0.9947693
0.010542618	0.9894574
0.992677	0.0073229484
0.9776389	0.022361083
0.98991054	0.010089458
0.9890927	0.010907279
0.9982287	0.0017712334
0.010093612	0.9899064
0.012083774	0.98791623
0.06333822	0.9366618
0.010440553	0.9895594
0.0021356125	0.9978644
0.9959949	0.004005105
0.033697996	0.96630204
0.9981383	0.001861698
0.102557614	0.89744234
0.0021722398	0.9978277
0.99619496	0.0038050434
0.0017443997	0.99825555
0.99757904	0.0024209586
0.030493846	0.9695061
0.9953826	0.0046174163
0.0021455276	0.9978544
0.005370953	0.9946291
0.005593377	0.9944066
0.0051813563	0.9948186
0.99580884	0.0041911663
0.9708518	0.029148227
0.008557799	0.99144214
0.0020023165	0.9979977
0.079183966	0.920816
0.830092	0.169908
0.0020910178	0.99790907
0.9979755	0.0020244303
0.0020101683	0.9979899
0.9971073	0.0028926297
0.9973876	0.0026123803
0.3310099	0.6689901
0.0023866869	0.9976133
0.9897059	0.010294061
0.9403395	0.059660535
0.003280589	0.9967194
0.051188447	0.94881153
0.9976681	0.002331841
0.004783487	0.9952165
0.001815903	0.998184
0.0023133766	0.9976866
0.102788016	0.89721197
0.9983878	0.0016122161
0.002977401	0.99702257
0.996872	0.0031280022
0.0017826731	0.9982173
0.98931867	0.010681385
0.0032322742	0.99676776
0.8960999	0.10390009
0.010510523	0.9894895
0.22300783	0.7769922
0.9956027	0.004397296
0.993679	0.00632104
0.99800175	0.0019982145
0.003678268	0.9963218
0.0028959587	0.997104
0.7993842	0.20061588
0.97980917	0.020190822
0.99836034	0.0016396248
0.9957385	0.0042614765
0.995188	0.0048119556
0.9954507	0.004549389
0.0034446924	0.9965553
0.9946425	0.005357507
0.0028818247	0.99711823
0.99481	0.005189974
0.99729013	0.002709929
0.0056475047	0.99435246
0.048689954	0.95131004
0.9930754	0.006924639
0.26438588	0.7356141
0.99468625	0.0053137024
0.99715257	0.0028474634
0.00243334	0.9975667
0.0034753876	0.99652463
0.9948251	0.0051749335
0.9932446	0.0067554154
0.0022516074	0.99774843
0.9822579	0.017742125
0.9971091	0.0028909082
0.0019779	0.9980221
0.0040692175	0.99593073
0.012434098	0.98756593
0.99302363	0.0069763865
0.003482901	0.99651706
0.9976156	0.0023844491
0.982659	0.017340982
0.99291706	0.007082901
0.001958655	0.9980413
0.09736068	0.9026393
0.9976457	0.002354338
0.9891227	0.01087732
0.9928973	0.007102653
0.0022140194	0.9977859
0.0022417128	0.99775827
0.0028731688	0.9971269
0.002749146	0.99725085
0.99798775	0.0020122305
0.9919531	0.008046959
0.0022722268	0.9977278
0.036591254	0.96340877
0.017263142	0.9827368
0.029614817	0.97038513
0.0019374081	0.99806255
0.002014166	0.99798584
0.9529517	0.04704829
0.9946885	0.005311495
0.0018444099	0.99815553
0.98544705	0.01455298
0.03705413	0.96294594
0.9979594	0.002040614
0.012200855	0.98779917
0.99617946	0.0038205287
0.02691237	0.9730876
0.0025753372	0.9974247
0.035419997	0.96458
0.0517846	0.94821537
0.009910641	0.9900893
0.9974433	0.002556672
0.19703451	0.8029655
0.19738896	0.80261105
0.015522256	0.98447776
0.06661836	0.9333817
0.99752146	0.0024785034
0.0032289128	0.99677104
0.99089736	0.009102633
0.99725276	0.0027472693
0.035757564	0.9642424
0.93411505	0.06588497
0.2160304	0.7839696
0.9980762	0.0019238412
0.9962084	0.0037915115
0.9370732	0.062926844
0.980993	0.01900704
0.012690728	0.9873093
0.9960956	0.0039044174
0.9426426	0.057357404
0.997331	0.002668973
0.9981198	0.0018802376
0.9939983	0.006001767
0.9872705	0.012729556
0.0059027243	0.99409723
0.9917802	0.008219724
0.0018088674	0.9981912
0.99819297	0.0018069828
0.0033168588	0.9966832
0.018003559	0.9819964
0.005519498	0.9944805
0.99836916	0.0016309011
0.998248	0.0017520456
0.9964108	0.0035892685
0.0024670896	0.99753284
0.99691653	0.0030834544
0.9983102	0.0016897967
0.0018341149	0.9981659
0.018288894	0.98171115
0.0018020597	0.998198
0.02150897	0.97849107
0.99735034	0.0026497028
0.0046410924	0.9953589
0.004605616	0.99539447
0.99750745	0.0024924632
0.35959598	0.640404
0.99753076	0.002469212
0.024033433	0.9759665
0.9980714	0.001928689
0.002761601	0.9972384
0.9755196	0.024480475
0.8801773	0.11982273
0.0060341605	0.9939659
0.9944035	0.0055964408
0.9983993	0.001600635
0.07572351	0.92427653
0.99807537	0.0019246249
0.019424075	0.98057586
0.3590101	0.6409899
0.99826616	0.0017338629
0.99833614	0.0016638822
0.087008625	0.9129914
0.0033242297	0.9966757
0.0023634024	0.99763656
0.04630488	0.9536951
0.92438114	0.07561884
0.9899094	0.01009063
0.002167267	0.9978327
0.007022594	0.99297744
0.0027168011	0.9972832
0.0035766743	0.9964233
0.99768984	0.002310164
0.008368479	0.99163157
0.9899873	0.010012644
0.0033922165	0.9966078
0.99834096	0.0016590671
0.9718166	0.028183453
0.99758744	0.002412571
0.99641967	0.0035803025
0.9962936	0.0037063793
0.9981408	0.0018591319
0.5092062	0.49079382
0.9959925	0.004007544
0.07268763	0.9273124
0.009393829	0.99060625
0.99806076	0.001939181
0.9961857	0.003814251
0.20029047	0.79970956
0.9940394	0.0059606167
0.99720275	0.002797299
0.9983006	0.0016993855
0.89186275	0.10813727
0.0018626251	0.99813735
0.9974099	0.0025901687
0.0024740172	0.997526
0.9957212	0.00427871
0.08914137	0.91085863
0.9849473	0.015052672
0.91194844	0.08805153
0.9983608	0.0016391565
0.9940753	0.0059246994
0.0019439268	0.99805605
0.09240418	0.9075959
0.9970072	0.002992806
0.039252058	0.9607479
0.0019463077	0.99805367
0.002818695	0.9971813
0.0031317188	0.9968683
0.0018826643	0.9981173
0.021179907	0.97882015
0.94673586	0.053264175
0.99663514	0.0033648417
0.0147744715	0.9852255
0.0020451145	0.99795485
0.98960006	0.010399913
0.9957586	0.0042414586
0.00901368	0.9909863
0.0020370423	0.99796295
0.0031700688	0.9968299
0.0019383129	0.9980617
0.9974619	0.002538055
0.11220828	0.8877917
0.95365125	0.046348795
0.09348086	0.9065191
0.99339736	0.006602585
0.99556905	0.0044309585
0.0019806148	0.99801934
0.99654263	0.0034573658
0.21665907	0.783341
0.998444	0.0015559745
0.0017891423	0.9982109
0.9972404	0.0027595188
0.9960531	0.003946925
0.0024468084	0.99755317
0.99794024	0.0020597265
0.9932487	0.006751279
0.99769396	0.002306005
0.9927268	0.0072732368
0.0043121055	0.9956879
0.04158319	0.95841676
0.005926977	0.994073
0.9799166	0.020083487
0.99706703	0.0029330158
0.015245578	0.98475444
0.07896381	0.9210362
0.99531376	0.00468624
0.98320836	0.016791644
0.99325377	0.006746242
0.0720387	0.92796135
0.998292	0.0017079926
0.9842927	0.015707262
0.0045843706	0.99541557
0.92189616	0.078103885
0.9965289	0.003471141
0.0022658578	0.99773407
0.99785584	0.0021441756
0.99756515	0.0024349007
0.0019701826	0.99802977
0.9928351	0.00716481
0.045542616	0.9544574
0.9831781	0.016821902
0.9770123	0.022987697
0.0018961022	0.99810386
0.0033726962	0.9966273
0.99549663	0.0045034355
0.014856453	0.9851436
0.99818844	0.0018115107
0.025442732	0.9745573
0.0018405776	0.99815947
0.02851588	0.9714841
0.99142075	0.008579303
0.0074857473	0.9925142
0.0510269	0.94897306
0.9979608	0.0020392295
0.99492466	0.0050752913
0.99609816	0.003901766
0.055759877	0.94424015
0.0029560497	0.9970439
0.039952032	0.96004796
0.9980773	0.0019227288
0.0056418227	0.9943581
0.9982546	0.0017453482
0.97212887	0.027871136
0.0020508314	0.9979492
0.0041758525	0.9958242
0.9902964	0.0097036185
0.0944571	0.9055429
0.04267466	0.9573253
0.9927596	0.007240389
0.021455783	0.9785442
0.99355197	0.0064480505
0.9940877	0.005912307
0.18115947	0.8188405
0.023606569	0.9763934
0.077407986	0.92259204
0.02615501	0.97384495
0.95944524	0.04055484
0.9962107	0.0037892642
0.0440865	0.9559134
0.29977793	0.7002221
0.002549508	0.99745053
0.91135114	0.08864886
0.98924494	0.010755093
0.002125492	0.9978745
0.97291565	0.027084416
0.002732029	0.99726796
0.98008806	0.019911932
0.99830985	0.0016901521
0.020044062	0.9799559
0.99426466	0.0057352968
0.13486938	0.86513066
0.0025562951	0.9974437
0.001984964	0.99801505
0.014892239	0.9851077
0.99675685	0.0032431104
0.15026094	0.8497391
0.3747185	0.6252815
0.9948061	0.0051938724
0.26250657	0.73749346
0.9930426	0.0069574136
0.995195	0.004805074
0.97396755	0.026032526
0.001963039	0.9980369
0.0046921303	0.99530786
0.002030447	0.99796957
0.9941736	0.0058263717
0.007735717	0.9922643
0.9791235	0.020876493
0.028761152	0.9712388
0.008469956	0.99153006
0.097481556	0.9025184
0.0069067907	0.99309325
0.995624	0.0043760207
0.99826944	0.0017305474
0.02459337	0.9754066
0.0022542183	0.9977458
0.9920387	0.007961291
0.008166798	0.9918332
0.99730384	0.0026961584
0.009107362	0.99089265
0.002867794	0.9971322
0.9978198	0.0021802129
0.002122857	0.9978771
0.002942653	0.9970573
0.9903262	0.009673746
0.0028636367	0.99713635
0.017656898	0.98234314
0.99684757	0.0031523707
0.005525265	0.9944747
0.99833846	0.0016615472
0.0019814936	0.9980185
0.77006716	0.22993289
0.0028499328	0.9971501
0.07676612	0.92323387
0.0398574	0.96014255
0.97932124	0.020678828
0.9747293	0.025270667
0.015194371	0.98480564
0.001993016	0.998007
0.9807083	0.019291751
0.9972071	0.0027928408
0.0039388835	0.99606115
0.0025885825	0.99741143
0.9875309	0.012469091
0.037164263	0.9628357
0.9984059	0.0015940934
0.90434253	0.095657445
0.99529344	0.004706538
0.9969613	0.0030386597
0.020027457	0.97997254
0.0021902402	0.9978098
0.10757947	0.8924205
0.027889652	0.9721103
0.9876522	0.012347866
0.0044269552	0.99557304
0.0072679576	0.9927321
0.006760616	0.9932394
0.0020869293	0.99791306
0.99828464	0.0017153403
0.9958961	0.0041039092
0.90454113	0.0954588
0.99764997	0.0023500882
0.92448217	0.07551778
0.0025375744	0.9974624
0.10446871	0.8955313
0.3840347	0.61596525
0.008492194	0.99150777
0.9899884	0.010011633
0.9972072	0.002792812
0.99770516	0.0022948266
0.9753549	0.024645114
0.00781569	0.99218434
0.9280826	0.07191738
0.9646653	0.03533465
0.0018956367	0.99810433
0.001937849	0.9980622
0.052383173	0.9476168
0.92399615	0.07600385
0.9973978	0.0026021998
0.008517309	0.99148273
0.99816614	0.001833909
0.97736907	0.022630908
0.9979044	0.0020955957
0.9963219	0.0036780895
0.51077366	0.4892264
0.9974606	0.0025393227
0.004921761	0.9950782
0.026952414	0.97304755
0.99653095	0.003469058
0.9965084	0.0034915672
0.03801361	0.9619864
0.0026573024	0.99734277
0.9658381	0.034161966
0.98932076	0.010679208
0.99563897	0.004360974
0.0019184172	0.99808156
0.67424124	0.32575876
0.9979791	0.0020209488
0.0020552357	0.9979448
0.9876222	0.0123777725
0.9975885	0.0024115364
0.0030305453	0.9969695
0.9899183	0.010081746
0.9830237	0.016976347
0.99785393	0.0021460555
0.0032080275	0.996792
0.0030908645	0.9969092
0.016655197	0.98334485
0.0027981715	0.9972018
0.08239948	0.91760045
0.688787	0.31121302
0.9982698	0.0017302089
0.009987247	0.99001276
0.99269146	0.007308605
0.99826473	0.0017353428
0.002335468	0.9976646
0.0017942298	0.9982058
0.007633507	0.9923665
0.9931433	0.0068566855
0.9965043	0.0034957028
0.12697183	0.87302816
0.94855404	0.0514459
0.9301903	0.06980963
0.9978003	0.00219971
0.01617663	0.98382336
0.0019391847	0.99806076
0.99322176	0.006778249
0.99743634	0.002563713
0.007566979	0.9924331
0.010483271	0.9895167
0.33494654	0.6650535
0.8164188	0.18358113
0.20649512	0.79350483
0.99845946	0.0015404967
0.03248132	0.96751875
0.118299134	0.8817009
0.49565575	0.5043443
0.0024747245	0.9975253
0.99637383	0.0036260858
0.9981426	0.0018574197
0.028977705	0.97102225
0.0019059858	0.998094
0.05788942	0.94211054
0.0021620379	0.99783796
0.06312006	0.9368799
0.94599867	0.05400131
0.9933202	0.006679809
0.44335458	0.5566454
0.003304429	0.99669564
0.42559507	0.5744049
0.0027056616	0.99729437
0.0018997876	0.9981002
0.9979627	0.0020373461
0.9889121	0.011087855
0.996878	0.003121983
0.1755544	0.8244456
0.0023756882	0.99762434
0.99756765	0.002432434
0.9962943	0.0037056769
0.41327658	0.58672345
0.0018016256	0.99819845
0.003053633	0.9969464
0.0030898594	0.99691015
0.02945135	0.9705486
0.019397903	0.98060215
0.9891158	0.010884165
0.008165844	0.99183416
0.99643683	0.0035631724
0.003218997	0.996781
0.99100596	0.008994031
0.9983912	0.0016087006
0.9965403	0.0034597605
0.99463356	0.0053664027
0.9975758	0.0024241668
0.0033553946	0.9966446
0.18229139	0.8177086
0.088457696	0.91154224
0.047449593	0.95255035
0.016197575	0.98380244
0.031755447	0.9682445
0.519956	0.480044
0.0059829666	0.994017
0.0019716432	0.99802834
0.9694818	0.030518167
0.060373258	0.93962675
0.9964904	0.0035095213
0.077573344	0.92242664
0.99817395	0.0018260751
0.0064429203	0.99355704
0.0028811714	0.99711883
0.002679642	0.99732035
0.0033128583	0.9966871
0.0022076396	0.99779236
0.9970162	0.00298387
0.006400208	0.9935998
0.9983645	0.0016355282
0.0023689282	0.9976311
0.007909447	0.9920906
0.097505525	0.9024945
0.9961326	0.003867355
0.001943124	0.9980568
0.9951165	0.0048834723
0.98856366	0.011436346
0.8051161	0.19488391
0.9941784	0.005821632
0.9960299	0.0039700917
0.991482	0.008517972
0.0018621305	0.99813783
0.9935371	0.0064628865
0.022791876	0.97720814
0.0018320672	0.9981679
0.99840975	0.0015902186
0.9973339	0.0026661796
0.99000835	0.009991627
0.08069678	0.91930324
0.002008205	0.9979918
0.0031015805	0.9968984
0.17950822	0.8204918
0.0025024367	0.9974975
0.012841278	0.9871587
0.005084816	0.9949151
0.0019858377	0.9980141
0.25456414	0.74543583
0.98768836	0.012311701
0.0036521344	0.99634784
0.9898633	0.010136783
0.0019585448	0.9980414
0.0042174016	0.9957826
0.9951373	0.0048627867
0.99703133	0.0029686405
0.0067759543	0.993224
0.9593243	0.04067568
0.99842924	0.0015707227
0.05996926	0.94003075
0.017170528	0.9828295
0.03130227	0.96869767
0.9984597	0.0015403279
0.062246505	0.93775344
0.0035901756	0.99640983
0.02033487	0.9796651
0.99643445	0.0035655536
0.9945426	0.0054573724
0.97061086	0.02938914
0.99548763	0.0045123147
0.0046565686	0.9953434
0.0018694779	0.9981305
0.99774534	0.0022546162
0.008289269	0.99171066
0.99641967	0.003580292
0.019933892	0.98006606
0.9950041	0.004995861
0.004188116	0.99581194
0.0076576234	0.9923424
0.99620795	0.0037920338
0.99839956	0.0016004859
0.99561924	0.004380689
0.08813198	0.91186804
0.9971117	0.002888298
0.9935942	0.0064057475
0.9921034	0.007896676
0.029110104	0.97088987
0.99814785	0.0018521758
0.73521715	0.26478282
0.99712735	0.0028726303
0.9959806	0.004019381
0.998128	0.0018720333
0.0072222464	0.99277776
0.0037840838	0.9962159
0.9924967	0.007503334
0.0024449262	0.9975551
0.9928659	0.007134103
0.0038705708	0.9961294
0.99357384	0.006426139
0.015016412	0.9849836
0.007887438	0.9921125
0.9954568	0.0045431694
0.99030066	0.009699381
0.99017125	0.009828715
0.0021459667	0.99785405
0.9940866	0.005913322
0.99692506	0.003074937
0.99266714	0.007332819
0.083015084	0.9169849
0.9983912	0.0016087497
0.96449226	0.035507686
0.0019718974	0.9980281
0.99787295	0.0021271019
0.19628835	0.8037116
0.004724056	0.995276
0.007845958	0.99215406
0.0023048543	0.99769515
0.9982305	0.0017695306
0.0067496942	0.99325037
0.9749214	0.025078624
0.9973912	0.0026087326
0.97822523	0.021774802
0.9958781	0.004121913
0.9975079	0.0024919987
0.98733217	0.012667794
0.9978314	0.002168643
0.9950707	0.0049293404
0.32357028	0.67642975
0.0021662218	0.9978338
0.99829346	0.00170649
0.123710185	0.8762898
0.020780955	0.979219
0.99734503	0.0026550132
0.9948251	0.0051749237
0.98987037	0.0101296175
0.9966756	0.0033244274
0.9969702	0.0030297758
0.8696223	0.13037774
0.013933935	0.98606604
0.987015	0.012985002
0.9958413	0.004158633
0.009191904	0.99080807
0.98865813	0.011341876
0.9974481	0.0025519147
0.006626551	0.9933735
0.7740209	0.22597909
0.016883114	0.98311687
0.0053462596	0.9946537
0.9911493	0.008850738
0.03899063	0.96100944
0.0043789716	0.995621
0.99318117	0.006818786
0.0054823495	0.9945176
0.997591	0.0024090458
0.0052328855	0.99476707
0.9970113	0.0029886926
0.0020606488	0.9979393
0.010004277	0.9899957
0.009131563	0.99086845
0.0017485081	0.9982515
0.98665154	0.013348471
0.99678934	0.003210654
0.9984084	0.0015916585
0.99753547	0.0024645198
0.027799182	0.9722009
0.117351204	0.8826488
0.9979724	0.002027583
0.15850815	0.8414918
0.03166194	0.9683381
0.89279187	0.10720818
0.97296786	0.02703206
0.93394196	0.06605798
0.9925217	0.007478227
0.9942656	0.0057343775
0.0049860487	0.9950139
0.8485386	0.15146142
0.98162305	0.018376948
0.9985114	0.0014886184
0.98865205	0.011347963
0.9946155	0.0053845085
0.09494546	0.9050545
0.07311237	0.9268876
0.99790025	0.002099702
0.01771844	0.98228157
0.99658644	0.0034135915
0.96544105	0.03455892
0.99819225	0.0018077296
0.99624676	0.0037532665
0.0018973903	0.9981026
0.0064112074	0.9935888
0.0020744305	0.9979255
0.0060977577	0.9939022
0.010289271	0.98971075
0.99565154	0.004348435
0.99826694	0.0017330922
0.003804476	0.99619555
0.99610955	0.0038904222
0.9955723	0.004427644
0.9971723	0.0028276984
0.01125796	0.98874205
0.99836797	0.0016320997
0.99847585	0.0015241535
0.0083216475	0.99167836
0.04689898	0.95310104
0.0018453124	0.9981547
0.043015227	0.95698476
0.011954596	0.9880454
0.9922673	0.007732717
0.995606	0.0043939357
0.008586647	0.99141335
0.0019454076	0.9980546
0.007398866	0.9926011
0.99490154	0.0050984924
0.0027136428	0.9972863
0.99457365	0.0054264185
0.9848986	0.015101367
0.99615294	0.003846996
0.032629747	0.9673702
0.99830925	0.0016907935
0.16916384	0.8308362
0.996201	0.0037990764
0.025778579	0.97422147
0.06627645	0.93372357
0.8246781	0.17532189
0.9697178	0.030282129
0.82378626	0.17621377
0.9952301	0.0047699404
0.922626	0.07737394
0.0034188433	0.99658114
0.9962435	0.0037565986
0.9818465	0.018153427
0.09582859	0.90417135
0.001972069	0.99802786
0.2711653	0.72883475
0.0732034	0.92679656
0.003481389	0.9965186
0.01595034	0.9840497
0.041433174	0.95856684
0.0032526841	0.99674726
0.9920095	0.007990459
0.0028054242	0.9971945
0.012297177	0.9877028
0.09521742	0.90478265
0.043115303	0.9568847
0.995255	0.0047450494
0.9516219	0.04837809
0.45700008	0.5429999
0.96241736	0.037582655
0.0020918986	0.9979081
0.9898837	0.010116258
0.9979219	0.002078098
0.005356333	0.9946437
0.0028269563	0.9971731
0.76273465	0.23726541
0.0044450527	0.995555
0.0023775739	0.99762243
0.9492419	0.050758183
0.89783704	0.102162994
0.9490331	0.050966874
0.0026909104	0.9973091
0.9810113	0.018988661
0.032287866	0.96771216
0.9979395	0.0020604588
0.5812237	0.41877624
0.0046631545	0.99533683
0.044328135	0.9556719
0.9926708	0.0073292456
0.0027788074	0.99722123
0.99767464	0.0023253197
0.9887516	0.011248442
0.9934541	0.0065459157
0.9960905	0.0039095427
0.045771193	0.95422876
0.055417635	0.94458234
0.0020267363	0.99797326
0.002198053	0.99780196
0.8752173	0.1247827
0.9958105	0.0041894545
0.99460196	0.0053981193
0.9974366	0.0025634444
0.9982987	0.0017012949
0.0017923437	0.9982077
0.9867033	0.013296728
0.031881936	0.96811813
0.02207885	0.9779212
0.0022991905	0.99770087
0.9982993	0.0017006834
0.0038028609	0.9961972
0.99717915	0.0028208764
0.9964882	0.0035117634
0.0024717718	0.99752825
0.006114259	0.9938857
0.01776945	0.9822305
0.002780798	0.9972192
0.0065342085	0.99346584
0.0020251684	0.9979748
0.9955237	0.0044762967
0.28775823	0.71224177
0.9909292	0.009070813
0.9959221	0.0040778685
0.9982552	0.0017448482
0.0032352344	0.9967648
0.002398015	0.99760205
0.1270043	0.87299573
0.0025521598	0.99744785
0.011924743	0.98807526
0.13301226	0.8669877
0.017609883	0.98239017
0.0019218385	0.9980781
0.020774474	0.9792255
0.0017775875	0.9982224
0.9983223	0.0016776929
0.66254663	0.33745337
0.005178568	0.9948214
0.04216683	0.9578332
0.014118768	0.9858812
0.0021528597	0.9978472
0.3227844	0.6772156
0.9925323	0.007467659
0.85355604	0.14644398
0.061561182	0.93843883
0.9980895	0.0019104294
0.012226616	0.98777336
0.0049097794	0.99509025
0.993345	0.0066549554
0.10950666	0.8904933
0.996521	0.0034789941
0.9962141	0.0037858565
0.015367931	0.984632
0.01872859	0.98127145
0.0035538666	0.9964462
0.041022994	0.958977
0.99753284	0.0024671203
0.92114925	0.07885069
0.9981927	0.0018072666
0.9983411	0.0016588869
0.011979579	0.9880205
0.00197373	0.9980262
0.056131892	0.9438681
0.04551634	0.9544837
0.99701583	0.002984229
0.0030752092	0.9969248
0.0037544419	0.99624556
0.016096734	0.9839033
0.99185294	0.008147135
0.122627854	0.87737215
0.018786915	0.98121315
0.010087219	0.9899128
0.0018974887	0.9981025
0.027076894	0.9729231
0.9977568	0.002243188
0.0526967	0.94730335
0.9984149	0.0015851062
0.89539313	0.10460681
0.9930074	0.0069925785
0.9898504	0.010149565
0.0022953157	0.9977047
0.99671066	0.003289352
0.0018020165	0.998198
0.0035971592	0.99640286
0.9519256	0.04807443
0.0022088615	0.9977912
0.051110655	0.9488894
0.5679535	0.4320465
0.9981267	0.0018733293
0.06563694	0.93436307
0.9976947	0.0023053482
0.9968381	0.0031619247
0.98783535	0.012164669
0.0018754633	0.99812454
0.13168897	0.86831105
0.0018950755	0.99810493
0.9947876	0.005212358
0.9846676	0.015332392
0.9765544	0.02344558
0.05138868	0.9486113
0.7182818	0.28171813
0.99508935	0.0049106455
0.0026806172	0.9973194
0.9976495	0.0023505366
0.0025912405	0.9974088
0.6496403	0.3503597
0.9938699	0.006130025
0.33585894	0.66414106
0.034303904	0.9656961
0.0031955603	0.9968045
0.07300911	0.9269909
0.0065789362	0.993421
0.9984402	0.0015598143
0.013911959	0.9860881
0.9960258	0.0039741625
0.08541818	0.9145819
0.99653447	0.0034655326
0.01554612	0.98445386
0.7468718	0.2531282
0.010207705	0.9897922
0.0050668665	0.9949332
0.016504537	0.9834954
0.0019901462	0.99800986
0.0126750665	0.98732495
0.05254517	0.94745487
0.9655673	0.034432776
0.9045281	0.095471896
0.2277191	0.77228093
0.018148366	0.9818517
0.9820623	0.017937763
0.0027134388	0.99728656
0.0182016	0.98179835
0.0049428465	0.9950571
0.9964796	0.003520458
0.0019817085	0.99801826
0.41783962	0.5821604
0.03509194	0.9649081
0.99403065	0.0059693283
0.006724594	0.9932754
0.9977221	0.0022778842
0.024512218	0.9754878
0.044370573	0.95562947
0.0064106607	0.9935894
0.9950003	0.0049996297
0.061895423	0.93810457
0.99785894	0.002141068
0.00829893	0.99170107
0.99788123	0.0021187013
0.99072146	0.009278549
0.99719256	0.0028074472
0.9951121	0.0048878356
0.0018085119	0.99819154
0.0027436141	0.99725646
0.99769104	0.002308971
0.043204945	0.9567951
0.010860219	0.9891398
0.004289866	0.99571013
0.9983885	0.0016114755
0.9745481	0.025451908
0.0049818964	0.9950181
0.9973015	0.0026985402
0.0045662853	0.99543375
0.6769547	0.3230453
0.9955865	0.004413504
0.9980884	0.0019115756
0.01294704	0.987053
0.009733315	0.99026674
0.015674887	0.9843252
0.9983658	0.001634142
0.0019648897	0.99803513
0.1681435	0.8318565
0.16115469	0.83884525
0.99808925	0.0019107688
0.00201975	0.9979803
0.98447347	0.015526547
0.003082785	0.99691725
0.003899565	0.9961004
0.9122654	0.08773459
0.0020271374	0.9979729
0.002245456	0.9977545
0.99709296	0.0029070848
0.0045169396	0.99548304
0.6416474	0.3583526
0.031715084	0.96828496
0.99009645	0.009903495
0.9977182	0.0022817627
0.0019395706	0.9980604
0.96130884	0.03869114
0.9824592	0.017540788
0.009403959	0.99059606
0.99730754	0.0026924668
0.9961773	0.0038226563
0.99545985	0.004540106
0.9571855	0.042814534
0.0019440268	0.99805605
0.00969043	0.99030954
0.009186408	0.99081355
0.9979456	0.002054424
0.9979386	0.002061359
0.08190453	0.91809547
0.0020154736	0.9979845
0.0031833048	0.9968167
0.93274206	0.06725802
0.9964031	0.0035969182
0.002970123	0.9970299
0.6687223	0.33127773
0.995372	0.0046279607
0.0050627645	0.9949372
0.9956792	0.004320797
0.9980154	0.001984565
0.99474066	0.0052594203
0.00304213	0.9969579
0.9961442	0.0038557553
0.9890231	0.010976895
0.03689544	0.96310455
0.99545115	0.0045488835
0.0055416594	0.9944583
0.0018032221	0.9981968
0.9978873	0.0021127178
0.99666154	0.0033384552
0.9913809	0.008619166
0.018005203	0.9819948
0.1906662	0.8093338
0.99504167	0.0049583805
0.0034195434	0.9965804
0.002753602	0.9972464
0.0020730305	0.99792695
0.9967998	0.0032001876
0.07553554	0.92446446
0.9920759	0.007924128
0.9897349	0.010265118
0.996051	0.0039490517
0.9934776	0.006522397
0.8825824	0.117417604
0.99007076	0.009929225
0.0024221197	0.99757785
0.9945674	0.005432642
0.98835295	0.011647009
0.081342846	0.9186572
0.0018836143	0.9981164
0.0039280513	0.99607193
0.09320223	0.9067977
0.8290067	0.17099334
0.013123592	0.98687637
0.20533502	0.794665
0.9648729	0.03512708
0.028133541	0.9718665
0.0026641302	0.99733585
0.9922145	0.007785552
0.99499124	0.0050087394
0.00968184	0.9903182
0.002183615	0.9978163
0.9540063	0.045993738
0.0025053045	0.9974947
0.25024033	0.7497597
0.002033311	0.99796677
0.062736474	0.93726355
0.9961526	0.0038474277
0.9918435	0.0081564495
0.9980075	0.0019924887
0.039335817	0.96066415
0.006744306	0.99325573
0.9975708	0.0024291778
0.99552757	0.004472442
0.9965145	0.0034855434
0.036190424	0.96380955
0.0020725282	0.9979274
0.9610724	0.038927607
0.0022686352	0.9977314
0.99678636	0.0032136878
0.01868274	0.9813172
0.0019239566	0.9980761
0.007080433	0.9929195
0.9857777	0.014222318
0.99606776	0.003932167
0.08592985	0.9140701
0.99781847	0.0021814997
0.99833506	0.0016649249
0.9942326	0.0057674167
0.9724274	0.027572634
0.9553134	0.044686567
0.056835134	0.9431648
0.0017506735	0.9982494
0.9696674	0.030332565
0.98204374	0.017956182
0.15408742	0.8459126
0.010861606	0.9891384
0.9595928	0.040407185
0.02296169	0.9770383
0.023619596	0.97638035
0.9963476	0.0036523703
0.94927496	0.050725095
0.98565835	0.014341666
0.9828267	0.017173288
0.0023477718	0.99765223
0.0377357	0.96226424
0.9960735	0.003926563
0.55449325	0.44550672
0.002739374	0.9972606
0.016242756	0.9837572
0.01317516	0.9868248
0.99144846	0.008551496
0.98582745	0.014172566
0.0035512806	0.99644876
0.0029445617	0.9970554
0.99683917	0.0031608366
0.03569347	0.9643066
0.22342327	0.7765767
0.9960318	0.0039682025
0.9980323	0.0019677756
0.09996674	0.9000333
0.9960284	0.0039715394
0.9314498	0.06855025
0.001960119	0.9980399
0.005512844	0.9944872
0.0028673604	0.99713266
0.032328196	0.9676719
0.9965341	0.0034659095
0.004504594	0.99549544
0.01004275	0.9899573
0.008895083	0.9911049
0.9978623	0.0021377474
0.04844322	0.9515568
0.014471711	0.9855283
0.99752146	0.00247852
0.9798621	0.020137902
0.0072845723	0.9927154
0.008343275	0.9916568
0.0149158975	0.9850841
0.03676376	0.9632363
0.0020566396	0.99794334
0.99796957	0.0020304662
0.002899633	0.9971003
0.99607736	0.0039226077
0.007548794	0.99245113
0.9969957	0.0030043374
0.0020148826	0.9979851
0.0028565342	0.99714345
0.06859816	0.9314018
0.051829226	0.9481708
0.53828883	0.4617112
0.011526628	0.98847336
0.031440157	0.96855986
0.09608553	0.90391445
0.0112932	0.9887068
0.99599373	0.004006227
0.01667209	0.98332787
0.013030569	0.9869695
0.99743325	0.0025667946
0.0021077134	0.9978923
0.0038387056	0.99616134
0.80235815	0.19764185
0.0034756763	0.9965243
0.9983827	0.0016173228
0.9712884	0.028711583
0.9984579	0.0015421214
0.054898556	0.94510144
0.9974503	0.0025497358
0.9957689	0.0042311135
0.26950473	0.73049533
0.03387538	0.96612465
0.94917077	0.05082922
0.899325	0.10067492
0.06860483	0.9313952
0.996673	0.0033269592
0.9522486	0.0477514
0.99820054	0.0017994196
0.0026102394	0.99738973
0.99674726	0.0032527866
0.4500352	0.5499648
0.996234	0.003765995
0.9930448	0.0069551845
0.0018917341	0.99810827
0.9981207	0.0018792402
0.36140174	0.63859826
0.0072521204	0.99274784
0.9932648	0.006735137
0.9979844	0.0020155406
0.0020250336	0.99797493
0.0019280739	0.9980719
0.99319214	0.0068078795
0.8702487	0.12975134
0.99774987	0.0022501317
0.005555947	0.9944441
0.010008589	0.9899914
0.0017744048	0.9982256
0.9947962	0.005203858
0.99287474	0.007125212
0.9976903	0.0023096532
0.99328387	0.006716089
0.99849653	0.001503433
0.0029402198	0.99705976
0.002393454	0.9976065
0.0024692053	0.9975309
0.011870911	0.9881291
0.99367887	0.00632113
0.9984579	0.0015421303
0.0032018912	0.9967981
0.020470371	0.9795297
0.9963068	0.003693235
0.009345916	0.99065405
0.09613208	0.9038679
0.98286945	0.01713049
0.0038497841	0.99615026
0.9950159	0.0049840473
0.004728188	0.99527186
0.0028868509	0.9971131
0.9927602	0.0072397995
0.07498229	0.9250177
0.9980817	0.0019183407
0.99735045	0.0026494835
0.11768801	0.882312
0.031690665	0.96830934
0.0049324427	0.9950676
0.06967314	0.9303268
0.05778089	0.94221914
0.091129914	0.90887004
0.0024624448	0.9975376
0.0047641126	0.99523586
0.9965797	0.0034203073
0.9674979	0.032502092
0.9962065	0.0037934373
0.012051373	0.98794866
0.99621433	0.0037856067
0.9970124	0.0029876116
0.99615663	0.0038434055
0.0023363295	0.99766374
0.83077073	0.1692292
0.9977603	0.0022396776
0.02467187	0.97532815
0.0020359685	0.997964
0.0027919486	0.99720806
0.00188618	0.9981139
0.8406269	0.15937316
0.99828136	0.0017186742
0.9792036	0.020796394
0.9979709	0.0020290986
0.9884869	0.011513184
0.9931591	0.006840903
0.99741435	0.0025856514
0.01897959	0.9810204
0.016787425	0.98321253
0.03694889	0.96305114
0.6279698	0.37203023
0.08791535	0.9120846
0.06946311	0.9305369
0.8635023	0.13649769
0.045352213	0.9546477
0.9748788	0.025121212
0.9893009	0.010699081
0.0019235206	0.99807644
0.008495495	0.9915045
0.99745756	0.00254251
0.9957438	0.0042561465
0.0034337393	0.99656624
0.026727883	0.9732721
0.98948705	0.010512954
0.9984523	0.0015476878
0.003950923	0.9960491
0.037152503	0.96284753
0.036515288	0.96348476
0.002305182	0.9976948
0.9962818	0.003718195
0.029957462	0.9700426
0.98753566	0.0124643305
0.99719906	0.0028010004
0.0018157605	0.99818426
0.0028789886	0.99712104
0.032480676	0.9675193
0.14961931	0.85038066
0.008473128	0.9915269
0.014051031	0.98594904
0.011242694	0.9887573
0.963013	0.036986977
0.2219336	0.7780664
0.014234338	0.9857657
0.008480062	0.99152
0.13530664	0.86469334
0.99822086	0.0017790704
0.021137204	0.97886276
0.0019150922	0.9980849
0.0055979462	0.9944021
0.005245354	0.9947547
0.98927015	0.01072985
0.0031826454	0.99681735
0.9937605	0.0062394617
0.99016786	0.009832097
0.9534484	0.046551548
0.010730717	0.9892693
0.9981668	0.0018331321
0.9984609	0.001539095
0.055741113	0.94425887
0.018645484	0.98135453
0.9959733	0.0040266886
0.019392852	0.98060715
0.003539633	0.9964604
0.0024280215	0.997572
0.18323483	0.8167652
0.0046844897	0.99531555
0.9971917	0.0028083366
0.058592144	0.9414079
0.0059561483	0.9940439
0.99724704	0.002752882
0.9968284	0.0031716002
0.97467077	0.025329286
0.0039195423	0.99608046
0.96451735	0.035482652
0.01827338	0.98172665
0.9955213	0.0044786413
0.7140153	0.2859847
0.997757	0.0022430604
0.9952864	0.0047135977
0.044091735	0.95590824
0.9958598	0.0041402294
0.05258832	0.9474116
0.0033205017	0.99667954
0.0018842923	0.9981158
0.9980844	0.0019156183
0.99678314	0.0032168343
0.8939951	0.10600489
0.0189834	0.9810166
0.9942286	0.0057713552
0.99841917	0.0015808912
0.99796814	0.0020318397
0.9966538	0.0033461237
0.98467386	0.015326145
0.009869086	0.9901309
0.9964014	0.0035985538
0.9964688	0.0035312236
0.96773994	0.03226007
0.9979243	0.0020756717
0.12683809	0.8731619
0.9962884	0.0037115454
0.004760045	0.99524
0.0060697272	0.99393034
0.9981988	0.0018012269
0.006811756	0.99318826
0.059121586	0.94087833
0.99553466	0.0044653267
0.0038919412	0.996108
0.9964257	0.003574248
0.7820988	0.2179012
0.99548835	0.00451166
0.8838486	0.11615139
0.044801578	0.9551984
0.0140568195	0.9859432
0.9947083	0.0052916794
0.9464968	0.05350319
0.9930097	0.006990377
0.0019402003	0.9980598
0.99828136	0.0017187046
0.9947358	0.0052641616
0.027127743	0.9728723
0.12869072	0.87130934
0.006677234	0.9933228
0.9974981	0.002501832
0.0020334967	0.9979665
0.0058263224	0.9941737
0.11410999	0.88589007
0.99505746	0.0049425964
0.0059806216	0.9940194
0.9903936	0.009606413
0.0017411129	0.9982589
0.018112801	0.9818872
0.99690187	0.0030981072
0.004628013	0.995372
0.9976618	0.0023381505
0.0074699568	0.99253005
0.99390996	0.006090024
0.055427372	0.9445726
0.71328074	0.2867193
0.9938374	0.0061625843
0.0020429709	0.997957
0.9982918	0.001708239
0.9945721	0.005427942
0.006040399	0.99395967
0.99037766	0.009622304
0.009227182	0.99077284
0.9972894	0.0027106612
0.96956134	0.030438634
0.9812713	0.018728685
0.9910357	0.008964291
0.0020559693	0.99794406
0.0062534027	0.99374664
0.9966689	0.0033311807
0.0031477085	0.99685234
0.94491684	0.05508313
0.99833363	0.0016663569
0.0021417157	0.9978582
0.0018828238	0.9981172
0.12190436	0.8780957
0.94957894	0.050421055
0.9949674	0.005032612
0.7180502	0.28194988
0.015648246	0.98435175
0.012701558	0.9872984
0.9965706	0.003429392
0.9880164	0.011983546
0.023678303	0.9763217
0.9973431	0.0026568496
0.0020345575	0.99796546
0.99641365	0.0035864303
0.07463613	0.9253639
0.09394652	0.9060534
0.029990181	0.9700098
0.97401726	0.025982698
0.0036215787	0.9963785
0.9617176	0.03828242
0.0018534139	0.99814665
0.0076331524	0.99236685
0.07413175	0.9258683
0.01407824	0.9859218
0.006505098	0.9934949
0.8971515	0.1028485
0.004564183	0.9954358
0.9967534	0.0032465945
0.0020505902	0.9979494
0.99152035	0.008479676
0.99640405	0.0035959594
0.014918608	0.9850814
0.9969541	0.0030458895
0.0058436957	0.99415624
0.99789184	0.0021081564
0.97373873	0.026261313
0.9974136	0.002586404
0.9973265	0.0026735005
0.039676376	0.9603236
0.9976265	0.0023735783
0.9973732	0.0026267336
0.9969722	0.003027812
0.0021766506	0.99782336
0.9981725	0.0018274907
0.9984054	0.0015945656
0.97640026	0.023599802
0.0023712644	0.99762875
0.9966522	0.0033478066
0.83470863	0.16529134
0.8966473	0.10335266
0.9949197	0.0050802296
0.03006111	0.96993893
0.007446395	0.99255353
0.0044475896	0.99555236
0.99219924	0.007800758
0.003680084	0.9963199
0.99352187	0.0064781215
0.99528533	0.004714716
0.830393	0.169607
0.0020351626	0.99796486
0.99387795	0.0061220177
0.0025776483	0.99742234
0.993891	0.0061090426
0.020897359	0.9791027
0.99814606	0.001853975
0.01418417	0.9858159
0.002612902	0.9973871
0.9960018	0.0039982214
0.1894406	0.8105594
0.0018440359	0.998156
0.71601987	0.28398013
0.14167966	0.85832036
0.004050037	0.99595
0.99612147	0.0038784717
0.016843192	0.98315674
0.00207036	0.9979297
0.9566777	0.04332238
0.9904614	0.009538613
0.030317627	0.9696824
0.044505894	0.95549417
0.99731857	0.002681483
0.17716612	0.8228339
0.003141844	0.9968581
0.0054162573	0.9945838
0.0052007586	0.99479926
0.9979961	0.0020038967
0.009993524	0.99000645
0.91569865	0.08430141
0.00287585	0.99712414
0.0020585703	0.99794143
0.8692762	0.13072374
0.001900257	0.99809974
0.0020222946	0.9979777
0.016819095	0.98318094
0.9827152	0.017284844
0.003360278	0.9966397
0.995509	0.0044910023
0.9960522	0.003947832
0.066904664	0.93309534
0.0043469695	0.99565303
0.02643287	0.9735671
0.43026096	0.56973904
0.07491455	0.9250854
0.0028607936	0.9971392
0.9715999	0.028400132
0.99697566	0.0030243609
0.043401264	0.95659876
0.002308523	0.9976915
0.0030198367	0.99698013
0.99765056	0.002349506
0.023693496	0.9763065
0.99651307	0.003487
0.052243236	0.9477567
0.9523659	0.047634095
0.0037285641	0.9962714
0.0053689126	0.99463105
0.9884891	0.011510927
0.9977258	0.0022742741
0.04437411	0.95562583
0.039723735	0.9602763
0.076500334	0.92349964
0.0066711465	0.9933289
0.009416641	0.9905834
0.97008395	0.02991603
0.0049890014	0.995011
0.0046840715	0.9953159
0.0023654057	0.99763453
0.07815268	0.92184734
0.0025331397	0.9974669
0.0044119246	0.99558806
0.0025541803	0.9974458
0.99364483	0.006355167
0.9954928	0.004507199
0.0054135327	0.99458647
0.002321174	0.9976788
0.9236961	0.07630392
0.13447075	0.86552924
0.0018814481	0.9981186
0.9982034	0.0017966264
0.9982729	0.0017270729
0.006217873	0.9937821
0.9964108	0.003589253
0.0073698917	0.9926301
0.99628544	0.0037145228
0.006004216	0.9939958
0.0017708315	0.9982292
0.8883321	0.11166789
0.22100015	0.7789998
0.005559699	0.99444026
0.05127901	0.948721
0.13635676	0.8636432
0.9926696	0.007330377
0.9984457	0.0015543093
0.9873307	0.012669327
0.9893197	0.010680252
0.99277276	0.0072273086
0.002222088	0.9977779
0.002367169	0.99763286
0.01790114	0.9820988
0.001890179	0.9981098
0.0115263555	0.9884736
0.021862619	0.9781374
0.9622294	0.0377706
0.0019228709	0.99807715
0.996637	0.003363029
0.99826556	0.0017344076
0.0109742405	0.9890258
0.0024059948	0.99759394
0.99839896	0.0016009887
0.009740083	0.99025995
0.0032948875	0.9967051
0.9965108	0.0034891823
0.0025169584	0.9974831
0.015822453	0.9841776
0.011610181	0.98838985
0.99524	0.0047600637
0.99064016	0.009359873
0.09332091	0.90667915
0.89045835	0.10954166
0.9973029	0.0026971009
0.033164237	0.96683574
0.9889281	0.011071994
0.16971204	0.83028793
0.9957723	0.0042276876
0.9971769	0.0028230608
0.9959551	0.00404486
0.111057654	0.8889424
0.9959098	0.0040902565
0.995856	0.0041439645
0.9958424	0.004157558
0.99711967	0.0028803549
0.9984401	0.0015598827
0.0018672764	0.99813277
0.9960277	0.003972342
0.99734014	0.0026598992
0.9719811	0.028018907
0.025055975	0.97494406
0.9899018	0.010098147
0.0068363203	0.99316365
0.9975237	0.0024762882
0.9934614	0.006538614
0.9982685	0.0017314916
0.9901309	0.009869067
0.045807198	0.9541929
0.012606761	0.98739326
0.9567512	0.04324878
0.9930132	0.0069867633
0.99424285	0.0057571256
0.9937605	0.006239494
0.996678	0.0033220078
0.99644876	0.0035511993
0.9984426	0.0015574717
0.9940487	0.0059513114
0.9958786	0.004121436
0.03559026	0.96440977
0.015036752	0.98496324
0.012928052	0.98707193
0.9971289	0.002871082
0.99464357	0.0053564296
0.076709986	0.92329
0.007440157	0.9925599
0.0020116358	0.99798834
0.989232	0.010768016
0.9966306	0.0033693286
0.98820055	0.01179944
0.003454088	0.996546
0.0020093005	0.9979907
0.9949025	0.0050975205
0.9976737	0.0023262657
0.99837434	0.0016256038
0.996711	0.0032890239
0.99158734	0.008412587
0.13830025	0.8616997
0.99823797	0.0017620694
0.04077845	0.95922154
0.9975222	0.0024777916
0.0020546664	0.99794537
0.014117429	0.98588264
0.002219182	0.99778086
0.9972236	0.0027764433
0.0023994753	0.9976005
0.9779996	0.022000322
0.016182583	0.98381746
0.9978682	0.0021318153
0.016683178	0.98331684
0.994392	0.005607988
0.001967066	0.998033
0.99788374	0.0021162028
0.0019402243	0.9980598
0.048759796	0.95124024
0.0029251585	0.99707484
0.35685557	0.6431444
0.9933774	0.0066226753
0.9941316	0.00586842
0.001905772	0.99809426
0.9974241	0.0025759132
0.99831367	0.001686313
0.0023871798	0.99761283
0.9974044	0.0025956365
0.9981059	0.001894109
0.020629216	0.97937083
0.9946977	0.005302272
0.06742084	0.9325791
0.9932207	0.0067793154
0.032032263	0.96796775
0.99410075	0.0058991946
0.0025364235	0.9974636
0.9972849	0.0027151352
0.0040996666	0.99590033
0.98560494	0.014395015
0.9983747	0.0016252649
0.9910222	0.00897773
0.99753284	0.0024671508
0.0175123	0.98248774
0.0024433716	0.99755657
0.5488303	0.45116973
0.002809596	0.9971904
0.99706584	0.00293419
0.0019184941	0.99808156
0.99830294	0.0016970185
0.003248703	0.9967513
0.0138245495	0.9861755
0.99763334	0.00236668
0.07159725	0.9284027
0.012537374	0.9874627
0.07255545	0.9274446
0.11111933	0.88888067
0.9824889	0.01751115
0.99715096	0.0028491155
0.8212643	0.17873567
0.0038808507	0.99611914
0.04510044	0.95489955
0.9903324	0.009667587
0.022717915	0.97728205
0.98408854	0.0159114
0.016279079	0.9837209
0.998231	0.0017690741
0.09251846	0.90748155
0.99813336	0.0018666097
0.04557661	0.9544234
0.89034075	0.10965923
0.05846383	0.9415362
0.99831355	0.0016864585
0.003522513	0.99647754
0.9978877	0.0021123034
0.99212354	0.0078764
0.99645054	0.0035494925
0.03475905	0.96524096
0.98878634	0.011213642
0.0021978344	0.9978022
0.99307996	0.0069200923
0.0021027385	0.99789727
0.0024304315	0.9975695
0.09715215	0.9028479
0.03080455	0.9691955
0.9968213	0.00317866
0.9977464	0.0022536202
0.9984902	0.0015097202
0.99442697	0.0055730743
0.0031024534	0.9968976
0.059841193	0.9401588
0.0043138685	0.9956862
0.008138993	0.991861
0.9952982	0.004701859
0.002799787	0.99720025
0.98716044	0.012839624
0.13020013	0.86979985
0.95989186	0.04010813
0.9604614	0.039538633
0.9978212	0.0021787933
0.0020368604	0.9979632
0.0028577186	0.99714226
0.9745145	0.025485484
0.972764	0.027236016
0.9977125	0.0022874735
0.0037001232	0.9962999
0.055182107	0.9448179
0.011021573	0.98897845
0.9035464	0.096453585
0.007640337	0.9923597
0.99848974	0.0015102653
0.011693599	0.98830634
0.08206696	0.91793305
0.993725	0.0062749907
0.9980896	0.0019103412
0.9921821	0.007817901
0.006384671	0.99361527
0.017078504	0.98292154
0.7589275	0.24107243
0.0018017644	0.9981982
0.97551095	0.02448901
0.9803216	0.019678447
0.9324774	0.06752252
0.9975199	0.0024800461
0.0035365631	0.9964635
0.99809366	0.0019063252
0.75323015	0.24676985
0.9961592	0.0038407187
0.013343076	0.98665684
0.8478426	0.15215744
0.0045363363	0.99546367
0.024196923	0.9758031
0.002603662	0.99739635
0.005615375	0.99438465
0.9942087	0.0057912753
0.0041325707	0.9958675
0.9907645	0.0092355255
0.97989047	0.020109497
0.010693991	0.98930603
0.0019001656	0.99809986
0.031914998	0.96808505
0.99674904	0.003250997
0.015437585	0.98456246
0.9968297	0.0031703117
0.9919111	0.008088858
0.93051827	0.06948172
0.9983997	0.0016003198
0.031247716	0.96875226
0.98367506	0.016324947
0.9921737	0.007826316
0.99043804	0.009562018
0.9718488	0.028151225
0.99623114	0.00376881
0.010849141	0.9891509
0.510088	0.48991194
0.99009526	0.009904693
0.015747182	0.98425287
0.13137798	0.86862206
0.007974173	0.9920258
0.018944304	0.9810557
0.0039733965	0.99602664
0.027681118	0.9723188
0.004294373	0.99570566
0.010497963	0.989502
0.9945391	0.0054609505
0.99746466	0.0025353793
0.22439511	0.77560484
0.034018103	0.9659819
0.990035	0.009965032
0.89443636	0.105563626
0.0070334547	0.99296653
0.99079984	0.009200146
0.9966366	0.0033633888
0.9179145	0.08208542
0.9943932	0.005606776
0.99754936	0.0024506615
0.0073924256	0.9926076
0.981646	0.01835397
0.012992901	0.98700714
0.9954419	0.0045581255
0.021584436	0.97841555
0.9955498	0.0044502066
0.002012583	0.9979874
0.99254864	0.0074513345
0.032109864	0.96789014
0.0031557805	0.9968443
0.0917935	0.90820646
0.99836594	0.0016340627
0.0018233602	0.9981767
0.66436297	0.335637
0.9634135	0.036586497
0.022125447	0.9778746
0.9875097	0.012490241
0.1774907	0.8225093
0.0021317971	0.9978682
0.02214355	0.97785646
0.0020212748	0.99797875
0.012534966	0.987465
0.0019393547	0.99806064
0.0037854142	0.99621457
0.98749465	0.012505305
0.9984876	0.0015123823
0.8790707	0.1209293
0.0033257091	0.9966743
0.14812513	0.8518749
0.98322415	0.016775869
0.9984432	0.0015567968
0.0052021644	0.9947978
0.9958295	0.004170436
0.9733979	0.026602069
0.8693336	0.13066639
0.020126577	0.9798734
0.9959131	0.004086938
0.97880155	0.021198532
0.0040579326	0.99594206
0.12786376	0.8721363
0.023702146	0.97629786
0.99794585	0.0020541423
0.9959545	0.0040455507
0.40556955	0.59443045
0.9981248	0.0018751918
0.99267757	0.007322467
0.9978186	0.0021814113
0.1331599	0.8668401
0.9919773	0.008022699
0.99752396	0.002475988
0.007847664	0.9921523
0.0025718869	0.9974281
0.004298314	0.9957016
0.996333	0.0036669963
0.9984559	0.0015441432
0.0041798777	0.99582005
0.9899188	0.010081141
0.01739709	0.98260295
0.0026813096	0.9973187
0.23402266	0.7659774
0.9936724	0.00632765
0.9977877	0.0022123265
0.047397554	0.9526025
0.009635763	0.99036425
0.9689932	0.031006806
0.0019267227	0.9980732
0.9911383	0.008861658
0.0028680542	0.99713194
0.049246777	0.9507532
0.97516143	0.024838565
0.0023898976	0.9976101
0.8641141	0.13588592
0.002370811	0.9976292
0.0021184736	0.9978815
0.0143397655	0.9856602
0.004366342	0.99563366
0.9968982	0.0031018476
0.0029342987	0.9970657
0.0020172738	0.99798274
0.21972336	0.7802767
0.002687097	0.99731284
0.009209761	0.99079025
0.0021058205	0.9978942
0.05105189	0.9489481
0.004444445	0.9955556
0.993715	0.0062850583
0.9244409	0.075559065
0.007607428	0.99239254
0.11630512	0.8836949
0.0018924006	0.99810755
0.089450516	0.91054946
0.037771028	0.96222895
0.0053436365	0.99465644
0.05676739	0.9432326
0.10684635	0.89315367
0.9978096	0.0021904672
0.057661768	0.9423382
0.9968466	0.0031533525
0.0017401702	0.99825984
0.0023621877	0.99763787
0.99457526	0.0054246685
0.9947941	0.005205962
0.99832684	0.0016731436
0.8510291	0.14897096
0.0018532744	0.9981468
0.003205113	0.9967949
0.018460182	0.9815398
0.004109492	0.9958905
0.4449396	0.5550604
0.9969896	0.0030103936
0.094286256	0.9057137
0.007195477	0.99280447
0.12081467	0.8791853
0.2256304	0.7743696
0.03136495	0.968635
0.9982476	0.0017524476
0.81825644	0.18174352
0.12079913	0.8792008
0.061956182	0.93804383
0.99251527	0.0074846777
0.96592295	0.03407711
0.0017970556	0.9982029
0.94310236	0.056897614
0.9978666	0.002133447
0.9933956	0.006604447
0.9957616	0.0042384122
0.007590714	0.9924092
0.9956246	0.004375426
0.005370237	0.99462974
0.022539625	0.9774604
0.9865868	0.013413236
0.9983398	0.0016602615
0.041316163	0.9586838
0.99736625	0.0026337875
0.061289027	0.93871105
0.98741597	0.012584041
0.99602497	0.003975031
0.9968694	0.003130644
0.0034544684	0.9965455
0.0035890602	0.9964109
0.99379456	0.006205464
0.9964335	0.0035664616
0.0063475566	0.99365246
0.98347706	0.016522978
0.5068759	0.49312416
0.0031742244	0.9968258
0.9898526	0.010147323
0.008165752	0.9918343
0.111980855	0.88801914
0.9910521	0.008947921
0.02783166	0.9721683
0.9714063	0.02859367
0.9933891	0.00661085
0.0031677764	0.9968322
0.9813162	0.018683773
0.02672588	0.9732742
0.98433834	0.015661694
0.0027165415	0.99728346
0.002301718	0.99769825
0.0017364646	0.99826354
0.001998498	0.9980015
0.99764365	0.0023563672
0.002871931	0.99712807
0.99841774	0.0015822412
0.0042351615	0.99576485
0.9854981	0.014501958
0.013952436	0.9860475
0.98604715	0.013952836
0.8082946	0.19170544
0.99793136	0.0020686877
0.99745804	0.0025419206
0.0035497337	0.9964503
0.0071482416	0.9928517
0.004863289	0.9951367
0.00431335	0.9956866
0.0113034425	0.9886966
0.967193	0.032807063
0.99705446	0.00294557
0.002199125	0.9978009
0.011231908	0.98876816
0.99849856	0.0015014323
0.9977174	0.0022826553
0.0034492754	0.9965507
0.99227226	0.0077278013
0.98493004	0.015069888
0.99299276	0.007007208
0.024612011	0.975388
0.9907622	0.00923786
0.003838173	0.9961618
0.06912516	0.93087476
0.99566615	0.0043338053
0.003141783	0.99685824
0.9978708	0.00212921
0.0020994672	0.9979005
0.9981013	0.0018987202
0.012347073	0.9876529
0.9946761	0.0053238277
0.014825763	0.98517424
0.9982868	0.0017131885
0.022539698	0.97746027
0.80561817	0.1943818
0.0026101947	0.99738985
0.9966832	0.0033168017
0.9979001	0.0020998998
0.0071623074	0.9928377
0.9839806	0.016019382
0.002311961	0.99768806
0.027726807	0.97227323
0.97692853	0.023071442
0.9972193	0.0027807215
0.9983431	0.0016568942
0.9966822	0.003317814
0.9901398	0.009860148
0.08047613	0.9195239
0.9981219	0.0018781091
0.99847203	0.0015279637
0.9944846	0.0055153854
0.9949823	0.005017687
0.0019363536	0.9980636
0.9822243	0.017775677
0.0070165275	0.99298346
0.13232559	0.86767447
0.07340147	0.92659855
0.8177743	0.1822257
0.61266303	0.38733697
0.99839395	0.0016059888
0.05017843	0.94982165
0.0018445398	0.9981554
0.003905523	0.9960945
0.05390448	0.9460955
0.0019538938	0.99804604
0.0033862973	0.9966137
0.0517468	0.94825315
0.0022124543	0.9977875
0.045423135	0.9545769
0.004945404	0.9950546
0.42733127	0.57266873
0.016536022	0.98346394
0.0031892934	0.99681073
0.33088	0.66911995
0.9975732	0.0024267836
0.8261841	0.17381589
0.0024911454	0.9975089
0.017611621	0.9823883
0.0028174478	0.9971826
0.0148706185	0.98512936
0.97697496	0.023024978
0.99827707	0.0017229632
0.16843012	0.83156985
0.96577615	0.03422389
0.002950401	0.99704957
0.014644637	0.9853554
0.0020280115	0.99797195
0.0021482224	0.99785185
0.0023538307	0.99764615
0.03096839	0.9690316
0.062402535	0.9375975
0.9916618	0.008338199
0.0027770796	0.9972229
0.9973061	0.0026939271
0.028446468	0.97155356
0.6695022	0.33049777
0.15706621	0.8429338
0.96931285	0.030687133
0.001969565	0.99803036
0.018718526	0.98128146
0.029471336	0.97052866
0.010351184	0.9896488
0.0019775575	0.99802244
0.009638367	0.9903617
0.9983699	0.0016301001
0.012624897	0.98737514
0.0024834438	0.99751663
0.9847141	0.015285884
0.99614257	0.0038574222
0.99630654	0.0036934847
0.9981865	0.0018134431
0.9584978	0.04150219
0.9980203	0.0019797243
0.9972945	0.0027055368
0.9828122	0.017187763
0.9714707	0.028529322
0.001820047	0.99818003
0.009218381	0.9907816
0.0034439086	0.99655616
0.001959384	0.9980406
0.9953935	0.0046064616
0.9949556	0.005044435
0.0032718827	0.99672806
0.9809568	0.019043155
0.002500702	0.9974993
0.9964725	0.0035275342
0.003130412	0.9968696
0.078497045	0.92150295
0.012659817	0.98734015
0.9932941	0.006705886
0.0022884728	0.99771154
0.99738663	0.0026133195
0.007346765	0.99265325
0.99444854	0.0055514756
0.018081198	0.9819188
0.008486391	0.99151367
0.0066085677	0.9933915
0.065136135	0.93486387
0.019226993	0.980773
0.96377325	0.036226746
0.0036867508	0.9963133
0.001994781	0.9980052
0.002169158	0.9978308
0.9971226	0.0028773875
0.86280465	0.1371953
0.1004207	0.8995792
0.001683074	0.998317
0.0022880503	0.9977119
0.004577678	0.9954223
0.9634261	0.03657389
0.99769175	0.00230829
0.15105473	0.84894526
0.29386887	0.70613116
0.83376265	0.16623732
0.042548053	0.95745194
0.96941054	0.0305894
0.9757681	0.024231885
0.0898022	0.91019785
0.99640614	0.003593881
0.016219733	0.9837803
0.9969938	0.0030062448
0.93788314	0.062116817
0.7524917	0.24750833
0.061736304	0.9382638
0.0019715773	0.99802846
0.0038585807	0.9961415
0.02516259	0.9748375
0.45478746	0.54521257
0.96111655	0.038883444
0.8146169	0.1853831
0.99846625	0.0015337404
0.9922341	0.007765914
0.0035045322	0.9964954
0.084254414	0.9157456
0.01024336	0.98975664
0.98890495	0.011095042
0.020768996	0.979231
0.9979518	0.002048239
0.0023062858	0.9976937
0.996451	0.0035489693
0.42410144	0.5758985
0.03343685	0.9665631
0.9191334	0.08086662
0.9931479	0.006852115
0.15739745	0.84260255
0.0021757672	0.9978243
0.002007454	0.9979925
0.019418249	0.9805817
0.9971168	0.002883209
0.18556283	0.81443715
0.9976872	0.0023127308
0.99648345	0.0035165828
0.9952172	0.004782788
0.9982698	0.0017301725
0.08852325	0.9114768
0.98449564	0.0155043695
0.9983253	0.0016747493
0.9965252	0.0034747946
0.99595803	0.0040419684
0.979034	0.020965962
0.0032456846	0.99675435
0.0073603075	0.99263966
0.995492	0.0045079435
0.99237543	0.007624546
0.0077438327	0.99225616
0.8646395	0.13536048
0.020020928	0.97997904
0.0018877158	0.9981123
0.9977946	0.0022054277
0.0017617631	0.9982382
0.9982451	0.0017548933
0.0017532252	0.9982468
0.02254413	0.97745585
0.06735605	0.93264395
0.008991023	0.99100906
0.0026381135	0.99736184
0.9969812	0.0030187888
0.9783241	0.02167582
0.9973802	0.0026197485
0.99524873	0.0047512725
0.959306	0.040693995
0.9971892	0.0028107343
0.017121654	0.9828783
0.002531889	0.9974681
0.9984681	0.0015318686
0.052206296	0.94779366
0.6312614	0.36873856
0.9367269	0.06327309
0.013813248	0.98618674
0.9970182	0.0029817838
0.017534742	0.98246527
0.99305445	0.006945574
0.835208	0.16479199
0.9845381	0.015461935
0.0024728042	0.9975272
0.008580778	0.9914192
0.9973187	0.0026813399
0.039193593	0.9608064
0.99729615	0.0027038762
0.008730583	0.99126947
0.9977876	0.002212362
0.99735355	0.002646421
0.0039911745	0.99600875
0.03449519	0.9655048
0.0027887642	0.9972113
0.009921466	0.99007857
0.9971296	0.002870416
0.0021215423	0.99787843
0.99815315	0.0018467823
0.0025815018	0.9974185
0.9969048	0.00309519
0.9817499	0.018250147
0.9980611	0.0019388479
0.99761117	0.0023888475
0.0018683252	0.9981317
0.14987847	0.8501215
0.7959925	0.20400754
0.99607795	0.0039220857
0.0021077183	0.9978923
0.99646926	0.00353072
0.9963505	0.003649425
0.0019803056	0.9980197
0.94986033	0.050139673
0.99521166	0.0047884113
0.0019004171	0.9980996
0.029101681	0.97089833
0.008693557	0.9913065
0.996739	0.0032610386
0.0018888068	0.99811125
0.030590314	0.96940964
0.9980071	0.001992908
0.009214071	0.99078596
0.9984371	0.0015628955
0.004635136	0.9953649
0.99824476	0.001755194
0.99793786	0.0020621223
0.031536553	0.9684635
0.003526133	0.99647385
0.9291421	0.070857905
0.99672204	0.0032779796
0.99197066	0.008029324
0.0032753444	0.99672467
0.0023408728	0.9976591
0.016607003	0.983393
0.99468344	0.0053165155
0.035759583	0.9642404
0.006349734	0.99365026
0.019429293	0.98057073
0.9739457	0.026054306
0.9923827	0.0076173055
0.0022108443	0.99778914
0.9335231	0.06647691
0.077797405	0.9222025
0.99572766	0.0042723482
0.9982765	0.0017234782
0.9656212	0.034378804
0.9910734	0.008926625
0.99749076	0.002509293
0.09187483	0.90812516
0.9635399	0.03646014
0.11412058	0.8858794
0.9711306	0.028869383
0.0044086482	0.9955914
0.0050002723	0.99499977
0.09888958	0.9011104
0.7592737	0.24072632
0.13855083	0.8614492
0.99422705	0.0057728845
0.98588485	0.0141152395
0.0041277306	0.9958723
0.9656811	0.034318946
0.002477761	0.9975222
0.0068272906	0.9931727
0.055742897	0.9442571
0.0076293214	0.9923707
0.0018997659	0.9981002
0.013771121	0.9862288
0.004330402	0.9956696
0.0018694317	0.9981306
0.084123	0.915877
0.0037463726	0.9962536
0.99354136	0.0064585675
0.003064346	0.9969356
0.046651512	0.9533485
0.99168104	0.008319004
0.883814	0.11618606
0.002301023	0.99769896
0.98823303	0.01176698
0.99679583	0.003204141
0.99659413	0.00340583
0.9977703	0.0022297578
0.6030003	0.39699978
0.9283409	0.07165911
0.019158898	0.9808411
0.0043577845	0.9956422
0.99808407	0.0019159355
0.008710858	0.99128914
0.9978375	0.0021625666
0.9957082	0.004291748
0.9976636	0.0023363738
0.0019570917	0.99804294
0.9317428	0.06825723
0.9980539	0.0019461318
0.99028367	0.009716362
0.09792425	0.90207577
0.0034700606	0.99653
0.9974874	0.0025125495
0.99495655	0.005043454
0.0028620213	0.997138
0.996797	0.0032030086
0.012301034	0.9876989
0.99733835	0.0026616834
0.007062327	0.99293774
0.3524597	0.64754033
0.9970169	0.002983094
0.9789267	0.02107332
0.99809045	0.0019095697
0.9868982	0.013101848
0.0056446274	0.99435544
0.55092025	0.44907975
0.0021218087	0.9978782
0.0024049652	0.997595
0.9814897	0.018510295
0.011934124	0.98806584
0.9979995	0.0020004981
0.009591	0.990409
0.9946668	0.0053331507
0.9976566	0.0023434525
0.99246734	0.0075326427
0.9663271	0.033672877
0.9904366	0.009563359
0.99702555	0.0029744552
0.0089951195	0.99100494
0.0041077905	0.99589217
0.99848527	0.001514785
0.9788479	0.021152163
0.9980215	0.0019785329
0.9942861	0.005713888
0.012016642	0.98798335
0.99774855	0.0022514057
0.99750036	0.002499682
0.001973034	0.9980269
0.9979265	0.0020735583
0.9976883	0.0023117254
0.0032457118	0.9967542
0.99364626	0.006353788
0.99830306	0.0016969725
0.01159698	0.988403
0.99760157	0.0023985012
0.05359325	0.9464068
0.91199833	0.08800169
0.997969	0.0020309533
0.98511803	0.014881924
0.99839264	0.0016073918
0.0071781934	0.9928219
0.002094281	0.99790573
0.18303667	0.8169633
0.99296486	0.007035181
0.004117867	0.99588215
0.9974953	0.0025047925
0.007932618	0.99206734
0.0029486245	0.99705136
0.05219898	0.94780105
0.9764397	0.023560263
0.007657801	0.9923422
0.9949195	0.0050805216
0.0022692636	0.9977308
0.27994204	0.72005796
0.99260384	0.007396135
0.99761045	0.002389509
0.996108	0.0038920229
0.22813867	0.7718613
0.9881294	0.011870586
0.013928584	0.9860714
0.03066656	0.96933347
0.0020500529	0.99795
0.0018979053	0.9981021
0.99375445	0.0062455996
0.42087808	0.57912195
0.99272573	0.007274269
0.035321996	0.96467793
0.117483534	0.88251644
0.9983285	0.0016714461
0.0018068848	0.9981931
0.05962762	0.9403724
0.14075486	0.8592451
0.009886725	0.99011326
0.0018181067	0.99818194
0.015681693	0.9843183
0.0036795156	0.9963205
0.002914267	0.99708575
0.0045638406	0.99543613
0.0038473327	0.9961527
0.04204184	0.95795816
0.95849377	0.04150623
0.002247506	0.9977525
0.9970897	0.0029102913
0.9951121	0.00488788
0.986766	0.013234026
0.99797267	0.002027313
0.98139346	0.018606575
0.009683926	0.9903161
0.9979278	0.0020722158
0.99767953	0.002320527
0.96039385	0.03960615
0.87021816	0.12978189
0.9849626	0.015037472
0.002719861	0.9972801
0.06692929	0.9330707
0.9980094	0.0019906766
0.008066073	0.99193394
0.94370085	0.05629917
0.9977952	0.0022048233
0.93736494	0.06263514
0.019054804	0.9809452
0.002129309	0.9978707
0.9758195	0.024180502
0.9924953	0.007504736
0.99152136	0.008478659
0.002152361	0.9978477
0.86641514	0.13358483
0.01887812	0.9811219
0.0017742434	0.99822575
0.99848723	0.0015127655
0.010453597	0.9895465
0.0020937705	0.9979062
0.9922747	0.007725278
0.6307404	0.36925963
0.9945379	0.0054620425
0.0025512471	0.99744874
0.9964946	0.003505375
0.0022499422	0.9977501
0.99803764	0.0019623365
0.044639274	0.9553607
0.0033420618	0.99665797
0.5556068	0.44439322
0.99794	0.0020599598
0.9946902	0.005309847
0.9973972	0.0026028634
0.034021594	0.96597844
0.022554852	0.9774451
0.0321791	0.9678209
0.9921787	0.007821316
0.9983487	0.0016512846
0.005574478	0.99442554
0.002067306	0.9979327
0.020117313	0.97988266
0.0040300465	0.99597
0.04736429	0.9526357
0.53269166	0.4673083
0.9044297	0.09557027
0.99641246	0.0035876145
0.0021156208	0.99788433
0.023078758	0.97692126
0.99757725	0.0024227465
0.0042912345	0.9957087
0.02431901	0.97568107
0.99835855	0.0016413805
0.99546343	0.004536553
0.9873956	0.012604339
0.066325516	0.9336745
0.9925137	0.007486244
0.9915011	0.008498918
0.9975344	0.002465586
0.93863654	0.06136339
0.018828988	0.981171
0.7655522	0.2344478
0.007777846	0.99222213
0.9975914	0.0024086584
0.9591461	0.040853973
0.99773765	0.0022623278
0.9983929	0.0016070642
0.15945424	0.8405458
0.96560603	0.034393944
0.002066338	0.9979336
0.9949685	0.005031581
0.0018910321	0.998109
0.99325895	0.0067410357
0.001981795	0.99801815
0.02277382	0.97722614
0.01222209	0.9877779
0.9940057	0.0059942864
0.9820514	0.017948598
0.98483366	0.015166369
0.9965605	0.0034394518
0.0025723786	0.99742764
0.99408853	0.0059114667
0.96774775	0.032252252
0.9879198	0.012080154
0.05857179	0.9414282
0.009883299	0.99011666
0.9715763	0.02842373
0.0026241327	0.99737585
0.002942365	0.9970577
0.9528808	0.0471192
0.9940725	0.0059275166
0.022131093	0.97786885
0.007422852	0.99257714
0.072473966	0.927526
0.621295	0.378705
0.99830365	0.0016963498
0.99830806	0.0016918723
0.0026007278	0.99739933
0.00336783	0.99663216
0.99614185	0.0038581626
0.002116207	0.99788374
0.06414239	0.9358576
0.9922695	0.0077304775
0.0024359017	0.9975641
0.003364519	0.9966355
0.9978461	0.0021538443
0.08421277	0.9157872
0.06396716	0.9360328
0.02428571	0.97571427
0.9892419	0.010758111
0.99848145	0.0015186036
0.047317084	0.95268285
0.7437462	0.25625375
0.0728394	0.9271606
0.68597394	0.31402603
0.0067671067	0.99323297
0.9951401	0.0048599304
0.18237169	0.8176283
0.9984499	0.0015500771
0.023170589	0.97682947
0.99748504	0.0025149204
0.99556977	0.0044302433
0.08317194	0.91682804
0.029387537	0.9706125
0.9960443	0.003955787
0.0017394595	0.99826056
0.013251154	0.9867488
0.9713008	0.028699275
0.99747473	0.0025252046
0.028748363	0.9712516
0.0019630352	0.9980369
0.9595215	0.04047848
0.0017445857	0.99825543
0.004081887	0.9959181
0.04701905	0.95298094
0.0073300265	0.99266994
0.99772865	0.0022714152
0.18316258	0.8168374
0.014356678	0.98564327
0.009072207	0.99092776
0.0038362665	0.9961637
0.99710745	0.002892597
0.0024954812	0.99750453
0.06455697	0.93544304
0.9945785	0.005421523
0.99476564	0.0052343183
0.9946531	0.0053469245
0.9961593	0.0038407138
0.015727067	0.98427296
0.07436862	0.92563134
0.9978605	0.0021395078
0.14646247	0.85353756
0.057304658	0.9426953
0.08761627	0.9123837
0.04206814	0.9579318
0.9866443	0.013355713
0.09947158	0.90052843
0.0020452577	0.9979547
0.5858704	0.4141296
0.002032684	0.9979673
0.052204613	0.9477954
0.003350581	0.99664944
0.99763227	0.0023677137
0.011888901	0.98811114
0.0028409422	0.9971591
0.98011005	0.019889899
0.995815	0.0041849893
0.99566025	0.0043397252
0.053703938	0.94629604
0.93298745	0.06701251
0.004445753	0.99555427
0.9965042	0.0034958173
0.9981166	0.0018834082
0.99505913	0.0049408753
0.006255163	0.9937449
0.99849284	0.0015070953
0.9971215	0.0028785123
0.99843174	0.0015682539
0.0063481308	0.99365187
0.0561605	0.94383955
0.18381579	0.8161843
0.05553114	0.94446886
0.0019411192	0.99805886
0.036378153	0.9636219
0.9964193	0.003580668
0.9980306	0.0019694152
0.95288223	0.04711774
0.99782264	0.002177387
0.99283546	0.007164494
0.998456	0.0015440264
0.99212986	0.007870084
0.99747366	0.0025262786
0.15252702	0.84747297
0.3561727	0.6438273
0.9970386	0.0029614572
0.9937785	0.006221505
0.9982424	0.0017575934
0.99199134	0.008008697
0.0020104828	0.99798954
0.99227095	0.0077290996
0.0020580764	0.9979419
0.9983765	0.0016234878
0.98450017	0.015499834
0.021592418	0.97840756
0.99321836	0.0067816726
0.0027009614	0.997299
0.0056952527	0.9943047
0.97848094	0.021519026
0.009023673	0.9909764
0.0028436466	0.9971564
0.99554956	0.0044505005
0.99503565	0.004964431
0.003423462	0.9965765
0.0043483274	0.99565166
0.36088574	0.6391143
0.006542453	0.9934575
0.99797386	0.002026147
0.013717177	0.9862829
0.995464	0.004535985
0.9958656	0.004134475
0.007545945	0.9924541
0.0021583664	0.9978416
0.009496794	0.9905032
0.026594352	0.9734056
0.040002115	0.95999783
0.013291761	0.9867083
0.9789601	0.021039939
0.9238307	0.07616935
0.0019465337	0.99805343
0.005088793	0.99491125
0.0018352284	0.99816483
0.0050942763	0.9949057
0.0023796842	0.9976203
0.0018324623	0.9981675
0.9978156	0.0021843421
0.9953166	0.004683371
0.0019305382	0.99806947
0.020281335	0.9797187
0.97759944	0.022400506
0.9850103	0.014989619
0.99751484	0.002485113
0.99622583	0.0037741165
0.04415728	0.9558428
0.99827135	0.0017285952
0.040978726	0.9590213
0.85260546	0.14739452
0.004229916	0.99577004
0.8691651	0.13083489
0.990442	0.009558009
0.97499746	0.025002582
0.0077451593	0.99225485
0.011178236	0.98882174
0.06138721	0.9386128
0.9952825	0.004717572
0.0019298089	0.9980702
0.016024388	0.98397565
0.002297513	0.99770254
0.015990462	0.9840096
0.001980756	0.9980192
0.7858773	0.21412268
0.0532857	0.9467143
0.654282	0.345718
0.037838344	0.9621616
0.11563064	0.8843694
0.99780995	0.0021900649
0.038709924	0.96129
0.99700636	0.0029936042
0.9327044	0.0672956
0.0077451007	0.99225485
0.05038396	0.949616
0.010689899	0.98931015
0.9964813	0.003518632
0.010616028	0.989384
0.9971661	0.0028339524
0.00208353	0.9979165
0.9866044	0.013395571
0.998226	0.0017740018
0.9479048	0.0520952
0.56504655	0.4349534
0.004056289	0.9959437
0.0266782	0.9733218
0.0056859064	0.9943141
0.9968076	0.0031924953
0.32030752	0.67969245
0.0025971578	0.99740285
0.98736095	0.012639033
0.01047119	0.98952883
0.01619303	0.98380697
0.014589336	0.9854107
0.99846005	0.0015399407
0.02007025	0.97992975
0.02689582	0.97310424
0.82319856	0.17680147
0.056798194	0.94320184
0.0033410548	0.9966589
0.013015275	0.9869847
0.9972677	0.0027323228
0.001957751	0.9980422
0.9969784	0.003021665
0.99834585	0.0016541602
0.99718696	0.0028130207
0.97718155	0.022818461
0.0023887383	0.9976113
0.9961069	0.0038930692
0.0019184045	0.99808156
0.016348062	0.9836519
0.0019855849	0.99801445
0.00677659	0.9932234
0.9979329	0.0020671547
0.0030625926	0.9969374
0.99573094	0.0042690733
0.99686074	0.0031392153
0.9957253	0.0042747
0.0031510796	0.9968489
0.8679916	0.13200831
0.010932195	0.98906773
0.0016947581	0.9983052
0.998256	0.0017440162
0.033308223	0.9666918
0.99529594	0.0047040996
0.9228279	0.07717213
0.0018995635	0.99810046
0.0024288115	0.9975712
0.012290988	0.98770905
0.9795416	0.020458462
0.016887136	0.9831129
0.018125968	0.981874
0.9972172	0.002782757
0.9879666	0.012033354
0.9847623	0.015237669
0.0031531025	0.99684685
0.0018700352	0.99813
0.099035405	0.90096456
0.008572183	0.99142784
0.99723685	0.002763093
0.008963592	0.9910364
0.1117065	0.88829345
0.0063568233	0.99364316
0.98552054	0.014479494
0.94784015	0.052159864
0.002712804	0.99728715
0.9981427	0.0018572534
0.0066843857	0.99331564
0.19942	0.80058
0.9976005	0.0023995256
0.931253	0.068746984
0.0021209416	0.997879
0.013375577	0.98662436
0.99113035	0.008869611
0.99713767	0.0028623708
0.0646195	0.93538046
0.0020710977	0.99792886
0.03412212	0.9658779
0.0020061552	0.9979938
0.7846137	0.21538624
0.99679035	0.0032096193
0.0021112543	0.99788874
0.0020850622	0.99791497
0.0024542778	0.99754566
0.9948013	0.0051987455
0.8629295	0.13707045
0.0305264	0.9694736
0.8487515	0.15124848
0.9964401	0.0035598455
0.0043629473	0.9956371
0.9939492	0.0060508796
0.99177283	0.008227168
0.96213096	0.037869047
0.1409718	0.8590282
0.9965385	0.0034614967
0.025599612	0.9744004
0.0027820042	0.997218
0.0055947755	0.99440527
0.9981609	0.0018390924
0.13744055	0.86255944
0.9976538	0.002346212
0.9858509	0.014149161
0.99142414	0.008575884
0.12669232	0.8733077
0.046198294	0.95380175
0.006189601	0.99381036
0.9972355	0.002764568
0.003822391	0.99617755
0.008097586	0.9919024
0.0019897502	0.9980102
0.9973347	0.002665273
0.24265474	0.75734526
0.014145303	0.9858547
0.27235842	0.7276416
0.010598972	0.98940104
0.9911629	0.00883715
0.998273	0.0017270229
0.0022641432	0.99773586
0.028292475	0.9717075
0.3671559	0.6328441
0.011731812	0.9882682
0.0023362383	0.99766374
0.0020831372	0.9979169
0.9949261	0.005073934
0.0017212302	0.99827874
0.001835762	0.99816424
0.99659985	0.0034001311
0.002132426	0.9978676
0.99764305	0.0023569523
0.9984261	0.0015739204
0.003082981	0.996917
0.99690044	0.0030995302
0.0061607477	0.9938393
0.0018484567	0.9981515
0.08094675	0.91905326
0.068709925	0.93129003
0.9958852	0.004114841
0.64184934	0.3581507
0.99590486	0.0040951325
0.002007437	0.99799263
0.9941017	0.0058982717
0.0055371653	0.9944628
0.0027923908	0.9972076
0.018422859	0.9815771
0.41672808	0.5832719
0.090205714	0.9097943
0.0023964779	0.9976036
0.66932166	0.33067828
0.99586475	0.0041352645
0.99596304	0.004037023
0.0068104267	0.9931896
0.99761873	0.0023812458
0.90621847	0.09378155
0.0029144802	0.9970855
0.002401588	0.99759847
0.98327535	0.016724616
0.004065108	0.99593484
0.020021338	0.97997874
0.0049227583	0.9950773
0.002819419	0.9971806
0.012673211	0.9873268
0.9976671	0.0023329407
0.9982255	0.0017744545
0.9969369	0.0030630953
0.0031847532	0.99681526
0.040232234	0.95976776
0.007168705	0.99283123
0.71951145	0.28048855
0.012631965	0.98736805
0.996639	0.0033609744
0.99550664	0.0044933283
0.002045401	0.9979546
0.012058424	0.98794156
0.9907417	0.0092582535
0.98980486	0.010195119
0.7949269	0.20507313
0.95779914	0.042200856
0.9953117	0.0046883686
0.92795175	0.072048195
0.9933901	0.006609867
0.9975453	0.0024546923
0.050134875	0.94986516
0.0019359076	0.9980641
0.0018192962	0.99818075
0.07509504	0.924905
0.033070173	0.9669298
0.98944384	0.010556095
0.95625734	0.043742694
0.99734205	0.00265791
0.037702054	0.9622979
0.99471843	0.005281554
0.9932361	0.0067638536
0.0017259018	0.9982741
0.99639016	0.0036098044
0.0046147085	0.99538535
0.0020301745	0.9979698
0.3602284	0.63977164
0.0020338509	0.9979662
0.99570125	0.0042987512
0.92026246	0.07973762
0.03408006	0.9659199
0.99766374	0.0023362504
0.008888789	0.9911112
0.7097869	0.29021308
0.082406595	0.9175934
0.0018309035	0.99816906
0.75852865	0.24147129
0.99786574	0.0021342377
0.0024771506	0.9975229
0.060775287	0.93922466
0.9967907	0.0032092626
0.9984676	0.0015323274
0.9976169	0.0023831152
0.9977597	0.0022403256
0.995297	0.0047030034
0.99455124	0.0054488042
0.43776783	0.5622322
0.018252218	0.9817478
0.0025598747	0.9974401
0.003671452	0.99632853
0.98801893	0.011981047
0.9968901	0.0031098803
0.00192143	0.9980786
0.99810684	0.0018931618
0.992478	0.0075219963
0.008518018	0.991482
0.023236252	0.9767637
0.09605281	0.9039472
0.097991385	0.9020086
0.99109966	0.008900399
0.0023872207	0.99761283
0.008687091	0.9913129
0.38430247	0.61569756
0.99819845	0.0018016068
0.9833529	0.016647149
0.9833124	0.016687496
0.99695444	0.0030455885
0.9838178	0.016182203
0.0025311618	0.9974688
0.04121524	0.95878476
0.9974185	0.0025814492
0.06929147	0.9307085
0.001997785	0.99800223
0.998268	0.0017319253
0.99773514	0.002264889
0.0028381054	0.99716187
0.003433904	0.9965661
0.9963625	0.0036374985
0.9280229	0.071977034
0.983788	0.016211918
0.0075058616	0.9924941
0.0020133243	0.9979867
0.013448017	0.986552
0.91768074	0.08231929
0.915899	0.084101014
0.9909021	0.009097869
0.020476012	0.97952396
0.0068194764	0.9931805
0.9958989	0.0041010254
0.9961479	0.0038521842
0.98661417	0.013385883
0.9982437	0.0017563475
0.9647241	0.03527584
0.046736356	0.9532637
0.017336577	0.9826634
0.98777395	0.0122260405
0.10568987	0.8943102
0.9964676	0.0035324555
0.9915255	0.008474571
0.9973623	0.002637711
0.0023492624	0.9976508
0.99764925	0.0023507958
0.002575673	0.99742436
0.9696054	0.030394603
0.15285116	0.8471488
0.0035952588	0.99640477
0.7689964	0.23100358
0.009856057	0.9901439
0.0023239863	0.9976761
0.013734954	0.986265
0.9970505	0.0029494406
0.0020182414	0.9979818
0.988955	0.01104497
0.12803525	0.87196475
0.0021001587	0.9978999
0.97924304	0.020756954
0.9970511	0.0029489107
0.023015633	0.97698444
0.0019507217	0.99804926
0.02631051	0.97368956
0.990581	0.009418993
0.008819925	0.9911801
0.94990045	0.050099514
0.97962475	0.020375242
0.9795935	0.020406477
0.07796019	0.92203987
0.11437912	0.8856209
0.99367934	0.0063206987
0.9948673	0.0051326156
0.99755377	0.0024462917
0.0024037617	0.9975962
0.9984224	0.0015776393
0.99774724	0.002252681
0.0057426784	0.99425733
0.013247072	0.986753
0.22561525	0.77438474
0.0021609182	0.99783915
0.95751476	0.042485267
0.008272247	0.9917278
0.30378607	0.69621396
0.9653485	0.034651507
0.9695509	0.030449107
0.045401722	0.9545983
0.0024245658	0.99757546
0.11902574	0.8809743
0.9860394	0.0139605785
0.00282885	0.9971712
0.93664443	0.06335556
0.036105778	0.96389425
0.99600106	0.0039988915
0.0063546733	0.9936453
0.98909587	0.010904102
0.9244958	0.075504206
0.0024471483	0.9975528
0.99837446	0.0016254752
0.004395125	0.9956049
0.009352642	0.9906474
0.9734284	0.026571564
0.0121336505	0.9878663
0.004904905	0.99509513
0.011294062	0.9887059
0.997529	0.0024710028
0.005948714	0.9940513
0.9775712	0.022428777
0.0060136206	0.99398637
0.0022827964	0.99771726
0.9979925	0.0020075326
0.013801595	0.9861984
0.99803156	0.0019683938
0.0022550423	0.99774504
0.9830155	0.016984481
0.9907725	0.00922747
0.002826252	0.99717367
0.98788095	0.0121190855
0.99780566	0.0021943247
0.9983511	0.0016489477
0.0029604856	0.9970395
0.9914954	0.008504642
0.001973913	0.9980261
0.004072114	0.9959279
0.99656785	0.0034321572
0.0023085207	0.9976915
0.03602137	0.96397865
0.95826656	0.04173341
0.97781646	0.02218354
0.9963528	0.0036471786
0.97766227	0.022337763
0.01913481	0.9808652
0.0018592027	0.9981408
0.011312489	0.9886875
0.011191141	0.9888088
0.2189316	0.78106844
0.10161726	0.8983828
0.9947724	0.005227609
0.025148587	0.9748514
0.013299907	0.98670006
0.02415629	0.97584367
0.057388783	0.94261116
0.0025242618	0.9974757
0.00827416	0.9917258
0.004708652	0.99529135
0.99631643	0.0036835733
0.002682294	0.99731773
0.9962691	0.003730912
0.9930266	0.006973394
0.40196553	0.5980345
0.048601132	0.9513989
0.99770194	0.0022980212
0.0046328306	0.99536717
0.9983392	0.0016608142
0.0022339309	0.997766
0.0074214754	0.99257857
0.9433371	0.05666295
0.9720321	0.027967889
0.0021674598	0.9978326
0.009513032	0.9904869
0.0029386657	0.9970613
0.05161733	0.9483827
0.99639386	0.003606148
0.14714086	0.85285914
0.9972307	0.0027692728
0.0042696637	0.99573034
0.9878648	0.012135194
0.9976986	0.0023013689
0.7944118	0.20558819
0.15989977	0.8401003
0.9947233	0.0052766763
0.91872	0.08127998
0.6408768	0.35912317
0.9923902	0.007609739
0.9981464	0.0018535797
0.9958819	0.0041181566
0.611695	0.38830495
0.9973677	0.00263233
0.0019725317	0.9980274
0.043248035	0.95675194
0.23347571	0.7665243
0.99755436	0.0024456705
0.99296665	0.0070333616
0.52830297	0.47169703
0.9978046	0.002195461
0.9614337	0.038566362
0.013197013	0.986803
0.9918589	0.008141087
0.058706034	0.941294
0.9931149	0.006885176
0.005751735	0.9942483
0.06465475	0.93534523
0.9038221	0.09617791
0.013244168	0.98675585
0.9087703	0.09122967
0.9954276	0.0045723706
0.985769	0.01423106
0.0120480005	0.98795205
0.997969	0.0020310578
0.0037588049	0.9962412
0.16539986	0.83460015
0.005085325	0.99491465
0.9983348	0.001665192
0.24928468	0.7507153
0.937761	0.06223902
0.010628481	0.98937154
0.89373744	0.10626254
0.95230985	0.04769013
0.9973673	0.0026327558
0.99745136	0.0025486434
0.9968874	0.0031125587
0.9964246	0.003575337
0.9939575	0.0060424996
0.023281025	0.976719
0.002043217	0.99795675
0.0027113946	0.9972886
0.9947373	0.005262684
0.0020574783	0.9979425
0.032637287	0.96736276
0.0054941154	0.9945058
0.9974577	0.0025423004
0.99191016	0.008089873
0.0060336343	0.99396634
0.99830663	0.0016933016
0.03700529	0.96299464
0.98881054	0.011189389
0.9972109	0.0027890438
0.9940327	0.0059672594
0.93549865	0.06450132
0.92316455	0.07683539
0.9980652	0.0019348632
0.9925477	0.0074522826
0.9977063	0.0022936217
0.97860867	0.021391325
0.021750784	0.9782492
0.02132856	0.97867143
0.99219173	0.007808268
0.010769875	0.9892301
0.98156804	0.018431922
0.9902388	0.009761191
0.002670297	0.9973297
0.994966	0.005033971
0.99732	0.0026800002
0.20674236	0.7932577
0.99657047	0.003429532
0.0022546474	0.99774534
0.99826163	0.0017384051
0.9906984	0.0093016215
0.9926247	0.00737529
0.9963792	0.0036207838
0.99813735	0.0018626588
0.88567835	0.114321634
0.031450957	0.968549
0.9920849	0.007915031
0.9743877	0.025612272
0.9983878	0.0016122353
0.9978536	0.002146421
0.29320705	0.706793
0.0067557185	0.99324423
0.9972676	0.0027323852
0.009941734	0.99005824
0.9982844	0.0017155616
0.99829215	0.0017078439
0.99395484	0.0060451236
0.0048248614	0.9951751
0.001826049	0.99817395
0.028590845	0.9714092
0.95122683	0.0487731
0.9884984	0.011501582
0.9974433	0.0025566805
0.0097154835	0.9902845
0.8969258	0.10307423
0.9969541	0.003045936
0.012067437	0.9879325
0.9980551	0.0019449078
0.99766254	0.0023374709
0.99806553	0.0019345226
0.0037991886	0.99620086
0.9963832	0.003616833
0.9757496	0.024250427
0.0025494958	0.99745053
0.0028638127	0.99713624
0.9890455	0.010954486
0.99600357	0.0039964328
0.99265254	0.007347489
0.0064456593	0.99355435
0.005857258	0.9941427
0.0033322002	0.9966678
0.004028791	0.99597114
0.998133	0.0018670416
0.0020770018	0.9979231
0.006303462	0.9936965
0.009897307	0.99010265
0.0019433072	0.9980567
0.99425066	0.0057493825
0.0035590883	0.99644095
0.9845787	0.015421242
0.9970873	0.002912732
0.98721236	0.01278763
0.007367053	0.9926329
0.9980008	0.001999219
0.3837315	0.61626846
0.010340345	0.9896597
0.00334268	0.9966574
0.012515616	0.9874844
0.9983822	0.0016178387
0.021504223	0.9784958
0.0020874399	0.9979126
0.039993204	0.9600067
0.77815944	0.22184055
0.99827814	0.0017218202
0.99617356	0.0038264531
0.8994204	0.100579575
0.99737287	0.0026271474
0.9444104	0.055589586
0.070790105	0.92920995
0.2286722	0.7713278
0.002745099	0.9972549
0.9980258	0.0019742711
0.997719	0.002280986
0.006954219	0.99304575
0.0034436842	0.9965563
0.0019251892	0.99807477
0.9861837	0.013816308
0.99728477	0.0027152023
0.028781066	0.9712189
0.002019823	0.9979802
0.99819833	0.0018016908
0.012383563	0.9876165
0.9548803	0.045119684
0.86726975	0.1327302
0.9978662	0.0021338551
0.9977022	0.002297833
0.9904929	0.009507117
0.008638713	0.9913613
0.047378015	0.95262194
0.9966215	0.0033785258
0.9912108	0.008789156
0.002490681	0.99750924
0.025991112	0.9740089
0.0096271755	0.9903728
0.7510142	0.24898587
0.30737054	0.6926294
0.0466586	0.95334136
0.99538666	0.0046133106
0.8992854	0.100714564
0.0020131557	0.9979868
0.008382087	0.991618
0.007432301	0.99256766
0.0057086353	0.9942914
0.9983646	0.0016354286
0.0044419947	0.9955581
0.0020112847	0.9979887
0.0141285565	0.9858715
0.0020262422	0.99797374
0.002171872	0.99782807
0.9965904	0.0034096942
0.9886669	0.011333132
0.040976245	0.9590238
0.024738284	0.9752617
0.99731976	0.0026802383
0.98944026	0.010559807
0.0023460055	0.997654
0.99795735	0.0020426891
0.0020731834	0.99792683
0.0052015525	0.9947984
0.029189818	0.97081023
0.6503972	0.3496028
0.9912095	0.0087904725
0.062387943	0.93761206
0.53604394	0.46395606
0.0023985603	0.99760145
0.99743265	0.0025673513
0.010866716	0.9891333
0.003810079	0.99618995
0.0024899347	0.9975101
0.022603236	0.9773967
0.0021245442	0.99787545
0.028862283	0.9711377
0.99786276	0.0021372938
0.07056816	0.9294318
0.035606023	0.9643939
0.99411327	0.0058867387
0.9978696	0.0021303939
0.001859245	0.9981407
0.002257235	0.9977428
0.0074923327	0.99250764
0.002150009	0.99785006
0.9984491	0.0015508742
0.9975745	0.0024255305
0.073003374	0.92699665
0.9941077	0.0058922553
0.99488914	0.005110785
0.98380244	0.016197529
0.002551592	0.99744844
0.9951874	0.0048125447
0.002066356	0.9979336
0.9968008	0.0031992109
0.012138665	0.9878613
0.952744	0.04725605
0.012569102	0.98743093
0.0032084254	0.99679154
0.009037413	0.99096256
0.95203954	0.04796048
0.96038836	0.039611634
0.06689229	0.93310773
0.98469603	0.015303902
0.98903394	0.010966122
0.0043871035	0.99561286
0.0052594896	0.99474055
0.13258055	0.8674195
0.040572874	0.9594271
0.9367549	0.06324516
0.9704794	0.029520513
0.75683594	0.2431641
0.99801373	0.0019862158
0.9961862	0.0038138237
0.022801053	0.97719896
0.0057242624	0.99427575
0.994504	0.005496049
0.99770254	0.0022975053
0.31600317	0.6839968
0.0019510655	0.9980489
0.0055601164	0.99443996
0.99064493	0.009355037
0.14332074	0.8566793
0.9973354	0.002664581
0.0037014277	0.9962986
0.9828693	0.017130667
0.9848296	0.015170451
0.0021674538	0.9978326
0.9954661	0.0045338543
0.9983284	0.0016716142
0.9334181	0.06658184
0.9827245	0.017275458
0.99783844	0.0021616153
0.9894521	0.010547811
0.022590412	0.9774096
0.9928894	0.0071106344
0.0029492218	0.99705076
0.01648771	0.9835122
0.0034590205	0.99654096
0.013539311	0.9864607
0.9964658	0.0035341645
0.96360683	0.036393207
0.9980173	0.0019827273
0.9126771	0.087322906
0.99619603	0.0038039808
0.013958019	0.98604196
0.99621934	0.003780735
0.28881222	0.7111878
0.99521685	0.0047832197
0.008832749	0.99116725
0.035115268	0.9648848
0.010985958	0.98901397
0.27845037	0.7215497
0.030578114	0.96942186
0.002236681	0.9977633
0.12693335	0.87306666
0.99179476	0.008205199
0.9935261	0.006473875
0.0064232075	0.9935768
0.2181004	0.7818996
0.032838553	0.9671614
0.98981327	0.010186692
0.0034994306	0.9965006
0.995059	0.004941049
0.97497207	0.025027905
0.9074228	0.09257724
0.013857235	0.9861428
0.0025547491	0.9974452
0.026620833	0.9733792
0.99061537	0.009384683
0.11766116	0.8823388
0.99740607	0.0025939113
0.9975357	0.0024642935
0.018297108	0.98170286
0.80738753	0.1926125
0.9915412	0.008458782
0.9977831	0.0022168462
0.6992447	0.30075526
0.06976843	0.9302316
0.027730906	0.97226906
0.89247954	0.10752045
0.99731535	0.0026845832
0.9971064	0.0028936078
0.9311905	0.068809524
0.030668138	0.9693319
0.022216866	0.97778314
0.006372184	0.9936278
0.007542003	0.992458
0.99831945	0.0016804918
0.14920178	0.8507982
0.97242177	0.027578203
0.002127691	0.99787235
0.997924	0.0020759928
0.0049012084	0.99509877
0.007501153	0.9924988
0.0066616284	0.99333835
0.004172005	0.995828
0.99789256	0.0021074044
0.9978824	0.0021175204
0.019597532	0.98040247
0.0019886182	0.99801135
0.9984244	0.00157566
0.94323045	0.056769565
0.0018235685	0.99817646
0.9982103	0.0017896837
0.31389582	0.6861042
0.024122536	0.9758775
0.0047021983	0.99529785
0.024155065	0.9758449
0.995693	0.0043070335
0.0046903268	0.99530965
0.0032372603	0.99676275
0.9939063	0.0060936646
0.0023903411	0.9976096
0.008210284	0.9917897
0.99840206	0.0015979535
0.99624145	0.003758612
0.050386332	0.9496137
0.02074123	0.9792588
0.99759656	0.0024034258
0.3037146	0.69628537
0.036357205	0.96364284
0.0021496161	0.9978504
0.20344089	0.79655915
0.017073622	0.98292637
0.99798965	0.0020103103
0.9974826	0.0025174723
0.02162091	0.97837913
0.0017833962	0.99821657
0.05406134	0.9459387
0.9977355	0.0022644384
0.99656373	0.0034362627
0.0020274683	0.99797255
0.99736834	0.0026316415
0.012736623	0.9872634
0.0025730035	0.9974269
0.9465351	0.053464875
0.44123003	0.55877
0.0133323595	0.98666763
0.0022604398	0.99773955
0.15317042	0.84682953
0.98481816	0.015181861
0.0070541496	0.99294585
0.9951663	0.004833746
0.99596393	0.0040360955
0.0018639038	0.99813604
0.99649847	0.0035015095
0.07007412	0.92992586
0.023122802	0.9768772
0.014016635	0.9859833
0.4836467	0.5163533
0.99421763	0.005782357
0.99841917	0.0015808617
0.7758975	0.22410251
0.0017212066	0.99827886
0.028005553	0.9719945
0.016841764	0.98315823
0.98694545	0.013054507
0.9983797	0.0016203067
0.99790466	0.0020953135
0.0019268594	0.9980731
0.071236536	0.92876345
0.99839693	0.0016030174
0.9979492	0.002050806
0.99830085	0.0016991963
0.9983941	0.0016058894
0.9960601	0.0039399257
0.005549259	0.9944508
0.0041736295	0.9958263
0.989356	0.010644021
0.0027296566	0.9972703
0.99842465	0.0015753605
0.0017599929	0.99824
0.0055823815	0.99441767
0.017535787	0.98246425
0.0050736014	0.99492645
0.0032089802	0.99679095
0.009335604	0.99066436
0.99488634	0.005113681
0.99615186	0.0038481
0.98908305	0.010916966
0.16174744	0.83825254
0.010602794	0.98939717
0.9095868	0.09041313
0.82374847	0.17625153
0.98255587	0.017444184
0.9978042	0.0021957909
0.0070789517	0.99292105
0.9396174	0.060382646
0.9963683	0.0036316689
0.99778557	0.0022143712
0.002687823	0.9973122
0.99608254	0.003917439
0.013165084	0.98683494
0.99740607	0.0025938815
0.99376005	0.0062399344
0.9982222	0.0017778364
0.007109405	0.9928906
0.9397257	0.06027432
0.13260798	0.867392
0.014743624	0.9852564
0.79860985	0.20139018
0.013957829	0.9860422
0.002289359	0.9977106
0.002059794	0.99794024
0.99484706	0.005152972
0.99621373	0.0037861967
0.012640103	0.98735994
0.004650084	0.9953499
0.029610889	0.97038907
0.9947319	0.0052680587
0.042212553	0.95778745
0.043667518	0.95633245
0.9949884	0.005011535
0.9946372	0.0053628464
0.9650001	0.034999836
0.014043713	0.9859563
0.038216	0.961784
0.99841416	0.0015858853
0.004368345	0.9956317
0.9984428	0.0015572001
0.019791229	0.98020875
0.9889416	0.011058459
0.97280735	0.027192697
0.9983767	0.0016232606
0.0026765764	0.99732345
0.7743994	0.22560057
0.33127123	0.6687287
0.012484132	0.9875159
0.98525083	0.0147492075
0.9942907	0.0057093143
0.9809763	0.019023651
0.0028750107	0.99712497
0.9974287	0.0025712224
0.0035659906	0.996434
0.99729747	0.0027025354
0.99811906	0.0018809234
0.007933197	0.99206674
0.99451905	0.005480927
0.99045944	0.009540569
0.00203863	0.9979614
0.0024112123	0.99758875
0.008587767	0.9914123
0.9944952	0.0055047167
0.0018474953	0.99815243
0.95514935	0.044850662
0.9944719	0.0055281324
0.94642556	0.053574417
0.99627554	0.003724539
0.0040068957	0.99599314
0.020238357	0.9797617
0.020745585	0.9792545
0.99491924	0.0050806873
0.6877599	0.31224012
0.9912607	0.008739255
0.033927497	0.96607244
0.9864943	0.013505669
0.006415646	0.99358433
0.99771464	0.0022853718
0.99493647	0.0050634705
0.011481719	0.9885183
0.002767788	0.99723226
0.038484223	0.9615158
0.008938682	0.9910614
0.0032498627	0.9967501
0.9908941	0.009105963
0.027154341	0.9728457
0.0019657742	0.9980342
0.9979381	0.0020618562
0.0022502088	0.99774975
0.0018922096	0.9981078
0.38230637	0.6176936
0.92353046	0.07646952
0.0039455304	0.9960544
0.017413286	0.9825867
0.038132977	0.96186703
0.99710995	0.0028900274
0.0024295002	0.99757046
0.046429828	0.9535701
0.9879881	0.012011866
0.9903723	0.009627648
0.001997992	0.998002
0.9982052	0.0017948193
0.9714414	0.028558666
0.0019386616	0.99806136
0.9950937	0.004906281
0.9963707	0.0036292986
0.9922213	0.007778726
0.004082977	0.995917
0.017155904	0.9828441
0.019410089	0.98058987
0.9973169	0.0026830416
0.9979882	0.0020117632
0.92666876	0.07333121
0.9750759	0.024924176
0.020977546	0.97902244
0.002210184	0.99778986
0.9947805	0.005219462
0.009242003	0.99075794
0.30944535	0.6905547
0.9928227	0.0071772826
0.004948251	0.9950518
0.9978138	0.002186217
0.992025	0.0079750065
0.018555261	0.9814447
0.0046591307	0.9953408
0.002301472	0.9976985
0.013620392	0.98637956
0.022803666	0.97719634
0.9968624	0.0031376088
0.99733585	0.00266412
0.044036135	0.9559639
0.9978532	0.0021467132
0.9952996	0.004700433
0.9955088	0.0044911806
0.0035842888	0.99641573
0.06455253	0.93544745
0.010115087	0.98988485
0.14050385	0.8594962
0.99794525	0.0020547153
0.0035507574	0.99644923
0.9972494	0.002750558
0.14447509	0.8555249
0.8916761	0.10832387
0.035393942	0.96460605
0.99821585	0.0017840924
0.03953595	0.960464
0.009443834	0.9905562
0.96764106	0.032358915
0.8534711	0.14652884
0.0623907	0.93760926
0.0030183608	0.99698156
0.99520916	0.004790802
0.97367126	0.026328776
0.99731547	0.0026845043
0.10626721	0.8937328
0.99518	0.00482006
0.99767905	0.00232094
0.99505156	0.00494841
0.008469853	0.9915302
0.25052914	0.74947083
0.0026847415	0.9973152
0.002003644	0.9979963
0.8731044	0.12689558
0.99352103	0.0064789564
0.41591805	0.58408195
0.9818796	0.018120412
0.089224204	0.91077584
0.11151632	0.8884837
0.94607747	0.0539225
0.0043700435	0.99563
0.99655557	0.0034444535
0.9982431	0.0017569135
0.996396	0.0036040535
0.121818945	0.8781811
0.98820376	0.011796176
0.0065507423	0.9934493
0.9980363	0.0019636706
0.9965917	0.0034083137
0.843372	0.15662803
0.8054869	0.19451308
0.9977736	0.002226338
0.0022613509	0.9977386
0.02229932	0.97770065
0.99733186	0.0026682029
0.0769007	0.92309934
0.98983544	0.010164494
0.9960781	0.0039219614
0.0023938913	0.99760604
0.95061845	0.04938151
0.9906262	0.009373792
0.005735802	0.9942642
0.0025483293	0.9974516
0.0025912444	0.9974088
0.9432201	0.056779925
0.013340653	0.9866593
0.9984326	0.0015674358
0.25114623	0.7488538
0.13911042	0.8608896
0.9984047	0.001595372
0.08718004	0.9128199
0.20443974	0.7955602
0.0018440026	0.998156
0.9178224	0.08217756
0.9964406	0.0035593617
0.0018244896	0.9981755
0.1504574	0.8495426
0.98272026	0.017279768
0.002097661	0.9979024
0.0056465436	0.9943534
0.004486302	0.99551374
0.0036571107	0.99634284
0.012676993	0.987323
0.9700112	0.029988823
0.99840516	0.0015948319
0.06671625	0.93328375
0.005676349	0.9943236
0.0018762025	0.9981238
0.0019466745	0.9980533
0.013580968	0.986419
0.0047045867	0.99529546
0.060310885	0.93968916
0.010094632	0.9899054
0.16168606	0.8383139
0.032229688	0.96777034
0.99672014	0.003279809
0.0032424491	0.99675757
0.0017847568	0.9982153
0.99426657	0.0057334807
0.9935946	0.0064053894
0.9957742	0.004225829
0.99249625	0.0075037847
0.99264	0.0073599843
0.010747292	0.98925275
0.9308994	0.069100596
0.99651474	0.0034852587
0.0023339852	0.997666
0.002307808	0.9976922
0.9453627	0.05463726
0.99570185	0.004298114
0.9932381	0.006761942
0.9944405	0.0055594835
0.9974861	0.0025138492
0.10040307	0.8995969
0.99488455	0.0051153935
0.9946138	0.0053861616
0.9971269	0.002873166
0.016558092	0.9834419
0.99513066	0.0048694042
0.98425114	0.015748866
0.9961145	0.003885532
0.0032793728	0.9967206
0.9978259	0.0021740017
0.004251667	0.99574834
0.9975382	0.0024618122
0.0065891594	0.99341077
0.99761045	0.0023895404
0.0024144955	0.99758554
0.0021071755	0.9978928
0.21977547	0.7802245
0.0023697172	0.99763024
0.9970529	0.002947135
0.009152678	0.99084735
0.98346186	0.016538115
0.00679598	0.993204
0.9907674	0.009232532
0.98763335	0.012366663
0.0911357	0.90886426
0.9983271	0.0016729636
0.021663599	0.97833645
0.9934689	0.006531042
0.0037517264	0.9962483
0.98214	0.017860003
0.99343807	0.006561973
0.0083609	0.9916391
0.99648166	0.0035182703
0.9979036	0.0020963834
0.99687034	0.003129677
0.9942778	0.0057222596
0.95291585	0.047084168
0.067799225	0.93220073
0.9801651	0.019834904
0.9977302	0.0022698292
0.036403067	0.963597
0.10045226	0.8995477
0.069901556	0.9300984
0.05287845	0.9471215
0.08752937	0.91247064
0.99633884	0.0036612311
0.0065172645	0.99348277
0.009886752	0.99011326
0.02555864	0.97444135
0.00196137	0.9980386
0.14627136	0.85372865
0.026724994	0.97327507
0.9980064	0.0019936205
0.09685368	0.9031463
0.22148566	0.7785143
0.9976267	0.0023732707
0.9962876	0.0037124308
0.99519354	0.0048064534
0.04245317	0.95754683
0.9835745	0.016425528
0.98818153	0.011818426
0.0019677998	0.99803215
0.9776278	0.022372115
0.04676133	0.95323867
0.99441576	0.0055842185
0.0019914177	0.99800855
0.9977671	0.0022328852
0.009302279	0.9906977
0.0019455726	0.9980545
0.9949131	0.005086842
0.99533045	0.0046696262
0.98813707	0.011862869
0.008638778	0.9913612
0.020283125	0.97971684
0.90865594	0.09134406
0.97698444	0.023015639
0.0021887273	0.99781126
0.8381792	0.16182081
0.0026178702	0.9973821
0.9965744	0.0034256296
0.9068234	0.09317654
0.0075247055	0.99247533
0.9894176	0.010582374
0.7849684	0.21503162
0.7357075	0.2642925
0.99030006	0.0096999295
0.99843854	0.0015614504
0.71352905	0.28647095
0.0022011455	0.99779886
0.9957612	0.004238817
0.0050266464	0.9949733
0.9851643	0.014835655
0.018188223	0.9818118
0.98776233	0.012237672
0.9927579	0.007242027
0.88861847	0.111381546
0.9735382	0.026461726
0.93747085	0.06252914
0.0024968444	0.9975032
0.0026821382	0.99731785
0.0021008083	0.9978992
0.7436993	0.25630066
0.037421703	0.9625783
0.99628484	0.0037151761
0.013942619	0.9860574
0.009093305	0.9909067
0.12915489	0.87084514
0.018176226	0.98182374
0.9870455	0.012954462
0.99717206	0.0028280027
0.0041457596	0.99585426
0.0030951297	0.9969049
0.024926748	0.9750733
0.99492955	0.00507042
0.0030237064	0.99697626
0.0036687492	0.9963313
0.0930503	0.9069497
0.016321355	0.98367864
0.0026662594	0.99733377
0.0029496034	0.9970504
0.7687428	0.23125723
0.9171834	0.08281662
0.0021257442	0.99787426
0.0018867834	0.9981133
0.9982065	0.0017934957
0.012645365	0.9873546
0.0993458	0.90065414
0.0018804794	0.99811953
0.123511486	0.87648857
0.0023761583	0.99762386
0.99753356	0.0024664185
0.009576453	0.9904235
0.09054895	0.909451
0.94377804	0.056221917
0.998235	0.0017650115
0.0036009345	0.99639904
0.0019524363	0.9980476
0.013707103	0.98629284
0.9984327	0.0015673081
0.97483915	0.025160799
0.99657744	0.0034225364
0.9871443	0.01285566
0.09588103	0.904119
0.0035233663	0.9964766
0.9969181	0.0030819115
0.9980909	0.0019090071
0.9970782	0.0029218183
0.29295656	0.70704347
0.002525755	0.99747425
0.99627006	0.003729932
0.99521893	0.0047810473
0.0030808072	0.99691916
0.99781644	0.0021835305
0.005129279	0.9948708
0.07459123	0.9254087
0.0023634061	0.99763656
0.0019051625	0.99809486
0.013595042	0.986405
0.96208626	0.037913773
0.9983972	0.0016027595
0.9849309	0.015069095
0.0036414098	0.9963586
0.0020538375	0.9979462
0.0018824098	0.99811757
0.99188703	0.008112905
0.9982004	0.0017996099
0.9949126	0.005087364
0.0036044782	0.9963955
0.005239232	0.9947608
0.99724305	0.0027569272
0.023229951	0.9767701
0.9984688	0.0015311467
0.99348176	0.0065183323
0.99463	0.00536998
0.9977946	0.0022053772
0.013672492	0.9863275
0.9727959	0.027204102
0.0044266023	0.9955734
0.9832897	0.01671025
0.0018455057	0.99815446
0.027448915	0.97255105
0.01950748	0.98049253
0.9983689	0.0016311171
0.9920993	0.007900719
0.99815637	0.0018436409
0.9931496	0.006850395
0.0050280276	0.994972
0.002540415	0.9974596
0.99442625	0.005573735
0.9981609	0.0018390854
0.00658438	0.9934156
0.99519783	0.0048021623
0.06774825	0.93225175
0.84766763	0.15233232
0.07195265	0.92804736
0.9149532	0.08504682
0.96121985	0.038780108
0.99822	0.0017799888
0.9694435	0.030556513
0.0020615277	0.99793845
0.92697424	0.07302577
0.9958444	0.004155634
0.0018551862	0.99814487
0.00237841	0.9976216
0.016492082	0.983508
0.8207736	0.17922643
0.9840763	0.015923688
0.0038196757	0.9961803
0.9951663	0.0048336717
0.0035398956	0.99646014
0.9889626	0.011037442
0.06915156	0.9308485
0.98830545	0.011694519
0.009699728	0.9903003
0.9968611	0.00313886
0.0016985493	0.9983014
0.012692664	0.9873073
0.0042698984	0.9957301
0.9960657	0.0039343135
0.08745196	0.91254807
0.9958819	0.0041181254
0.99843615	0.0015638705
0.9761336	0.023866445
0.008219033	0.99178094
0.00212194	0.9978781
0.97496164	0.025038391
0.008509911	0.99149007
0.0020830997	0.9979169
0.9786551	0.021344857
0.014542041	0.9854579
0.998461	0.0015389806
0.99325633	0.0067437054
0.0025066135	0.9974934
0.0042938553	0.99570614
0.006890029	0.99310994
0.9961061	0.003893868
0.9946078	0.00539214
0.77834463	0.2216553
0.916433	0.08356704
0.0018281031	0.9981719
0.788239	0.21176103
0.014601721	0.9853983
0.81571925	0.18428075
0.038490344	0.96150964
0.99512863	0.0048713638
0.99812704	0.0018729799
0.003296227	0.9967038
0.010499588	0.98950034
0.997505	0.0024949731
0.0023018594	0.9976981
0.022533128	0.9774669
0.003381298	0.9966186
0.060427543	0.93957245
0.0022514027	0.99774855
0.9737201	0.026279898
0.025466971	0.974533
0.9977034	0.002296629
0.01916406	0.9808359
0.99470866	0.00529129
0.03482636	0.96517366
0.010219438	0.98978055
0.10833753	0.8916625
0.025080357	0.9749196
0.008037623	0.9919624
0.82309896	0.17690109
0.997595	0.0024049857
0.997736	0.0022640508
0.9924625	0.0075374497
0.8642529	0.13574713
0.9915177	0.008482194
0.033798754	0.9662013
0.0097813355	0.9902187
0.0039660977	0.99603385
0.9973533	0.0026466637
0.00287544	0.9971246
0.9971112	0.0028887924
0.9979498	0.0020501912
0.013980325	0.98601973
0.0020022304	0.9979977
0.9927618	0.0072382446
0.9961569	0.0038431094
0.99389774	0.006102321
0.0018821484	0.9981179
0.9664592	0.03354078
0.9973225	0.0026775096
0.003425301	0.99657476
0.0028957122	0.9971042
0.058449592	0.94155043
0.012430878	0.98756915
0.78145134	0.21854866
0.0022793543	0.99772066
0.9960835	0.0039164717
0.020409493	0.97959054
0.9881732	0.011826838
0.0021811053	0.99781895
0.003201727	0.99679834
0.99667287	0.0033271587
0.016844384	0.9831556
0.047826808	0.95217323
0.002218107	0.99778193
0.0042070732	0.99579287
0.21305983	0.78694016
0.99763346	0.0023665607
0.0020659785	0.997934
0.9983796	0.0016204178
0.9883825	0.011617438
0.0034167902	0.9965833
0.20697244	0.7930275
0.004815935	0.9951841
0.07730357	0.9226965
0.005325657	0.9946743
0.9956434	0.004356622
0.04485011	0.95514995
0.9938412	0.0061587533
0.003430681	0.9965693
0.9945258	0.005474272
0.9834871	0.016512852
0.9278623	0.07213777
0.99345315	0.006546871
0.846184	0.15381594
0.11389248	0.8861075
0.9983637	0.0016363327
0.0026520328	0.99734795
0.017437061	0.982563
0.079448156	0.92055184
0.002101483	0.99789846
0.9946761	0.005323863
0.997789	0.0022109866
0.98406583	0.015934182
0.014867747	0.9851323
0.002904308	0.9970957
0.06398611	0.9360139
0.98870206	0.01129796
0.09697089	0.90302914
0.00803981	0.9919602
0.95063955	0.04936044
0.09379584	0.90620416
0.02933343	0.9706665
0.024437344	0.9755627
0.99707913	0.0029208444
0.998324	0.0016760014
0.004578965	0.995421
0.9984993	0.001500694
0.8598198	0.14018019
0.01495679	0.98504317
0.9984438	0.0015562605
0.0018329577	0.99816704
0.9975298	0.0024702144
0.9955179	0.0044821724
0.9975938	0.0024061205
0.99568284	0.0043172045
0.0019778644	0.9980222
0.01327836	0.98672163
0.0047756257	0.99522436
0.045237273	0.9547627
0.99383694	0.006163016
0.06747342	0.9325266
0.99664366	0.0033564095
0.99477553	0.005224426
0.0042897966	0.99571025
0.9843062	0.015693754
0.046387635	0.9536124
0.03980065	0.96019936
0.9673256	0.032674402
0.9981255	0.0018744672
0.44692218	0.55307776
0.0038691114	0.9961308
0.016795896	0.9832041
0.99737537	0.0026246607
0.007957748	0.99204224
0.99637574	0.003624238
0.9974955	0.0025045448
0.97820574	0.021794312
0.0025655397	0.99743444
0.03214781	0.9678522
0.9409235	0.059076473
0.003301377	0.99669856
0.0058669117	0.99413306
0.9982211	0.0017789071
0.04376679	0.95623314
0.98999804	0.010001891
0.034358937	0.9656411
0.0022041185	0.99779594
0.99757093	0.0024291005
0.99613106	0.0038689794
0.9484083	0.05159173
0.0030203161	0.9969797
0.013292537	0.98670745
0.9593965	0.040603515
0.9983308	0.001669239
0.9981306	0.001869405
0.35073146	0.64926857
0.99414515	0.0058547794
0.045697283	0.9543027
0.0057914513	0.9942086
0.011637452	0.9883626
0.9927255	0.0072744936
0.9977792	0.00222082
0.3227011	0.6772989
0.9951586	0.004841406
0.9956867	0.0043132333
0.997843	0.0021569827
0.98870707	0.011292949
0.99804664	0.001953375
0.0024003636	0.99759966
0.99609935	0.0039005799
0.9962632	0.0037368366
0.02403896	0.9759611
0.073031515	0.9269685
0.022223508	0.9777765
0.0022398375	0.9977602
0.99722713	0.0027728833
0.99607724	0.0039227027
0.96573544	0.0342646
0.0036699171	0.9963301
0.0021255636	0.9978744
0.9608904	0.039109547
0.7332277	0.2667722
0.002431883	0.9975681
0.005022741	0.9949772
0.9963477	0.0036522557
0.99523973	0.004760262
0.9941229	0.0058770664
0.0021651841	0.99783486
0.031422075	0.96857786
0.98547596	0.014524005
0.0021719795	0.99782795
0.003257569	0.9967424
0.99437284	0.005627199
0.0026334694	0.9973666
0.0129004745	0.9870996
0.9287955	0.071204506
0.022175618	0.9778244
0.9983311	0.0016688957
0.031883497	0.9681166
0.028454192	0.97154576
0.016111383	0.9838886
0.014401579	0.9855985
0.9914102	0.008589875
0.0019191112	0.99808085
0.27321574	0.7267843
0.0031419026	0.9968581
0.6921937	0.30780628
0.99441224	0.0055877785
0.9971691	0.002830919
0.0018853338	0.9981147
0.9963973	0.0036027078
0.100707315	0.8992927
0.98922265	0.010777407
0.99492466	0.005075335
0.995767	0.0042329696
0.9940196	0.0059804264
0.9971527	0.0028472398
0.00632013	0.9936799
0.98769146	0.012308545
0.0024043645	0.9975956
0.011015903	0.98898417
0.032323916	0.9676761
0.017386151	0.98261386
0.9946062	0.005393843
0.035173055	0.96482694
0.9919756	0.008024435
0.9882003	0.011799697
0.0028435963	0.9971564
0.9948331	0.0051668636
0.9897814	0.010218658
0.009439687	0.99056035
0.97282887	0.027171122
0.9968823	0.003117715
0.108729295	0.89127076
0.9983607	0.00163924
0.0018362313	0.99816376
0.7135575	0.28644255
0.007727362	0.9922726
0.99425113	0.00574887
0.9957033	0.004296657
0.9887089	0.011291022
0.21057272	0.7894273
0.99004805	0.00995192
0.0018316156	0.99816835
0.0019606417	0.9980394
0.0028386833	0.9971614
0.06748708	0.9325129
0.031935174	0.96806484
0.016735135	0.98326486
0.9864907	0.013509303
0.0040911403	0.99590886
0.009779198	0.9902208
0.0025089253	0.9974911
0.0038937386	0.9961062
0.9973049	0.002695093
0.009313862	0.9906861
0.9844061	0.015593855
0.00413433	0.9958657
0.011432001	0.98856795
0.5983961	0.40160385
0.98651904	0.013480991
0.0023501317	0.99764985
0.9902969	0.009703087
0.996451	0.003548995
0.0025095718	0.9974904
0.0037999062	0.9962
0.9969021	0.0030978923
0.03933164	0.9606684
0.02296146	0.97703856
0.9965413	0.0034586508
0.97145957	0.028540356
0.8504801	0.14952
0.046045173	0.9539549
0.0032542772	0.9967457
0.9918196	0.008180324
0.99707603	0.00292401
0.0032459204	0.9967541
0.8322178	0.16778222
0.96227056	0.037729476
0.987849	0.012151062
0.0018994514	0.9981006
0.03084874	0.96915126
0.9980629	0.0019371076
0.020488225	0.97951174
0.13924098	0.860759
0.9983492	0.0016507752
0.0061041084	0.99389595
0.256919	0.743081
0.0020389694	0.99796104
0.99719244	0.0028076007
0.0017299256	0.99827003
0.9956905	0.0043095206
0.99760276	0.0023972108
0.038661864	0.96133816
0.0019868815	0.99801314
0.9963889	0.0036111702
0.91934794	0.08065206
0.990213	0.009787008
0.033139043	0.9668609
0.9976484	0.0023516214
0.006649933	0.9933501
0.012455722	0.9875443
0.998323	0.0016769951
0.013323235	0.9866767
0.020507379	0.9794926
0.01640501	0.983595
0.99474055	0.00525953
0.121896714	0.87810326
0.99848676	0.0015131868
0.0040411605	0.99595886
0.057779666	0.9422203
0.989164	0.010836089
0.9983119	0.0016880913
0.9937168	0.006283295
0.001908343	0.99809164
0.991293	0.008706979
0.9606841	0.039315894
0.9951084	0.004891562
0.99342877	0.0065712496
0.0029782518	0.99702173
0.101085894	0.8989141
0.9971511	0.00284895
0.9982345	0.001765439
0.9970235	0.0029764357
0.99757415	0.0024258324
0.9940712	0.0059287497
0.0019141182	0.99808586
0.6444468	0.3555532
0.0025338936	0.9974661
0.9462211	0.053778816
0.99717987	0.0028201658
0.43088764	0.56911236
0.0046236175	0.99537635
0.0053976965	0.99460226
0.99843246	0.0015675052
0.9246051	0.07539493
0.0916526	0.90834737
0.0066211605	0.99337876
0.018064303	0.9819357
0.99566996	0.0043300213
0.9974246	0.0025754059
0.0037672138	0.9962328
0.9971097	0.0028903284
0.031587847	0.96841216
0.9967288	0.0032712019
0.0045608133	0.99543923
0.0098270485	0.990173
0.9981799	0.0018201414
0.016703065	0.9832969
0.008101638	0.9918983
0.0021763577	0.9978237
0.0023449904	0.99765503
0.0023610138	0.99763906
0.0028974006	0.99710256
0.9941704	0.005829574
0.0019708755	0.99802905
0.10914091	0.89085907
0.9804027	0.019597342
0.998268	0.0017320111
0.007524174	0.9924758
0.99662316	0.0033768192
0.01890794	0.9810921
0.012451547	0.9875485
0.0037950398	0.99620503
0.99735487	0.0026451843
0.005469233	0.99453074
0.16845417	0.8315458
0.005180661	0.99481934
0.044009864	0.95599014
0.9440224	0.055977553
0.0034909835	0.996509
0.007203977	0.992796
0.9939235	0.0060764905
0.9981988	0.0018012002
0.043995477	0.9560045
0.0020638607	0.9979361
0.9984535	0.0015464806
0.036263842	0.9637361
0.99807054	0.0019294287
0.0059923776	0.9940076
0.9608224	0.039177574
0.89856815	0.101431884
0.9975268	0.0024731949
0.48386025	0.51613975
0.013626718	0.9863733
0.0033496306	0.9966504
0.99849	0.0015100325
0.005663186	0.9943368
0.9973532	0.0026467836
0.998387	0.0016129998
0.920384	0.07961603
0.0481652	0.95183486
0.9902688	0.009731112
0.97062206	0.029377956
0.0019915882	0.99800843
0.012005982	0.9879941
0.9970765	0.0029234563
0.9943416	0.0056584086
0.0026197182	0.9973802
0.98724395	0.012756016
0.012517909	0.9874821
0.99611306	0.0038868776
0.066256255	0.9337437
0.022367153	0.9776328
0.9938938	0.0061061624
0.91244394	0.08755611
0.9981406	0.001859456
0.0039445935	0.99605536
0.015737878	0.9842621
0.0040419996	0.99595803
0.9925333	0.0074666482
0.0019803925	0.9980196
0.018812627	0.98118734
0.9954906	0.0045093643
0.99005604	0.009943927
0.01427853	0.98572147
0.0060881195	0.99391186
0.0092810085	0.990719
0.0029517747	0.9970482
0.99507385	0.004926196
0.018773535	0.98122644
0.039663296	0.9603367
0.010346103	0.9896539
0.032377217	0.96762276
0.9952166	0.0047833784
0.9985342	0.0014658398
0.9879723	0.012027658
0.75291216	0.24708784
0.0017364465	0.99826354
0.4388629	0.5611371
0.030711297	0.96928865
0.024067262	0.9759327
0.0034066087	0.9965934
0.99454015	0.005459889
0.9969964	0.003003623
0.98609287	0.013907158
0.011776788	0.98822325
0.0035790475	0.996421
0.0017738878	0.9982261
0.026902102	0.9730979
0.07400075	0.9259993
0.99732214	0.0026779072
0.0028658775	0.9971341
0.006225256	0.9937748
0.9947582	0.0052418076
0.99697256	0.003027425
0.9982311	0.0017688719
0.0025469894	0.99745303
0.99721646	0.0027835313
0.021919845	0.97808015
0.9897738	0.010226163
0.9800182	0.019981815
0.0061496664	0.99385035
0.010655678	0.9893443
0.9940111	0.005988885
0.04704177	0.9529582
0.9979996	0.0020003791
0.9945708	0.00542925
0.99810046	0.0018995036
0.9792188	0.020781234
0.0021209044	0.99787915
0.0019120313	0.99808794
0.10244965	0.89755034
0.95869094	0.04130904
0.9974813	0.0025187081
0.99752504	0.0024750025
0.26532656	0.7346734
0.9902941	0.009705928
0.023165233	0.97683483
0.9779625	0.022037504
0.0020252531	0.9979747
0.9083416	0.09165839
0.9963881	0.0036119972
0.9766167	0.023383306
0.0037660203	0.996234
0.04437235	0.9556276
0.99835974	0.0016402681
0.04771918	0.95228076
0.011619224	0.9883808
0.9974496	0.0025504213
0.0022101642	0.99778986
0.9950348	0.004965175
0.0042509	0.9957491
0.99733126	0.002668807
0.0021910884	0.9978089
0.99805045	0.0019495729
0.99767274	0.002327284
0.00435201	0.99564797
0.9979381	0.0020619263
0.9750913	0.024908708
0.062390395	0.93760955
0.008544658	0.99145526
0.008869384	0.9911306
0.9975586	0.0024414489
0.005674504	0.99432546
0.9968047	0.0031953114
0.044482883	0.9555171
0.008656756	0.99134326
0.0020266687	0.9979734
0.99747926	0.0025207659
0.0054157614	0.99458426
0.99637234	0.0036276975
0.9975351	0.0024648858
0.010651445	0.98934853
0.99078465	0.009215306
0.99826956	0.001730475
0.04042096	0.959579
0.002013793	0.9979862
0.0022553038	0.9977447
0.9917943	0.008205746
0.010149029	0.989851
0.009942763	0.9900572
0.99746263	0.0025373502
0.0027849583	0.99721503
0.0987192	0.9012808
0.9917745	0.008225527
0.0020402388	0.99795973
0.96770066	0.03229939
0.0018885372	0.9981115
0.98842573	0.011574334
0.9969663	0.003033679
0.91055864	0.08944136
0.9885366	0.011463408
0.0076227067	0.9923773
0.99669373	0.0033062731
0.99502015	0.0049798638
0.0019185322	0.99808145
0.9976661	0.0023339144
0.9849317	0.015068274
0.99748224	0.0025177523
0.001967697	0.9980323
0.9953376	0.004662349
0.994017	0.0059829606
0.0018088043	0.9981912
0.18988183	0.8101182
0.9979849	0.002015113
0.0034573544	0.99654263
0.9983967	0.0016033105
0.050309323	0.94969064
0.9868133	0.013186659
0.99718046	0.002819514
0.9945328	0.005467153
0.006259379	0.9937406
0.99714124	0.002858814
0.96503085	0.034969155
0.0032923047	0.9967077
0.0017855365	0.9982145
0.014702024	0.985298
0.99837625	0.0016237305
0.002923009	0.997077
0.28239253	0.71760744
0.9954846	0.0045154435
0.9966108	0.003389139
0.0065985736	0.99340135
0.006268094	0.9937319
0.9965953	0.0034046667
0.99494606	0.005053979
0.002866368	0.9971336
0.99811673	0.001883261
0.0020071492	0.9979929
0.99794596	0.0020539917
0.99704915	0.0029508516
0.0066377786	0.9933622
0.98806083	0.011939123
0.99475205	0.005247962
0.48467913	0.51532084
0.0020403417	0.9979596
0.568929	0.43107098
0.0025230832	0.9974769
0.990606	0.00939401
0.9895252	0.010474818
0.9984515	0.0015485622
0.024857545	0.9751424
0.94695044	0.053049598
0.0025551391	0.99744487
0.9949445	0.005055523
0.011297912	0.98870206
0.99094313	0.009056933
0.006182	0.993818
0.99775994	0.002240072
0.9976833	0.002316706
0.0027363799	0.99726367
0.06260571	0.93739426
0.09541521	0.90458477
0.9593137	0.040686343
0.995906	0.004094036
0.052905932	0.947094
0.18251406	0.817486
0.054195624	0.9458044
0.0019891171	0.99801093
0.007570323	0.9924297
0.007548738	0.99245125
0.9859914	0.014008525
0.002593731	0.9974063
0.048232436	0.95176756
0.48771164	0.51228833
0.004080565	0.9959194
0.003262181	0.9967378
0.9978173	0.0021826758
0.99729437	0.0027056641
0.0061535896	0.99384636
0.056675803	0.94332427
0.9211069	0.078893095
0.99794406	0.002055977
0.0023201895	0.9976799
0.010383599	0.9896164
0.9967393	0.0032607182
0.9910942	0.008905857
0.0040841284	0.99591583
0.17711264	0.8228874
0.99691975	0.0030802272
0.0024167614	0.99758327
0.055952173	0.9440478
0.99265337	0.0073466613
0.026906999	0.97309303
0.9935207	0.006479269
0.0022976496	0.9977024
0.99581295	0.004186989
0.0020716842	0.99792826
0.03507199	0.964928
0.0035533092	0.99644667
0.0019915428	0.99800843
0.00825658	0.9917434
0.002011169	0.9979888
0.010375293	0.9896247
0.984614	0.015386046
0.0022946761	0.9977054
0.016165925	0.9838341
0.9981535	0.0018464888
0.99650466	0.0034953824
0.9975063	0.002493711
0.0035707275	0.99642926
0.0023354895	0.9976646
0.010998473	0.9890015
0.8841781	0.11582189
0.99847263	0.0015273147
0.012136624	0.9878634
0.99243635	0.007563692
0.20679654	0.7932035
0.99748874	0.00251124
0.020705154	0.97929484
0.119247265	0.88075274
0.09321331	0.90678674
0.9954342	0.0045657214
0.9975	0.0025000398
0.003651298	0.9963486
0.0019501796	0.99804986
0.022972548	0.9770274
0.009827359	0.9901726
0.9976131	0.0023868978
0.0074207718	0.9925793
0.0020120016	0.997988
0.0030568386	0.9969432
0.96271706	0.03728291
0.023234846	0.9767652
0.9980332	0.0019667335
0.0018905074	0.99810946
0.01665772	0.9833423
0.13782376	0.8621763
0.004446737	0.9955532
0.8847153	0.11528466
0.011925839	0.9880741
0.019285826	0.98071414
0.006179299	0.9938207
0.032943025	0.967057
0.0021351846	0.9978648
0.016250515	0.9837495
0.0019409483	0.998059
0.95772237	0.04227767
0.9983637	0.0016363201
0.94415194	0.055848
0.007883435	0.9921165
0.99723697	0.0027630592
0.059394274	0.94060576
0.013817036	0.9861829
0.06891579	0.9310842
0.8199121	0.18008792
0.0031116414	0.99688834
0.0021780957	0.9978219
0.030830514	0.9691695
0.001914766	0.99808526
0.99458224	0.0054177884
0.009170914	0.9908291
0.98818004	0.011819952
0.003177775	0.99682224
0.03976739	0.96023256
0.9838403	0.016159702
0.0035413555	0.9964586
0.585049	0.41495103
0.23671475	0.7632853
0.90184563	0.09815434
0.9980439	0.0019560633
0.0064476444	0.9935523
0.019300295	0.9806997
0.99305785	0.0069421087
0.99451494	0.0054850304
0.92022	0.07977998
0.9900137	0.009986324
0.9981958	0.0018042069
0.9540319	0.04596805
0.0037891204	0.99621093
0.0026319819	0.99736804
0.9982607	0.0017393228
0.006377585	0.9936225
0.9947119	0.0052881017
0.9950991	0.0049009295
0.0029788779	0.99702114
0.9846106	0.015389383
0.99557024	0.0044297297
0.99725455	0.0027454146
0.99842024	0.0015797963
0.041928243	0.95807177
0.004162068	0.9958379
0.001973248	0.99802667
0.9974807	0.0025192853
0.9977696	0.0022304305
0.013216744	0.98678327
0.12057711	0.87942284
0.0042803297	0.99571973
0.21620034	0.78379965
0.9981527	0.0018473372
0.023762561	0.9762374
0.9852476	0.01475234
0.0020846725	0.9979153
0.0048844386	0.9951155
0.0019903488	0.9980096
0.017398775	0.9826012
0.9960484	0.0039516366
0.019668862	0.9803311
0.9958825	0.0041175107
0.8203777	0.17962234
0.0024665173	0.99753344
0.002364101	0.99763584
0.9543263	0.04567378
0.99689543	0.0031045468
0.1373299	0.86267006
0.052252628	0.9477474
0.002232316	0.9977677
0.99822384	0.001776103
0.0021461227	0.9978538
0.99760336	0.0023967046
0.002001033	0.9979989
0.029903365	0.97009665
0.013550722	0.9864493
0.0025617944	0.9974382
0.0018141114	0.9981858
0.0064299693	0.99356997
0.0022022452	0.9977977
0.9980165	0.0019834747
0.012415294	0.98758477
0.9946197	0.005380308
0.9695403	0.030459665
0.989674	0.010326082
0.022142746	0.97785723
0.9933703	0.006629653
0.03558643	0.9644136
0.05319062	0.94680935
0.86412907	0.13587095
0.9972258	0.0027741415
0.96654284	0.033457182
0.01742094	0.9825791
0.99663603	0.0033639467
0.9982622	0.0017377969
0.9953376	0.0046623447
0.078634955	0.9213651
0.9951141	0.004885902
0.9731881	0.026811847
0.021019178	0.97898084
0.98593324	0.014066795
0.99839383	0.0016061156
0.26123622	0.73876375
0.99734455	0.0026554146
0.09179352	0.90820646
0.83395356	0.1660464
0.992239	0.007761013
0.0018073492	0.9981926
0.0021039234	0.9978961
0.043603245	0.9563968
0.0020085282	0.99799144
0.99732804	0.002672002
0.0027755427	0.99722445
0.9844563	0.015543773
0.0035177222	0.99648225
0.7800364	0.2199636
0.0030563504	0.99694365
0.99583274	0.004167309
0.983362	0.016637985
0.9983765	0.0016235327
0.043328524	0.9566714
0.0024363606	0.9975636
0.99730563	0.002694337
0.0019661179	0.99803394
0.0020309573	0.997969
0.020283239	0.9797167
0.22289112	0.7771089
0.998245	0.0017549893
0.0019197562	0.99808025
0.11016269	0.88983727
0.0028388815	0.99716115
0.0021430186	0.9978569
0.04607685	0.9539232
0.0051019397	0.994898
0.98695046	0.013049604
0.99802834	0.0019715978
0.003933746	0.9960663
0.008033704	0.99196637
0.0018537889	0.9981462
0.99598455	0.0040154564
0.9918724	0.008127621
0.0065773283	0.9934227
0.9979219	0.0020781346
0.0059191273	0.99408084
0.065158874	0.9348411
0.9959459	0.0040541883
0.09845512	0.90154487
0.9910383	0.008961648
0.99698323	0.0030167056
0.9366002	0.06339985
0.002143072	0.9978569
0.15463518	0.84536487
0.006691646	0.9933083
0.9942814	0.0057185516
0.99734145	0.0026585106
0.008488204	0.99151176
0.0051543145	0.9948456
0.0065659503	0.9934341
0.033681553	0.9663185
0.9953407	0.0046592876
0.99733716	0.0026628505
0.99334323	0.006656794
0.0018152844	0.99818474
0.99594456	0.004055449
0.026281575	0.97371846
0.04956848	0.95043147
0.0018680478	0.99813193
0.0019335137	0.9980665
0.9983736	0.0016263175
0.011722904	0.98827714
0.079425655	0.9205743
0.9829959	0.0170041
0.018584985	0.9814151
0.0023992565	0.99760073
0.0066601713	0.99333984
0.02026019	0.97973984
0.99617106	0.0038288895
0.9860175	0.013982555
0.12480884	0.8751912
0.009151924	0.99084806
0.0043105436	0.99568945
0.0090494985	0.99095047
0.023162391	0.97683764
0.0023742893	0.99762577
0.002247938	0.997752
0.0022377647	0.9977622
0.9949162	0.0050838515
0.89754355	0.10245646
0.0022397626	0.9977602
0.9955266	0.0044734017
0.0032091101	0.9967908
0.9957468	0.0042532017
0.0043078265	0.9956922
0.2749238	0.7250762
0.9982364	0.001763519
0.85887235	0.14112766
0.031393554	0.9686064
0.9981078	0.0018921483
0.002671622	0.9973284
0.9284454	0.07155463
0.0027241805	0.99727577
0.078817494	0.9211826
0.9981949	0.001805187
0.9957681	0.004231913
0.049720302	0.95027965
0.9632949	0.036705125
0.0020318583	0.99796814
0.998164	0.0018360629
0.99330854	0.0066914503
0.9983896	0.0016103649
0.03913828	0.9608617
0.9976476	0.0023524472
0.08524865	0.9147513
0.031559266	0.96844065
0.0027757185	0.99722433
0.0021199763	0.9978801
0.9979893	0.002010649
0.002251888	0.9977481
0.9971482	0.002851795
0.005363461	0.9946365
0.017613323	0.9823867
0.87250876	0.12749127
0.99623674	0.003763268
0.0022061896	0.9977938
0.9975647	0.0024353224
0.008008507	0.99199146
0.9976146	0.0023853965
0.0028424582	0.9971576
0.95042574	0.04957419
0.012193525	0.9878065
0.0041755107	0.99582446
0.95863366	0.041366383
0.99379987	0.0062001674
0.9977429	0.0022571438
0.003630865	0.9963691
0.007553426	0.99244654
0.9951212	0.0048788125
0.9961903	0.0038097173
0.37268138	0.6273187
0.092578866	0.9074212
0.94359845	0.05640155
0.9941995	0.0058005354
0.017894167	0.98210585
0.9606248	0.03937515
0.006597021	0.993403
0.96885383	0.031146161
0.99188894	0.008111098
0.9925135	0.007486442
0.9977266	0.0022733447
0.99675	0.003249977
0.99757725	0.0024227418
0.02673721	0.9732627
0.9980361	0.0019639381
0.020846281	0.97915375
0.0019074959	0.9980925
0.99772745	0.002272498
0.9982383	0.0017616062
0.99521387	0.0047861803
0.9932929	0.006707055
0.052960914	0.94703907
0.98907673	0.01092326
0.9970662	0.0029337825
0.99627006	0.003729941
0.21099246	0.78900754
0.0024611857	0.9975388
0.0043460513	0.995654
0.0019627253	0.9980373
0.99263567	0.007364368
0.984469	0.015530986
0.9902794	0.009720605
0.0078152465	0.9921848
0.040492594	0.95950747
0.98702383	0.0129762115
0.9970974	0.0029026014
0.0026918522	0.99730814
0.92873013	0.07126985
0.0024547824	0.9975452
0.9909343	0.009065641
0.0020592099	0.9979407
0.016087508	0.9839125
0.9968562	0.00314374
0.015724063	0.98427594
0.024944775	0.9750553
0.0041444185	0.9958555
0.040265005	0.95973504
0.997983	0.002016957
0.679847	0.32015294
0.028051443	0.97194856
0.0081961155	0.9918039
0.057092465	0.9429075
0.99689853	0.003101529
0.9975272	0.002472842
0.9937495	0.006250496
0.08123121	0.91876876
0.05518188	0.9448181
0.0023615246	0.99763846
0.0028603124	0.9971397
0.00187694	0.998123
0.39035106	0.6096489
0.04204964	0.9579503
0.0019727384	0.99802727
0.9752999	0.02470008
0.011228021	0.988772
0.0018542011	0.9981458
0.003758762	0.9962412
0.998298	0.0017019727
0.99712914	0.0028708577
0.008839138	0.99116087
0.0052339556	0.994766
0.056333657	0.94366634
0.6460523	0.35394767
0.99083066	0.009169306
0.9979329	0.0020671568
0.992993	0.0070070624
0.0021632789	0.99783677
0.97133183	0.028668147
0.9868487	0.013151314
0.07506498	0.924935
0.03585647	0.9641435
0.020229772	0.9797702
0.029612575	0.9703874
0.23429798	0.765702
0.009006105	0.9909939
0.99563545	0.0043645883
0.9647419	0.03525814
0.023380693	0.9766193
0.98374534	0.016254693
0.012393224	0.9876068
0.99663734	0.003362639
0.987899	0.012101023
0.75611496	0.24388503
0.99820817	0.0017917838
0.918723	0.081276946
0.9886541	0.011345914
0.25119367	0.74880636
0.98573977	0.014260179
0.9860059	0.013994056
0.01090148	0.98909855
0.28770095	0.712299
0.62557584	0.37442413
0.0033821964	0.99661785
0.020121261	0.9798788
0.0033902733	0.99660975
0.0021477796	0.9978522
0.9972989	0.0027010604
0.043728966	0.956271
0.045287795	0.95471215
0.021084359	0.97891563
0.0029052952	0.99709475
0.9965946	0.0034053542
0.98994887	0.010051077
0.97916996	0.020830004
0.9907659	0.009234134
0.0062216516	0.99377835
0.95978576	0.040214207
0.0033219573	0.9966781
0.0019260966	0.99807394
0.99744296	0.00255701
0.0018929609	0.9981071
0.006778956	0.99322104
0.99833834	0.0016616515
0.0032013557	0.99679863
0.9940018	0.0059982147
0.01868707	0.9813129
0.99798405	0.0020158782
0.0043764277	0.9956235
0.00340263	0.99659735
0.89025664	0.10974337
0.998376	0.0016240058
0.9962727	0.0037273318
0.99762076	0.002379228
0.009972756	0.99002725
0.0019236086	0.99807644
0.99816126	0.0018387502
0.9973334	0.0026666538
0.9980768	0.001923237
0.021533113	0.97846687
0.09616105	0.90383893
0.99483216	0.0051678633
0.009147956	0.99085206
0.18595669	0.8140433
0.10704151	0.89295846
0.04840453	0.9515955
0.048495263	0.9515047
0.0020538573	0.9979462
0.98970187	0.010298143
0.99685436	0.0031456472
0.195972	0.80402803
0.002074702	0.9979253
0.9884334	0.011566541
0.009836621	0.9901634
0.048204526	0.9517955
